0 0.12265625 0.24453125 0.040625 0.21328125
0 0.67109375 0.26328125 0.03515625 0.20625
0 0.71796875 0.478125 0.06953125 0.39140625
0 0.83203125 0.19140625 0.025 0.13671875
0 0.75390625 0.153125 0.01875 0.10546875
0 0.56328125 0.16640625 0.01953125 0.125
0 0.7828125 0.1640625 0.0203125 0.1140625
0 0.9265625 0.525 0.08515625 0.42421875
0 0.9671875 0.26328125 0.03828125 0.19453125
0 0.71328125 0.14453125 0.01640625 0.1
0 0.6875 0.14375 0.0171875 0.10078125
0 0.75234375 0.17890625 0.02265625 0.12890625
0 0.9453125 0.27421875 0.040625 0.20546875
0 0.81171875 0.20703125 0.02734375 0.15078125
0 0.47890625 0.18125 0.02109375 0.14296875
0 0.7859375 0.19296875 0.025 0.13984375
0 0.8265625 0.18828125 0.02421875 0.134375
0 0.909375 0.19140625 0.02578125 0.13359375
0 0.7609375 0.18671875 0.02421875 0.13515625
0 0.85546875 0.1859375 0.02421875 0.13125
0 0.4453125 0.18046875 0.0203125 0.14296875
0 0.86015625 0.20859375 0.028125 0.15