0 0.8421875 0.23828125 0.0328125 0.178125
0 0.58984375 0.27421875 0.03515625 0.2203125
0 0.784375 0.16953125 0.02109375 0.11953125
0 0.684375 0.2 0.02578125 0.15
0 0.02734375 0.82890625 0.05390625 0.33984375
0 0.62109375 0.14921875 0.01796875 0.10703125
0 0.909375 0.24453125 0.03515625 0.18046875
0 0.8328125 0.24140625 0.03359375 0.18046875
0 0.6453125 0.175 0.02109375 0.1296875
0 0.96015625 0.25 0.03671875 0.18359375
0 0.80546875 0.24375 0.03359375 0.18359375
0 0.6484375 0.1484375 0.0171875 0.10625
0 0.1390625 0.246875 0.03984375 0.2140625
0 0.61484375 0.29921875 0.0390625 0.240625
0 0.72578125 0.1890625 0.02421875 0.1390625