0 0.7546875 0.16640625 0.0203125 0.11796875
0 0.7296875 0.16640625 0.0203125 0.11796875
0 0.75859375 0.15625 0.01953125 0.10859375
0 0.7375 0.1484375 0.01796875 0.103125
0 0.871875 0.2390625 0.03359375 0.1765625
0 0.853125 0.24453125 0.03359375 0.18359375
0 0.734375 0.15703125 0.01953125 0.11015625
0 0.12109375 0.246875 0.04140625 0.21484375
0 0.79296875 0.1546875 0.01875 0.10546875
0 0.7296875 0.22890625 0.03046875 0.17421875
0 0.771875 0.153125 0.01875 0.1046875
0 0.8296875 0.1546875 0.01875 0.10390625
0 0.51953125 0.19453125 0.02265625 0.153125
0 0.55 0.215625 0.02578125 0.16953125
0 0.87578125 0.23046875 0.03203125 0.16953125
0 0.859375 0.25390625 0.0359375 0.190625
0 0.7875 0.24140625 0.0328125 0.18203125
0 0.003125 0.315625 0.00625 0.28046875
0 0.6796875 0.265625 0.03515625 0.20859375