0 0.2796875 0.7546875 0.12890625 0.4890625
0 0.8515625 0.21875 0.03046875 0.159375
0 0.7046875 0.15625 0.01875 0.1109375
0 0.9234375 0.20625 0.028125 0.14609375
0 0.82578125 0.19140625 0.025 0.13671875
0 0.690625 0.171875 0.02109375 0.12578125
0 0.6375 0.1421875 0.01640625 0.10078125
0 0.62578125 0.1609375 0.01953125 0.11875
0 0.36171875 0.30625 0.0375 0.25703125
0 0.66015625 0.17109375 0.02109375 0.12578125
0 0.8046875 0.2203125 0.0296875 0.16328125
0 0.71171875 0.16953125 0.02109375 0.1234375
0 0.92265625 0.27109375 0.03984375 0.20390625
0 0.94296875 0.19765625 0.02734375 0.13828125
0 0.6 0.16171875 0.01953125 0.1203125
0 0.93125 0.2 0.02734375 0.140625