0 0.471875 0.20625 0.02421875 0.1640625
0 0.62421875 0.16484375 0.01953125 0.121875
0 0.9140625 0.25546875 0.03671875 0.18984375
0 0.67109375 0.171875 0.02109375 0.12578125
0 0.79609375 0.18828125 0.02421875 0.13515625
0 0.8265625 0.2234375 0.03046875 0.16484375
0 0.8359375 0.196875 0.02578125 0.14140625
0 0.96171875 0.26171875 0.03828125 0.19453125
0 0.765625 0.2140625 0.02890625 0.16015625
0 0.91953125 0.19296875 0.02578125 0.13359375
0 0.9375 0.20078125 0.02734375 0.140625
0 0.76640625 0.18203125 0.0234375 0.13046875
0 0.83046875 0.18984375 0.025 0.13515625
0 0.85859375 0.22421875 0.03125 0.16484375