0 0.515625 0.2859375 0.0359375 0.23203125
0 0.884375 0.23984375 0.03359375 0.178125
0 0.8203125 0.1765625 0.02265625 0.12421875
0 0.746875 0.19921875 0.02578125 0.14609375
0 0.8390625 0.51484375 0.0796875 0.41875
0 0.33359375 0.609375 0.08125 0.51953125
0 0.91484375 0.23984375 0.03359375 0.17578125
0 0.28359375 0.52265625 0.0734375 0.446875
0 0.4359375 0.31875 0.03828125 0.26484375
0 0.71484375 0.1578125 0.01953125 0.11171875
0 0.5 0.25078125 0.03046875 0.203125
0 0.51484375 0.30546875 0.03828125 0.25
0 0.8875 0.19296875 0.02578125 0.1359375
0 0.7828125 0.18203125 0.0234375 0.13046875
0 0.46953125 0.88984375 0.18359375 0.21875
0 0.8875 0.1890625 0.02578125 0.13203125
0 0.09140625 0.2484375 0.04296875 0.21796875
0 0.44609375 0.2921875 0.03515625 0.24140625
0 0.80390625 0.18203125 0.0234375 0.1296875
0 0.93203125 0.22734375 0.03203125 0.1640625
0 0.01796875 0.73203125 0.0359375 0.53359375
0 0.7171875 0.19921875 0.02578125 0.14921875
0 0.44375 0.5265625 0.06640625 0.44453125
0 0.68671875 0.26171875 0.03515625 0.20546875
0 0.06328125 0.703125 0.12578125 0.59140625
0 0.58359375 0.296875 0.03828125 0.240625
0 0.396875 0.48828125 0.0609375 0.4140625