0 0.61015625 0.25546875 0.03359375 0.2015625
0 0.4921875 0.2515625 0.03046875 0.203125
0 0.78828125 0.1765625 0.02265625 0.12578125
0 0.14921875 0.25546875 0.04140625 0.221875
0 0.56640625 0.2265625 0.028125 0.1796875
0 0.64921875 0.26171875 0.034375 0.20703125
0 0.8546875 0.20703125 0.028125 0.14921875
0 0.775 0.22890625 0.03046875 0.171875
0 0.84609375 0.2390625 0.03359375 0.17890625
0 0.009375 0.340625 0.01875 0.303125
0 0.5234375 0.3109375 0.0390625 0.25546875
0 0.0046875 0.315625 0.00859375 0.28125
0 0.45703125 0.315625 0.03828125 0.2609375
0 0.76015625 0.17578125 0.02265625 0.125
0 0.31953125 0.3078125 0.03984375 0.26015625
0 0.15625 0.26640625 0.0421875 0.23046875
0 0.4546875 0.29375 0.0359375 0.24296875
0 0.5203125 0.284375 0.0359375 0.23203125
0 0.790625 0.22265625 0.0296875 0.165625
0 0.878125 0.20625 0.02734375 0.146875
0 0.5 0.21015625 0.025 0.16640625
0 0.80234375 0.35625 0.05234375 0.28359375
0 0.1890625 0.3015625 0.04609375 0.26015625
0 0.9140625 0.2125 0.0296875 0.153125
0 0.5828125 0.29765625 0.03828125 0.23984375
0 0.78359375 0.34921875 0.05078125 0.278125
0 0.82578125 0.22578125 0.03046875 0.16796875