0 0.446875 0.29296875 0.03515625 0.24140625
0 0.95859375 0.23125 0.03359375 0.16640625
0 0.2921875 0.29609375 0.03984375 0.25078125
0 0.6078125 0.25546875 0.03359375 0.2015625
0 0.78671875 0.221875 0.03046875 0.165625
0 0.40390625 0.19375 0.021875 0.15546875
0 0.7359375 0.16328125 0.0203125 0.11484375
0 0.4921875 0.2515625 0.03046875 0.203125
0 0.75546875 0.16171875 0.01953125 0.11328125
0 0.5234375 0.3109375 0.0390625 0.25546875
0 0.45703125 0.315625 0.03828125 0.2609375
0 0.828125 0.2265625 0.03046875 0.16875
0 0.84609375 0.2390625 0.03359375 0.17890625
0 0.8765625 0.18828125 0.02421875 0.13203125
0 0.5203125 0.284375 0.0359375 0.23203125
0 0.4421875 0.2078125 0.02421875 0.16796875
0 0.775 0.22890625 0.03046875 0.171875
0 0.646875 0.2625 0.034375 0.20625
0 0.1578125 0.278125 0.04453125 0.24140625
0 0.57578125 0.37578125 0.05 0.30859375
0 0.02734375 0.30078125 0.0546875 0.265625
0 0.61171875 0.3984375 0.05390625 0.328125
0 0.5828125 0.29765625 0.03828125 0.23984375
0 0.021875 0.290625 0.04375 0.259375
0 0.9046875 0.22578125 0.03203125 0.1640625