0 0.92890625 0.24140625 0.034375 0.1765625
0 0.78046875 0.153125 0.01875 0.10390625
0 0.8203125 0.18203125 0.0234375 0.12890625
0 0.7375 0.15625 0.01875 0.10859375
0 0.659375 0.17265625 0.02109375 0.1265625
0 0.8609375 0.20390625 0.02734375 0.146875
0 0.71640625 0.16875 0.02109375 0.12109375
0 0.43125 0.22578125 0.0265625 0.18359375
0 0.390625 0.221875 0.02578125 0.18125
0 0.925 0.18984375 0.02578125 0.13125
0 0.60078125 0.16015625 0.01875 0.11875
0 0.12265625 0.24609375 0.040625 0.21484375
0 0.8890625 0.24609375 0.03515625 0.18203125
0 0.73046875 0.18671875 0.0234375 0.1359375
0 0.74375 0.16953125 0.02109375 0.12109375
0 0.7609375 0.1515625 0.01796875 0.10390625
0 0.4578125 0.1734375 0.01953125 0.1359375
0 0.80234375 0.22890625 0.03125 0.1703125
0 0.83671875 0.1625 0.0203125 0.11015625
0 0.94140625 0.2359375 0.03359375 0.171875
0 0.68984375 0.265625 0.03515625 0.20859375
0 0.8765625 0.23125 0.03203125 0.1703125