0 0.5265625 0.35 0.0453125 0.2890625
0 0.85078125 0.2140625 0.02890625 0.15546875
0 0.92265625 0.22890625 0.03203125 0.165625
0 0.81328125 0.20703125 0.02734375 0.15078125
0 0.93828125 0.265625 0.03828125 0.196875
0 0.9625 0.26015625 0.03828125 0.19296875
0 0.6578125 0.7125 0.10703125 0.5734375
0 0.78515625 0.21015625 0.028125 0.15546875
0 0.73125 0.1515625 0.01796875 0.10546875
0 0.7109375 0.15234375 0.01796875 0.10625
0 0.9359375 0.19453125 0.0265625 0.1359375
0 0.58671875 0.3390625 0.04453125 0.27578125
0 0.92421875 0.1984375 0.02734375 0.1390625
0 0.11796875 0.24453125 0.040625 0.2140625
0 0.76171875 0.23671875 0.03203125 0.1796875
0 0.64453125 0.16953125 0.02109375 0.12421875
0 0.7375 0.28984375 0.03984375 0.228125
0 0.803125 0.23203125 0.03203125 0.17421875
0 0.6640625 0.22109375 0.02890625 0.16953125
0 0.76796875 0.1609375 0.01953125 0.11171875