0 0.67265625 0.26171875 0.03515625 0.20546875
0 0.734375 0.153125 0.01875 0.10625
0 0.78671875 0.1640625 0.0203125 0.11484375
0 0.01484375 0.3234375 0.02890625 0.28671875
0 0.5234375 0.30859375 0.0390625 0.2515625
0 0.53515625 0.603125 0.08125 0.50625
0 0.959375 0.32265625 0.04921875 0.246875
0 0.76796875 0.75390625 0.1359375 0.490625
0 0.45078125 0.32265625 0.03984375 0.26796875
0 0.79296875 0.19140625 0.025 0.13828125
0 0.84609375 0.2078125 0.028125 0.15078125
0 0.96796875 0.2515625 0.03671875 0.184375
0 0.7828125 0.209375 0.02734375 0.1546875
0 0.88203125 0.1734375 0.02265625 0.11875
0 0.90625 0.55 0.08828125 0.44609375
0 0.7109375 0.15078125 0.01796875 0.1046875
0 0.80234375 0.16328125 0.02109375 0.11328125
0 0.646875 0.20078125 0.02578125 0.153125
0 0.084375 0.25 0.04296875 0.21875
0 0.65390625 0.16484375 0.0203125 0.1203125
0 0.44140625 0.29296875 0.03515625 0.24140625
0 0.515625 0.2859375 0.0359375 0.23203125
0 0.75859375 0.15390625 0.01796875 0.10625
0 0.7859375 0.15859375 0.01953125 0.109375
0 0.58359375 0.296875 0.03828125 0.240625
0 0.50234375 0.2515625 0.03046875 0.203125