0 0.0875 0.2484375 0.04296875 0.21796875
0 0.9328125 0.203125 0.02734375 0.14296875
0 0.8640625 0.2015625 0.02734375 0.14453125
0 0.5875 0.29921875 0.0390625 0.24140625
0 0.70078125 0.47578125 0.06875 0.390625
0 0.765625 0.23515625 0.03203125 0.178125
0 0.25625 0.896875 0.20859375 0.20390625
0 0.37734375 0.728125 0.10546875 0.54140625
0 0.77734375 0.4265625 0.06328125 0.3453125
0 0.496875 0.25 0.03046875 0.2015625
0 0.86328125 0.21484375 0.02890625 0.15546875
0 0.24921875 0.73515625 0.12265625 0.528125
0 0.02265625 0.7296875 0.0453125 0.5375
0 0.23125 0.809375 0.16640625 0.3796875
0 0.7125 0.15078125 0.01796875 0.10546875
0 0.434375 0.3140625 0.03828125 0.26171875
0 0.67265625 0.13984375 0.01640625 0.09609375
0 0.50234375 0.76953125 0.1265625 0.45859375
0 0.7203125 0.178125 0.02265625 0.12890625
0 0.5171875 0.31328125 0.03984375 0.25625
0 0.45 0.29609375 0.0359375 0.24453125
0 0.8546875 0.2171875 0.0296875 0.15859375
0 0.7203125 0.23203125 0.03046875 0.178125
0 0.06875 0.7015625 0.1296875 0.5953125
0 0.51484375 0.28671875 0.0359375 0.23359375
0 0.84296875 0.45390625 0.06953125 0.36640625
0 0.7546875 0.5359375 0.08046875 0.43984375
0 0.684375 0.2609375 0.034375 0.20390625
0 0.93046875 0.1984375 0.02734375 0.1390625