0 0.83203125 0.16796875 0.02109375 0.11484375
0 0.440625 0.3203125 0.0390625 0.26640625
0 0.48046875 0.17578125 0.0203125 0.1359375
0 0.0953125 0.2484375 0.0421875 0.21640625
0 0.75 0.1578125 0.01953125 0.11015625
0 0.5140625 0.28515625 0.0359375 0.23359375
0 0.6265625 0.18125 0.02265625 0.1359375
0 0.76953125 0.16015625 0.01953125 0.1109375
0 0.828125 0.1640625 0.02109375 0.11328125
0 0.51640625 0.309375 0.0390625 0.2546875
0 0.5828125 0.29375 0.03828125 0.23671875
0 0.7375 0.165625 0.0203125 0.11875
0 0.4921875 0.47890625 0.06171875 0.403125
0 0.50078125 0.25078125 0.03046875 0.203125
0 0.75703125 0.165625 0.02109375 0.11640625
0 0.54765625 0.59375 0.08046875 0.496875
0 0.021875 0.32578125 0.04375 0.2890625
0 0.7984375 0.16171875 0.01953125 0.1109375
0 0.68125 0.6828125 0.10078125 0.56796875
0 0.815625 0.31640625 0.04609375 0.2484375
0 0.58046875 0.4984375 0.06796875 0.415625
0 0.44609375 0.29375 0.03515625 0.24296875
0 0.4890625 0.1890625 0.02265625 0.14921875
0 0.68203125 0.2625 0.03515625 0.20625
0 0.73828125 0.19453125 0.025 0.14375
0 0.93828125 0.2015625 0.02734375 0.14140625
0 0.64921875 0.171875 0.02109375 0.1265625