0 0.8609375 0.38203125 0.0578125 0.30390625
0 0.6 0.3140625 0.04140625 0.25390625
0 0.88203125 0.25078125 0.03515625 0.18671875
0 0.9390625 0.19921875 0.02734375 0.13984375
0 0.79609375 0.20078125 0.02578125 0.1453125
0 0.6546875 0.15546875 0.01796875 0.11171875
0 0.6875 0.26328125 0.03515625 0.20546875
0 0.7703125 0.15546875 0.01953125 0.10703125
0 0.54609375 0.259375 0.0328125 0.20859375
0 0.7 0.14609375 0.01796875 0.10078125
0 0.053125 0.26953125 0.0484375 0.23671875
0 0.80078125 0.3765625 0.05546875 0.30078125
0 0.9359375 0.20390625 0.02734375 0.14296875
0 0.73125 0.146875 0.0171875 0.10078125
0 0.08828125 0.24921875 0.04296875 0.21875
0 0.33046875 0.48125 0.06328125 0.41015625
0 0.590625 0.16484375 0.01953125 0.121875
0 0.78359375 0.18359375 0.0234375 0.13125
0 0.025 0.73125 0.04921875 0.5359375
0 0.67265625 0.15703125 0.01953125 0.11328125
0 0.0265625 0.5875 0.053125 0.5140625
0 0.746875 0.14609375 0.01796875 0.1
0 0.75859375 0.16328125 0.0203125 0.11484375
0 0.80703125 0.184375 0.0234375 0.13125
0 0.52265625 0.31015625 0.0390625 0.25390625
0 0.44375 0.284375 0.03359375 0.23515625
0 0.6140625 0.15390625 0.01796875 0.1109375
0 0.0828125 0.69765625 0.125 0.603125
0 0.39375 0.3109375 0.03671875 0.26015625
0 0.5171875 0.28828125 0.0359375 0.23515625
0 0.1484375 0.63359375 0.10546875 0.546875
0 0.93125 0.49140625 0.07890625 0.39453125