0 0.9328125 0.19921875 0.0265625 0.1390625
0 0.74609375 0.159375 0.01953125 0.1109375
0 0.77734375 0.21875 0.02890625 0.1640625
0 0.7890625 0.2125 0.028125 0.15625
0 0.684375 0.15390625 0.01796875 0.109375
0 0.94453125 0.19765625 0.0265625 0.13828125
0 0.815625 0.21875 0.0296875 0.1609375
0 0.76171875 0.15859375 0.01953125 0.109375
0 0.79765625 0.3859375 0.05703125 0.309375
0 0.615625 0.153125 0.01796875 0.11171875
0 0.7453125 0.19375 0.02421875 0.14296875
0 0.71484375 0.19296875 0.025 0.14296875
0 0.7234375 0.159375 0.01953125 0.11328125
0 0.7078125 0.17109375 0.02109375 0.12421875
0 0.6875 0.16953125 0.02109375 0.1234375
0 0.7328125 0.171875 0.02109375 0.1234375