0 0.68046875 0.26171875 0.03515625 0.20546875
0 0.7671875 0.75546875 0.13671875 0.48828125
0 0.8953125 0.22578125 0.03203125 0.1640625
0 0.44453125 0.29375 0.03515625 0.24296875
0 0.7859375 0.15703125 0.01953125 0.10703125
0 0.41171875 0.60859375 0.07734375 0.515625
0 0.740625 0.16953125 0.02109375 0.1203125
0 0.01484375 0.3265625 0.0296875 0.290625
0 0.6765625 0.18203125 0.02265625 0.134375
0 0.77421875 0.5875 0.08984375 0.48203125
0 0.78515625 0.1640625 0.02109375 0.1140625
0 0.50078125 0.25078125 0.03046875 0.203125
0 0.45546875 0.31640625 0.0390625 0.26328125
0 0.5328125 0.31015625 0.0390625 0.25390625
0 0.084375 0.25 0.04296875 0.21875
0 0.58515625 0.29765625 0.0390625 0.23984375
0 0.85703125 0.24921875 0.03515625 0.18828125
0 0.96015625 0.31875 0.04921875 0.24375
0 0.778125 0.15703125 0.01953125 0.10859375
0 0.515625 0.2859375 0.0359375 0.23203125
0 0.8265625 0.15859375 0.01953125 0.10703125
0 0.646875 0.20546875 0.02578125 0.15625
0 0.746875 0.178125 0.02265625 0.12890625