0 0.57109375 0.2265625 0.028125 0.17890625
0 0.6390625 0.1671875 0.01953125 0.1234375
0 0.6796875 0.26171875 0.03515625 0.2046875
0 0.66171875 0.16484375 0.01953125 0.1203125
0 0.828125 0.23125 0.03203125 0.171875
0 0.5234375 0.27890625 0.03515625 0.22578125
0 0.10390625 0.246875 0.04140625 0.215625
0 0.2359375 0.2078125 0.0296875 0.175
0 0.58984375 0.303125 0.03984375 0.2453125
0 0.6328125 0.14921875 0.01796875 0.10703125
0 0.77265625 0.159375 0.01953125 0.11015625
0 0.590625 0.27890625 0.0359375 0.22421875
0 0.6625 0.15078125 0.01796875 0.10703125
0 0.5375 0.3046875 0.03828125 0.2484375
0 0.35234375 0.215625 0.02578125 0.178125
0 0.8640625 0.19296875 0.02578125 0.1359375
0 0.76328125 0.190625 0.02421875 0.1390625
0 0.46015625 0.3171875 0.03828125 0.26171875
0 0.6890625 0.165625 0.01953125 0.1203125
0 0.83125 0.19140625 0.025 0.13671875
0 0.79140625 0.19140625 0.025 0.1390625
0 0.740625 0.14609375 0.0171875 0.1