0 0.73046875 0.1484375 0.01796875 0.1015625
0 0.0140625 0.3265625 0.02734375 0.28984375
0 0.5359375 0.3109375 0.03984375 0.25390625
0 0.50078125 0.2515625 0.03046875 0.203125
0 0.76484375 0.17890625 0.02265625 0.12890625
0 0.459375 0.31796875 0.0390625 0.26328125
0 0.7828125 0.1578125 0.01953125 0.10859375
0 0.715625 0.14609375 0.01796875 0.10078125
0 0.78515625 0.1640625 0.02109375 0.1140625
0 0.67109375 0.26171875 0.03515625 0.20546875
0 0.8 0.19453125 0.02578125 0.14140625
0 0.75625 0.14921875 0.01796875 0.1015625
0 0.6640625 0.17109375 0.02109375 0.12578125
0 0.65234375 0.2015625 0.02578125 0.153125
0 0.084375 0.25 0.04296875 0.21875
0 0.93359375 0.23984375 0.034375 0.17578125
0 0.58515625 0.29765625 0.0390625 0.23984375
0 0.86484375 0.53671875 0.084375 0.4359375
0 0.77421875 0.7546875 0.13671875 0.4890625
0 0.80546875 0.22265625 0.03046875 0.165625
0 0.47109375 0.62578125 0.08125 0.5265625
0 0.515625 0.2859375 0.0359375 0.23203125
0 0.95703125 0.32265625 0.04921875 0.246875
0 0.44296875 0.29375 0.03515625 0.24296875
0 0.86171875 0.16640625 0.02109375 0.11328125
0 0.8 0.1625 0.0203125 0.11171875