0 0.49140625 0.28984375 0.03515625 0.23671875
0 0.79296875 0.1734375 0.02265625 0.121875
0 0.7421875 0.14609375 0.0171875 0.09921875
0 0.96484375 0.26796875 0.03984375 0.19921875
0 0.634375 0.15390625 0.01796875 0.1109375
0 0.8609375 0.16640625 0.02109375 0.11328125
0 0.53671875 0.30390625 0.03828125 0.2484375
0 0.8171875 0.17578125 0.02265625 0.1234375
0 0.75859375 0.1734375 0.021875 0.12421875
0 0.9171875 0.19453125 0.0265625 0.1359375
0 0.52578125 0.23984375 0.0296875 0.19296875
0 0.58984375 0.303125 0.03984375 0.2453125
0 0.25625 0.2078125 0.02890625 0.175
0 0.88515625 0.35546875 0.05390625 0.2796875
0 0.7890625 0.22265625 0.0296875 0.165625
0 0.1015625 0.24609375 0.04140625 0.21484375
0 0.5890625 0.278125 0.0359375 0.2234375
0 0.878125 0.29375 0.04296875 0.225
0 0.9 0.27109375 0.0390625 0.2046875
0 0.6875 0.26171875 0.03515625 0.2046875
0 0.6078125 0.15390625 0.01796875 0.11328125
0 0.653125 0.15546875 0.01875 0.11171875
0 0.46171875 0.31796875 0.0390625 0.26328125
0 0.73125 0.171875 0.02109375 0.1234375
0 0.9453125 0.25703125 0.03671875 0.18984375
0 0.6109375 0.14140625 0.01640625 0.1015625
0 0.63203125 0.1421875 0.01640625 0.10078125
0 0.90078125 0.25703125 0.03671875 0.19296875