0 0.59609375 0.15703125 0.01875 0.115625
0 0.00390625 0.3265625 0.0078125 0.290625
0 0.9390625 0.25703125 0.03671875 0.190625
0 0.440625 0.3234375 0.03984375 0.26875
0 0.09296875 0.2484375 0.04296875 0.21796875
0 0.94296875 0.20390625 0.028125 0.14296875
0 0.9265625 0.3203125 0.0484375 0.24609375
0 0.809375 0.18671875 0.02421875 0.13359375
0 0.61484375 0.15859375 0.01875 0.11640625
0 0.7796875 0.1703125 0.02109375 0.1203125
0 0.38828125 0.234375 0.02734375 0.19296875
0 0.44765625 0.29375 0.03515625 0.24296875
0 0.51484375 0.284375 0.03515625 0.23203125
0 0.5046875 0.25 0.03046875 0.2015625
0 0.67890625 0.2609375 0.034375 0.2046875
0 0.58203125 0.296875 0.03828125 0.23984375
0 0.73515625 0.14296875 0.01640625 0.09609375
0 0.528125 0.31015625 0.03984375 0.25390625