0 0.3203125 0.62421875 0.084375 0.53203125
0 0.55078125 0.3328125 0.04296875 0.2734375
0 0.83203125 0.21875 0.0296875 0.16015625
0 0.94765625 0.2625 0.03828125 0.1953125
0 0.67109375 0.2640625 0.03515625 0.20859375
0 0.7265625 0.1796875 0.02265625 0.1296875
0 0.10390625 0.246875 0.04140625 0.215625
0 0.7546875 0.24375 0.0328125 0.1859375
0 0.80078125 0.21796875 0.02890625 0.1609375
0 0.8609375 0.2109375 0.02890625 0.153125
0 0.60546875 0.14296875 0.01640625 0.103125
0 0.53671875 0.27109375 0.03359375 0.21953125
0 0.83125 0.24921875 0.03515625 0.18828125
0 0.596875 0.1515625 0.01796875 0.1109375
0 0.55390625 0.1453125 0.01640625 0.10703125
0 0.359375 0.68203125 0.08984375 0.5796875
0 0.7859375 0.17890625 0.02265625 0.128125
0 0.8234375 0.18984375 0.02421875 0.13515625
0 0.62578125 0.3015625 0.03984375 0.24140625
0 0.5828125 0.31875 0.04140625 0.259375
0 0.75234375 0.18125 0.02265625 0.13125
0 0.62265625 0.1515625 0.01796875 0.109375
0 0.71484375 0.1625 0.01953125 0.115625