0 0.81484375 0.17109375 0.02109375 0.11953125
0 0.73671875 0.16171875 0.01953125 0.1140625
0 0.4328125 0.20625 0.02421875 0.16640625
0 0.1203125 0.24609375 0.040625 0.2140625
0 0.7078125 0.159375 0.01953125 0.1140625
0 0.828125 0.18671875 0.02421875 0.13359375
0 0.62578125 0.15859375 0.01875 0.115625
0 0.890625 0.22421875 0.03046875 0.16328125
0 0.834375 0.22265625 0.03046875 0.1640625
0 0.71171875 0.1484375 0.01796875 0.103125
0 0.75234375 0.1703125 0.02109375 0.1203125
0 0.68046875 0.26328125 0.03515625 0.20625
0 0.95234375 0.24921875 0.0359375 0.18359375
0 0.3953125 0.20390625 0.0234375 0.16484375
0 0.90859375 0.1765625 0.02265625 0.1203125
0 0.90625 0.25234375 0.03671875 0.18828125
0 0.89921875 0.2140625 0.0296875 0.15390625
0 0.58125 0.14765625 0.0171875 0.10859375
0 0.78203125 0.20859375 0.02734375 0.15390625
0 0.83984375 0.2140625 0.02890625 0.15546875