0 0.66015625 0.259375 0.034375 0.20390625
0 0.66328125 0.171875 0.02109375 0.12578125
0 0.9359375 0.3984375 0.0625 0.31484375
0 0.75234375 0.35625 0.05078125 0.28515625
0 0.69375 0.2546875 0.03359375 0.1984375
0 0.50625 0.25 0.03046875 0.2015625
0 0.940625 0.203125 0.02734375 0.14296875
0 0.44765625 0.2921875 0.03515625 0.24140625
0 0.51953125 0.30703125 0.03828125 0.25078125
0 0.5765625 0.29609375 0.03828125 0.23984375
0 0.515625 0.284375 0.0359375 0.23125
0 0.41875 0.3265625 0.0390625 0.271875
0 0.859375 0.3671875 0.0546875 0.28984375