0 0.75625 0.30078125 0.0421875 0.23671875
0 0.775 0.1703125 0.02109375 0.1203125
0 0.89609375 0.23828125 0.03359375 0.175
0 0.11953125 0.2453125 0.04140625 0.21328125
0 0.84765625 0.22109375 0.03046875 0.16171875
0 0.615625 0.14296875 0.01640625 0.103125
0 0.88515625 0.27890625 0.040625 0.2109375
0 0.91953125 0.6421875 0.10546875 0.5234375
0 0.696875 0.14453125 0.0171875 0.10078125
0 0.92578125 0.1984375 0.02734375 0.13984375
0 0.684375 0.3765625 0.05234375 0.30546875
0 0.96796875 0.253125 0.03671875 0.18515625
0 0.828125 0.2265625 0.03046875 0.16875
0 0.66640625 0.18125 0.02265625 0.134375
0 0.74140625 0.23984375 0.03203125 0.18359375
0 0.00234375 0.7765625 0.0046875 0.44453125
0 0.71640625 0.1609375 0.01953125 0.1140625
0 0.67421875 0.1453125 0.0171875 0.1015625
0 0.94921875 0.19765625 0.02734375 0.13828125
0 0.871875 0.259375 0.03671875 0.1953125
0 0.63515625 0.1421875 0.01640625 0.10078125
0 0.59921875 0.153125 0.01796875 0.1109375
0 0.58203125 0.14609375 0.01640625 0.10625
0 0.7390625 0.1609375 0.01953125 0.11328125
0 0.65703125 0.39609375 0.0546875 0.32421875