0 0.67265625 0.171875 0.02109375 0.12578125
0 0.86484375 0.20390625 0.02734375 0.146875
0 0.165625 0.63046875 0.103125 0.54375
0 0.75234375 0.15703125 0.01953125 0.109375
0 0.8109375 0.2015625 0.0265625 0.14609375
0 0.665625 0.15703125 0.01875 0.11328125
0 0.78515625 0.16640625 0.02109375 0.115625
0 0.49609375 0.2125 0.02578125 0.16953125
0 0.840625 0.20859375 0.028125 0.1515625
0 0.71953125 0.1609375 0.01953125 0.1140625
0 0.915625 0.203125 0.028125 0.14375
0 0.5015625 0.20546875 0.02421875 0.16171875
0 0.68203125 0.14453125 0.01640625 0.1
0 0.87578125 0.209375 0.028125 0.15
0 0.7265625 0.15234375 0.01796875 0.10625
0 0.64609375 0.171875 0.02109375 0.128125
0 0.7875 0.19921875 0.02578125 0.1453125
0 0.9390625 0.2625 0.03828125 0.1953125
0 0.13828125 0.23203125 0.0375 0.2015625
0 0.734375 0.18046875 0.02265625 0.13125