0 0.94296875 0.20390625 0.028125 0.14296875
0 0.915625 0.23515625 0.0328125 0.171875
0 0.8765625 0.234375 0.0328125 0.1734375
0 0.09296875 0.2484375 0.04296875 0.21796875
0 0.921875 0.31953125 0.0484375 0.24609375
0 0.6359375 0.15390625 0.01796875 0.1109375
0 0.61328125 0.1515625 0.01796875 0.11015625
0 0.9171875 0.228125 0.03203125 0.16484375
0 0.76171875 0.16328125 0.01953125 0.11484375
0 0.45546875 0.321875 0.03984375 0.26796875
0 0.0046875 0.3265625 0.009375 0.290625
0 0.44765625 0.29375 0.03515625 0.24296875
0 0.51484375 0.284375 0.03515625 0.23203125
0 0.30078125 0.23125 0.03046875 0.19375
0 0.68046875 0.2609375 0.03515625 0.20390625
0 0.58203125 0.296875 0.03828125 0.23984375
0 0.79375 0.178125 0.02265625 0.1265625
0 0.50390625 0.25 0.03046875 0.2015625
0 0.528125 0.31015625 0.03984375 0.25390625