0 0.940625 0.20078125 0.02734375 0.140625
0 0.921875 0.19375 0.02578125 0.13515625
0 0.375 0.18828125 0.02109375 0.1515625
0 0.7609375 0.17265625 0.02109375 0.1234375
0 0.73359375 0.18671875 0.02421875 0.13671875
0 0.903125 0.25546875 0.03671875 0.190625
0 0.76328125 0.18671875 0.02421875 0.13515625
0 0.76875 0.1703125 0.02109375 0.1203125
0 0.80625 0.2109375 0.028125 0.15546875
0 0.71328125 0.1640625 0.01953125 0.11640625
0 0.578125 0.14296875 0.01640625 0.1046875
0 0.79765625 0.17109375 0.02109375 0.11953125
0 0.6640625 0.15546875 0.01796875 0.1109375
0 0.65703125 0.171875 0.02109375 0.1265625
0 0.87578125 0.24921875 0.03515625 0.18515625
0 0.7796875 0.20859375 0.02734375 0.15390625
0 0.8765625 0.23984375 0.03359375 0.178125
0 0.603125 0.14453125 0.0171875 0.10390625