0 0.73984375 0.7609375 0.13828125 0.4765625
0 0.71015625 0.17578125 0.02109375 0.128125
0 0.86328125 0.23125 0.03203125 0.17109375
0 0.88671875 0.209375 0.028125 0.15
0 0.021875 0.58984375 0.04296875 0.51640625
0 0.6875 0.17734375 0.021875 0.13046875
0 0.77109375 0.1984375 0.02578125 0.1453125
0 0.04765625 0.646875 0.0953125 0.56171875
0 0.7765625 0.16953125 0.02109375 0.11953125
0 0.7546875 0.178125 0.02265625 0.128125
0 0.9171875 0.25 0.0359375 0.18515625
0 0.5734375 0.15078125 0.0171875 0.1109375
0 0.78671875 0.209375 0.02734375 0.1546875
0 0.54296875 0.6 0.08125 0.50390625
0 0.50390625 0.15546875 0.01796875 0.11875
0 0.24453125 0.2140625 0.03046875 0.18046875
0 0.74921875 0.18984375 0.02421875 0.1390625
0 0.82265625 0.2015625 0.02734375 0.14609375
0 0.58984375 0.15703125 0.01875 0.115625
0 0.34609375 0.3078125 0.03828125 0.25859375
0 0.40078125 0.3203125 0.03828125 0.26875
0 0.03671875 0.71171875 0.0734375 0.57421875
0 0.8625 0.19453125 0.02578125 0.13828125
0 0.8734375 0.20546875 0.02734375 0.146875
0 0.4015625 0.18203125 0.0203125 0.1453125
0 0.85546875 0.209375 0.028125 0.1515625
0 0.48828125 0.2109375 0.02578125 0.16796875
0 0.63125 0.16171875 0.01953125 0.11875
0 0.6234375 0.1796875 0.021875 0.13515625
0 0.49609375 0.1609375 0.01796875 0.1234375
0 0.503125 0.20546875 0.02421875 0.16171875
0 0.440625 0.93359375 0.20859375 0.13125
0 0.27890625 0.20546875 0.02734375 0.171875
0 0.8859375 0.2265625 0.03125 0.165625
0 0.61796875 0.17109375 0.02109375 0.128125