0 0.60390625 0.153125 0.01796875 0.1109375
0 0.0921875 0.25 0.04296875 0.21875
0 0.79921875 0.16484375 0.02109375 0.11484375
0 0.80859375 0.28046875 0.03984375 0.215625
0 0.0859375 0.5734375 0.1015625 0.49921875
0 0.1390625 0.6296875 0.10546875 0.54453125
0 0.4296875 0.31171875 0.0375 0.259375
0 0.7203125 0.153125 0.01796875 0.10625
0 0.059375 0.75546875 0.11796875 0.48671875
0 0.68984375 0.2640625 0.03515625 0.20703125
0 0.53203125 0.31796875 0.03984375 0.26015625
0 0.73828125 0.153125 0.01875 0.10546875
0 0.071875 0.725 0.14375 0.546875
0 0.70390625 0.203125 0.02578125 0.153125
0 0.503125 0.25078125 0.03046875 0.203125
0 0.696875 0.15390625 0.01796875 0.109375
0 0.9375 0.20078125 0.02734375 0.13984375
0 0.5875 0.29765625 0.03828125 0.23984375
0 0.46640625 0.19453125 0.02265625 0.1546875
0 0.01796875 0.325 0.0359375 0.2875
0 0.815625 0.165625 0.02109375 0.1140625
0 0.5109375 0.28671875 0.03515625 0.234375
0 0.7875 0.21640625 0.02890625 0.16015625
0 0.834375 0.1671875 0.02109375 0.115625
0 0.4453125 0.28828125 0.03515625 0.23828125
0 0.43984375 0.18828125 0.021875 0.15