0 0.8265625 0.18671875 0.02421875 0.13203125
0 0.578125 0.29609375 0.03828125 0.2390625
0 0.51875 0.2859375 0.0359375 0.23203125
0 0.775 0.18359375 0.0234375 0.13203125
0 0.728125 0.1453125 0.0171875 0.1
0 0.77109375 0.2734375 0.0375 0.2109375
0 0.52421875 0.309375 0.03984375 0.25390625
0 0.44609375 0.29375 0.03515625 0.24296875
0 0.50625 0.25 0.03046875 0.2015625
0 0.0046875 0.3265625 0.009375 0.290625
0 0.9 0.31875 0.04765625 0.24609375
0 0.0921875 0.25 0.04296875 0.21875
0 0.46328125 0.3140625 0.03828125 0.259375
0 0.69375 0.13984375 0.01640625 0.09609375
0 0.68046875 0.2609375 0.03515625 0.20390625
0 0.80390625 0.1859375 0.02421875 0.13359375
0 0.6765625 0.1390625 0.01640625 0.09609375
0 0.7546875 0.15390625 0.01875 0.10625
0 0.94375 0.20390625 0.028125 0.14296875