0 0.015625 0.3234375 0.03125 0.2875
0 0.83203125 0.16796875 0.02109375 0.11484375
0 0.51484375 0.28671875 0.0359375 0.23359375
0 0.50234375 0.25 0.03046875 0.2015625
0 0.84765625 0.19609375 0.02578125 0.140625
0 0.4375 0.31640625 0.03828125 0.26328125
0 0.20078125 0.3140625 0.04765625 0.2703125
0 0.80625 0.1640625 0.0203125 0.1140625
0 0.76796875 0.75390625 0.1359375 0.490625
0 0.74375 0.15625 0.01953125 0.10859375
0 0.82578125 0.19296875 0.02578125 0.13828125
0 0.69921875 0.15625 0.01953125 0.1109375
0 0.09296875 0.25 0.04296875 0.21875
0 0.66640625 0.2609375 0.03515625 0.20546875
0 0.959375 0.325 0.04921875 0.25
0 0.20078125 0.2875 0.04375 0.246875
0 0.8703125 0.19453125 0.02578125 0.13671875
0 0.93984375 0.20078125 0.02734375 0.140625
0 0.79140625 0.16328125 0.0203125 0.1140625
0 0.5296875 0.30859375 0.0390625 0.253125
0 0.8109375 0.20703125 0.02734375 0.1515625
0 0.58515625 0.29765625 0.0390625 0.23984375
0 0.44296875 0.29375 0.03515625 0.24296875
0 0.73203125 0.21484375 0.028125 0.1609375