0 0.75546875 0.18125 0.02265625 0.13046875
0 0.8390625 0.24140625 0.03359375 0.18046875
0 0.7078125 0.19921875 0.02578125 0.1484375
0 0.82578125 0.21171875 0.02890625 0.1546875
0 0.0140625 0.3609375 0.02734375 0.3203125
0 0.13125 0.24375 0.03984375 0.2109375
0 0.02265625 0.39453125 0.04453125 0.3484375
0 0.95390625 0.2 0.02734375 0.1390625
0 0.89453125 0.38125 0.05859375 0.3015625
0 0.6359375 0.178125 0.021875 0.13203125
0 0.6421875 0.1984375 0.02421875 0.15078125
0 0.66796875 0.18046875 0.02265625 0.13203125
0 0.88359375 0.228125 0.03203125 0.16640625
0 0.73203125 0.18203125 0.02265625 0.13359375
0 0.93359375 0.20546875 0.028125 0.1453125
0 0.8984375 0.1921875 0.02578125 0.134375
0 0.79921875 0.209375 0.028125 0.1546875
0 0.7265625 0.1953125 0.025 0.14453125
0 0.7046875 0.1796875 0.02265625 0.13125