0 0.00859375 0.45234375 0.0171875 0.4015625
0 0.90703125 0.23984375 0.03359375 0.17578125
0 0.7046875 0.1578125 0.01953125 0.11171875
0 0.75625 0.20078125 0.02578125 0.146875
0 0.86484375 0.20390625 0.02734375 0.146875
0 0.49375 0.2125 0.02578125 0.16953125
0 0.72421875 0.453125 0.065625 0.3703125
0 0.82421875 0.20859375 0.028125 0.153125
0 0.76171875 0.16640625 0.0203125 0.11796875
0 0.690625 0.178125 0.021875 0.13046875
0 0.8765625 0.20859375 0.028125 0.15
0 0.959375 0.24609375 0.03515625 0.1796875
0 0.5015625 0.20546875 0.02421875 0.16171875
0 0.5984375 0.14140625 0.01640625 0.1015625
0 0.8046875 0.2109375 0.028125 0.15546875
0 0.375 0.209375 0.02421875 0.17109375
0 0.73125 0.159375 0.01953125 0.11171875
0 0.91875 0.21328125 0.02890625 0.153125
0 0.67734375 0.15546875 0.01875 0.11015625
0 0.81171875 0.20234375 0.02734375 0.146875
0 0.5765625 0.14921875 0.0171875 0.109375