0 0.628125 0.18125 0.02265625 0.1359375
0 0.1203125 0.246875 0.04140625 0.21484375
0 0.6609375 0.1828125 0.02265625 0.1359375
0 0.76640625 0.3734375 0.05390625 0.29921875
0 0.87421875 0.25859375 0.03671875 0.19453125
0 0.7234375 0.14296875 0.01640625 0.096875
0 0.65234375 0.16953125 0.02109375 0.125
0 0.8921875 0.24375 0.03515625 0.18046875
0 0.73515625 0.16875 0.02109375 0.1203125
0 0.74296875 0.15078125 0.01796875 0.10390625
0 0.72734375 0.18359375 0.02265625 0.13359375
0 0.7015625 0.14296875 0.01640625 0.0984375
0 0.928125 0.20234375 0.02734375 0.14140625
0 0.00390625 0.31328125 0.00703125 0.27890625
0 0.8078125 0.24453125 0.03359375 0.18515625
0 0.865625 0.4015625 0.06171875 0.3203125
0 0.30703125 0.271875 0.03515625 0.22890625
0 0.934375 0.24765625 0.0359375 0.18203125
0 0.67578125 0.2640625 0.03515625 0.20859375
0 0.95390625 0.24296875 0.03515625 0.1765625
0 0.48046875 0.228125 0.02734375 0.184375