0 0.596875 0.18359375 0.02265625 0.1390625
0 0.8296875 0.175 0.02265625 0.121875
0 0.65625 0.40078125 0.05546875 0.3265625
0 0.49375 0.2515625 0.03046875 0.20390625
0 0.7609375 0.41640625 0.0609375 0.33671875
0 0.44609375 0.2921875 0.03515625 0.24140625
0 0.51953125 0.30703125 0.03828125 0.25078125
0 0.81484375 0.4640625 0.0703125 0.37578125
0 0.66015625 0.265625 0.03515625 0.20859375
0 0.671875 0.25078125 0.0328125 0.1953125
0 0.5765625 0.29609375 0.03828125 0.23984375
0 0.515625 0.284375 0.0359375 0.23125
0 0.41875 0.3265625 0.0390625 0.271875
0 0.940625 0.203125 0.02734375 0.14296875