0 0.9484375 0.26875 0.03984375 0.2
0 0.68203125 0.19453125 0.025 0.1453125
0 0.5515625 0.2796875 0.03515625 0.22578125
0 0.725 0.18515625 0.0234375 0.13515625
0 0.13671875 0.246875 0.03984375 0.2140625
0 0.9484375 0.259375 0.03828125 0.19296875
0 0.96328125 0.29296875 0.04453125 0.2203125
0 0.7828125 0.234375 0.03203125 0.1765625
0 0.81171875 0.23515625 0.03203125 0.17578125
0 0.63984375 0.146875 0.0171875 0.1046875
0 0.81796875 0.23046875 0.03125 0.17109375
0 0.61015625 0.146875 0.01640625 0.10625
0 0.63515625 0.1734375 0.02109375 0.128125
0 0.57578125 0.30546875 0.03984375 0.246875
0 0.940625 0.24453125 0.03515625 0.1796875
0 0.7875 0.1703125 0.02109375 0.1203125
0 0.87890625 0.23828125 0.03359375 0.17578125