0 0.88125 0.2140625 0.02890625 0.15390625
0 0.096875 0.246875 0.0421875 0.215625
0 0.59765625 0.13671875 0.015625 0.0984375
0 0.5890625 0.27734375 0.0359375 0.2234375
0 0.490625 0.30859375 0.03828125 0.2546875
0 0.196875 0.8046875 0.1703125 0.3890625
0 0.47109375 0.23203125 0.028125 0.18671875
0 0.57109375 0.24921875 0.03125 0.19921875
0 0.54453125 0.30703125 0.03984375 0.25
0 0.7078125 0.140625 0.01640625 0.09609375
0 0.8390625 0.21328125 0.02890625 0.15546875
0 0.8953125 0.246875 0.03515625 0.18203125
0 0.90390625 0.21171875 0.02890625 0.1515625
0 0.70625 0.178125 0.02265625 0.13046875
0 0.575 0.13671875 0.015625 0.0984375
0 0.81328125 0.17890625 0.02265625 0.1265625
0 0.678125 0.1390625 0.01640625 0.096875
0 0.7390625 0.178125 0.02265625 0.128125
0 0.68046875 0.16171875 0.01953125 0.11640625
0 0.67734375 0.26328125 0.03515625 0.20625
0 0.6625 0.1609375 0.01953125 0.115625
0 0.63046875 0.21875 0.02734375 0.16875
0 0.7625 0.15625 0.01953125 0.10859375
0 0.79921875 0.2125 0.028125 0.15625
0 0.59375 0.30390625 0.03984375 0.2453125
0 0.6859375 0.18046875 0.02265625 0.13359375
0 0.38828125 0.19921875 0.02265625 0.1609375