0 0.1 0.24609375 0.0421875 0.2140625
0 0.7875 0.221875 0.0296875 0.165625
0 0.73515625 0.259375 0.03515625 0.20078125
0 0.67109375 0.2640625 0.03515625 0.20859375
0 0.490625 0.30859375 0.03828125 0.2546875
0 0.61015625 0.13984375 0.015625 0.1
0 0.7140625 0.1875 0.0234375 0.13828125
0 0.9453125 0.23203125 0.03359375 0.16875
0 0.590625 0.278125 0.0359375 0.221875
0 0.7359375 0.159375 0.01953125 0.11171875
0 0.69296875 0.2359375 0.03125 0.18125
0 0.73671875 0.18671875 0.02421875 0.1359375
0 0.8 0.15703125 0.01953125 0.10625
0 0.8421875 0.21328125 0.02890625 0.15546875
0 0.5953125 0.18125 0.021875 0.13671875
0 0.8 0.21171875 0.02890625 0.15546875
0 0.553125 0.3109375 0.03984375 0.25390625
0 0.5921875 0.14375 0.01640625 0.10390625
0 0.72109375 0.22890625 0.03046875 0.17421875
0 0.9640625 0.26953125 0.03984375 0.20078125
0 0.71015625 0.15625 0.01953125 0.11015625
0 0.59453125 0.303125 0.03984375 0.24453125
0 0.7515625 0.15703125 0.01953125 0.109375
0 0.81796875 0.17890625 0.02265625 0.12578125