0 0.45546875 0.315625 0.03828125 0.26171875
0 0.85234375 0.259375 0.03671875 0.19609375
0 0.90859375 0.19296875 0.02578125 0.134375
0 0.65234375 0.159375 0.01953125 0.115625
0 0.7703125 0.18828125 0.02421875 0.1359375
0 0.4078125 0.23359375 0.02734375 0.19140625
0 0.88125 0.25390625 0.0359375 0.18984375
0 0.5265625 0.30859375 0.0390625 0.2515625
0 0.74140625 0.16953125 0.02109375 0.12109375
0 0.7953125 0.1890625 0.025 0.13515625
0 0.6796875 0.26171875 0.03515625 0.2046875
0 0.43671875 0.240625 0.02890625 0.19609375
0 0.5234375 0.2859375 0.0359375 0.23359375
0 0.9421875 0.20390625 0.02734375 0.14375
0 0.07890625 0.253125 0.04375 0.221875
0 0.58515625 0.29765625 0.0390625 0.23984375
0 0.8546875 0.19609375 0.02578125 0.140625
0 0.91796875 0.31953125 0.04765625 0.246875
0 0.44609375 0.29375 0.03515625 0.24296875
0 0.003125 0.32734375 0.00625 0.29140625
0 0.8515625 0.1796875 0.0234375 0.12578125
0 0.509375 0.25 0.03046875 0.2015625
0 0.18828125 0.3109375 0.04765625 0.26875