0 0.66640625 0.2734375 0.03671875 0.215625
0 0.759375 0.190625 0.02421875 0.1390625
0 0.49375 0.2515625 0.03046875 0.20390625
0 0.92265625 0.28125 0.04140625 0.21171875
0 0.44609375 0.31953125 0.0390625 0.265625
0 0.50859375 0.19375 0.02265625 0.153125
0 0.91796875 0.20625 0.02890625 0.14609375
0 0.8765625 0.2125 0.02890625 0.153125
0 0.34765625 0.49921875 0.06484375 0.42421875
0 0.434375 0.290625 0.03515625 0.23984375
0 0.52109375 0.30703125 0.03828125 0.2515625
0 0.5765625 0.29609375 0.03828125 0.23984375
0 0.515625 0.284375 0.0359375 0.23125
0 0.38359375 0.63046875 0.08125 0.534375
0 0.63515625 0.25546875 0.03359375 0.20078125
0 0.44140625 0.53203125 0.0671875 0.45