0 0.7046875 0.153125 0.01796875 0.10703125
0 0.77734375 0.215625 0.02890625 0.1609375
0 0.553125 0.3109375 0.03984375 0.25390625
0 0.590625 0.278125 0.0359375 0.221875
0 0.7453125 0.1546875 0.01875 0.10703125
0 0.8234375 0.20703125 0.02734375 0.15078125
0 0.68203125 0.23515625 0.03125 0.18125
0 0.72578125 0.18203125 0.02265625 0.13359375
0 0.58984375 0.14375 0.01640625 0.1046875
0 0.09921875 0.24765625 0.04140625 0.215625
0 0.56875 0.184375 0.02265625 0.14140625
0 0.7921875 0.153125 0.01875 0.1046875
0 0.73125 0.15625 0.01953125 0.109375
0 0.70546875 0.225 0.0296875 0.171875
0 0.609375 0.13984375 0.01640625 0.1
0 0.7 0.1828125 0.02265625 0.134375
0 0.59140625 0.303125 0.03984375 0.2453125
0 0.96171875 0.26171875 0.03828125 0.19453125
0 0.671875 0.265625 0.03515625 0.209375
0 0.69765625 0.25703125 0.034375 0.2
0 0.784375 0.20546875 0.02734375 0.15078125
0 0.8125 0.17578125 0.02265625 0.1234375
0 0.9265625 0.2625 0.03828125 0.1953125
0 0.490625 0.30859375 0.03828125 0.2546875
0 0.92421875 0.22421875 0.03203125 0.1609375