0 0.76640625 0.1828125 0.0234375 0.13203125
0 0.88828125 0.45859375 0.071875 0.36875
0 0.43046875 0.20078125 0.02265625 0.1609375
0 0.08671875 0.95859375 0.1734375 0.08046875
0 0.584375 0.15390625 0.01796875 0.1140625
0 0.87421875 0.20859375 0.028125 0.15
0 0.8171875 0.209375 0.028125 0.15390625
0 0.49375 0.2125 0.02578125 0.16953125
0 0.86484375 0.20390625 0.02734375 0.146875
0 0.16640625 0.3890625 0.06171875 0.33828125
0 0.7578125 0.20703125 0.02734375 0.15390625
0 0.7625 0.159375 0.01953125 0.1109375
0 0.60234375 0.14140625 0.01640625 0.1015625
0 0.1125 0.37578125 0.0640625 0.328125
0 0.7328125 0.16484375 0.0203125 0.11640625
0 0.5015625 0.20546875 0.02421875 0.16171875
0 0.71015625 0.1875 0.0234375 0.13828125
0 0.03203125 0.734375 0.0640625 0.5296875
0 0.61796875 0.14140625 0.01640625 0.10078125
0 0.70390625 0.1625 0.01953125 0.115625
0 0.8234375 0.221875 0.03046875 0.1640625
0 0.81171875 0.20234375 0.02734375 0.146875
0 0.7703125 0.17109375 0.021875 0.12109375
0 0.9546875 0.25546875 0.03671875 0.1890625
0 0.94453125 0.23046875 0.0328125 0.165625
0 0.675 0.16015625 0.01953125 0.11484375