0 0.88046875 0.340625 0.05078125 0.26640625
0 0.72890625 0.1484375 0.01796875 0.1015625
0 0.2046875 0.25078125 0.03828125 0.21484375
0 0.57890625 0.29609375 0.03828125 0.23984375
0 0.915625 0.24921875 0.0359375 0.184375
0 0.64609375 0.26171875 0.034375 0.20625
0 0.95859375 0.3265625 0.05 0.25078125
0 0.60625 0.2546875 0.0328125 0.2015625
0 0.51796875 0.31015625 0.03984375 0.25390625
0 0.5140625 0.284375 0.0359375 0.23125
0 0.78828125 0.24296875 0.03359375 0.18359375
0 0.7796875 0.178125 0.02265625 0.1265625
0 0.4921875 0.2515625 0.03046875 0.203125
0 0.44765625 0.29140625 0.03515625 0.240625
0 0.446875 0.31328125 0.03828125 0.26015625
0 0.84375 0.2421875 0.03359375 0.18046875
0 0.85546875 0.2390625 0.03359375 0.178125
0 0.4609375 0.16875 0.01953125 0.13203125
0 0.78984375 0.16640625 0.02109375 0.115625
0 0.740625 0.23046875 0.03046875 0.175