0 0.31484375 0.25625 0.0328125 0.215625
0 0.53125 0.309375 0.0390625 0.253125
0 0.934375 0.21953125 0.03046875 0.15703125
0 0.5 0.25 0.03046875 0.2015625
0 0.28671875 0.24140625 0.03203125 0.20390625
0 0.43828125 0.2921875 0.03515625 0.24140625
0 0.80390625 0.1640625 0.0203125 0.11328125
0 0.75546875 0.75234375 0.134375 0.49375
0 0.79140625 0.16328125 0.0203125 0.1140625
0 0.4375 0.31640625 0.03828125 0.26328125
0 0.8671875 0.21640625 0.0296875 0.15703125
0 0.9015625 0.21953125 0.03046875 0.159375
0 0.7609375 0.18828125 0.02421875 0.13671875
0 0.16953125 0.58046875 0.09453125 0.50078125
0 0.7921875 0.175 0.02265625 0.12421875
0 0.01640625 0.3234375 0.0328125 0.2875
0 0.66640625 0.2609375 0.03515625 0.20546875
0 0.959375 0.325 0.04921875 0.25
0 0.82890625 0.16796875 0.02109375 0.115625
0 0.58515625 0.29765625 0.0390625 0.23984375
0 0.93984375 0.20078125 0.02734375 0.140625
0 0.51484375 0.28671875 0.0359375 0.23359375
0 0.21796875 0.66328125 0.10234375 0.56953125
0 0.09296875 0.25 0.04296875 0.21875
0 0.78046875 0.22578125 0.03046875 0.16953125