0 0.0078125 0.32734375 0.01484375 0.29140625
0 0.7078125 0.17421875 0.02109375 0.1265625
0 0.51796875 0.1765625 0.02109375 0.1359375
0 0.096875 0.2484375 0.0421875 0.21640625
0 0.9375 0.203125 0.02734375 0.14296875
0 0.775 0.184375 0.0234375 0.13203125
0 0.52578125 0.31171875 0.03984375 0.2546875
0 0.8125 0.17578125 0.02265625 0.1234375
0 0.51875 0.16328125 0.01953125 0.125
0 0.44375 0.290625 0.03515625 0.23984375
0 0.5125 0.2875 0.0359375 0.234375
0 0.496875 0.25078125 0.03046875 0.20390625
0 0.775 0.17109375 0.02109375 0.1203125
0 0.7796875 0.1640625 0.0203125 0.11484375
0 0.8171875 0.16953125 0.02109375 0.11875
0 0.87578125 0.52421875 0.08359375 0.425
0 0.790625 0.18203125 0.0234375 0.1296875
0 0.8828125 0.3546875 0.053125 0.278125
0 0.815625 0.4390625 0.06640625 0.3546875
0 0.5828125 0.16171875 0.01953125 0.1203125
0 0.71640625 0.1984375 0.025 0.146875
0 0.4359375 0.31953125 0.0390625 0.265625
0 0.6875 0.26328125 0.03515625 0.20546875
0 0.5875 0.2984375 0.0390625 0.24140625