0 0.59140625 0.178125 0.02109375 0.134375
0 0.746875 0.21796875 0.02890625 0.1640625
0 0.646875 0.16640625 0.0203125 0.121875
0 0.76015625 0.1875 0.02421875 0.1359375
0 0.66171875 0.1765625 0.021875 0.13046875
0 0.60390625 0.16484375 0.01953125 0.121875
0 0.7828125 0.18984375 0.02421875 0.13671875
0 0.8328125 0.1765625 0.02265625 0.12421875
0 0.95234375 0.20078125 0.02734375 0.13984375
0 0.675 0.165625 0.0203125 0.1203125
0 0.64921875 0.1765625 0.021875 0.13125
0 0.121875 0.2453125 0.040625 0.21328125
0 0.93515625 0.19765625 0.02734375 0.13828125
0 0.72109375 0.165625 0.0203125 0.11875
0 0.70078125 0.16796875 0.02109375 0.1203125
0 0.81953125 0.20234375 0.0265625 0.146875
0 0.821875 0.340625 0.04921875 0.26875