0 0.096875 0.246875 0.0421875 0.215625
0 0.60078125 0.13828125 0.015625 0.0984375
0 0.5890625 0.27734375 0.0359375 0.2234375
0 0.490625 0.30859375 0.03828125 0.2546875
0 0.69609375 0.16796875 0.02109375 0.12109375
0 0.92421875 0.22890625 0.03203125 0.165625
0 0.61015625 0.240625 0.03046875 0.1890625
0 0.57890625 0.1421875 0.01640625 0.103125
0 0.67265625 0.16796875 0.0203125 0.121875
0 0.4578125 0.1921875 0.02265625 0.153125
0 0.70703125 0.14609375 0.0171875 0.10078125
0 0.9671875 0.26328125 0.0390625 0.19453125
0 0.8703125 0.228125 0.03125 0.16640625
0 0.82109375 0.2265625 0.03046875 0.16875
0 0.73125 0.14453125 0.0171875 0.09921875
0 0.67421875 0.2640625 0.03515625 0.20703125
0 0.5390625 0.240625 0.0296875 0.19140625
0 0.68359375 0.14375 0.0171875 0.1
0 0.7703125 0.1875 0.02421875 0.1359375
0 0.78515625 0.16171875 0.0203125 0.11328125
0 0.7140625 0.19375 0.02421875 0.14296875
0 0.0015625 0.309375 0.003125 0.2765625
0 0.9375 0.22421875 0.03203125 0.16171875
0 0.546875 0.309375 0.03984375 0.2515625
0 0.66015625 0.21953125 0.028125 0.16875
0 0.7296875 0.1859375 0.0234375 0.1359375
0 0.5953125 0.30390625 0.03984375 0.2453125
0 0.8421875 0.19140625 0.02578125 0.1359375