0 0.57734375 0.296875 0.03828125 0.23984375
0 0.775 0.22890625 0.03046875 0.171875
0 0.7546875 0.26953125 0.03671875 0.209375
0 0.52734375 0.31171875 0.03984375 0.25546875
0 0.49375 0.25234375 0.03046875 0.2046875
0 0.83046875 0.2265625 0.03125 0.16875
0 0.52265625 0.2859375 0.0359375 0.23203125
0 0.60703125 0.25546875 0.0328125 0.203125
0 0.77421875 0.2203125 0.02890625 0.16484375
0 0.7203125 0.33203125 0.04609375 0.265625
0 0.446875 0.28984375 0.03515625 0.2390625
0 0.60390625 0.35 0.046875 0.28515625
0 0.64921875 0.2625 0.034375 0.20625
0 0.11640625 0.2703125 0.0453125 0.23515625
0 0.44375 0.31484375 0.03828125 0.2609375
0 0.85390625 0.2390625 0.03359375 0.17890625
0 0.8 0.27109375 0.03828125 0.209375