0 0.3234375 0.31171875 0.03984375 0.2640625
0 0.81171875 0.221875 0.03046875 0.1640625
0 0.9421875 0.25078125 0.03671875 0.18515625
0 0.7921875 0.228125 0.03046875 0.1703125
0 0.6140625 0.15625 0.01796875 0.11484375
0 0.746875 0.20234375 0.0265625 0.14921875
0 0.78046875 0.203125 0.0265625 0.14921875
0 0.62265625 0.16875 0.0203125 0.125
0 0.959375 0.2015625 0.02734375 0.140625
0 0.840625 0.1796875 0.0234375 0.12578125
0 0.71875 0.20078125 0.02578125 0.15
0 0.74375 0.23828125 0.03203125 0.18125
0 0.33515625 0.33671875 0.04296875 0.28515625
0 0.815625 0.20546875 0.02734375 0.15
0 0.8875 0.24609375 0.03515625 0.18359375
0 0.725 0.1625 0.0203125 0.115625
0 0.1296875 0.24453125 0.03984375 0.21171875
0 0.68828125 0.2015625 0.02578125 0.15078125