0 0.9328125 0.203125 0.02734375 0.14296875
0 0.7765625 0.21171875 0.028125 0.15625
0 0.84453125 0.5359375 0.08359375 0.43671875
0 0.6671875 0.146875 0.0171875 0.10390625
0 0.82265625 0.29609375 0.04296875 0.2296875
0 0.63671875 0.14453125 0.01640625 0.103125
0 0.759375 0.16328125 0.0203125 0.11484375
0 0.4984375 0.24921875 0.03046875 0.20078125
0 0.93203125 0.1984375 0.0265625 0.1390625
0 0.51796875 0.3125 0.03984375 0.25625
0 0.1171875 0.690625 0.11953125 0.59609375
0 0.02265625 0.7296875 0.0453125 0.5375
0 0.659375 0.51328125 0.07265625 0.42421875
0 0.84375 0.66953125 0.10703125 0.55
0 0.690625 0.14765625 0.0171875 0.103125
0 0.6875 0.26171875 0.03515625 0.2046875
0 0.08515625 0.25234375 0.04375 0.22109375
0 0.74375 0.171875 0.02109375 0.1234375
0 0.73203125 0.146875 0.01796875 0.10078125
0 0.55390625 0.1421875 0.01640625 0.1046875
0 0.45625 0.29140625 0.03515625 0.23984375
0 0.51484375 0.28671875 0.0359375 0.23359375
0 0.7765625 0.1625 0.0203125 0.1140625
0 0.96640625 0.24296875 0.03515625 0.17578125
0 0.7625 0.2921875 0.040625 0.22890625
0 0.38828125 0.30625 0.03671875 0.25546875
0 0.60546875 0.31640625 0.04140625 0.25625