0 0.8109375 0.165625 0.02109375 0.1140625
0 0.77109375 0.203125 0.0265625 0.14921875
0 0.01484375 0.3234375 0.02890625 0.28671875
0 0.8109375 0.196875 0.02578125 0.14140625
0 0.86640625 0.21640625 0.02890625 0.15625
0 0.45078125 0.32265625 0.03984375 0.26796875
0 0.5703125 0.56640625 0.07734375 0.47421875
0 0.5234375 0.30859375 0.0390625 0.2515625
0 0.88984375 0.1765625 0.02265625 0.12109375
0 0.74375 0.15625 0.01875 0.109375
0 0.95703125 0.321875 0.04921875 0.24609375
0 0.646875 0.20078125 0.02578125 0.153125
0 0.71484375 0.15390625 0.01875 0.10859375
0 0.084375 0.25 0.04296875 0.21875
0 0.66640625 0.2609375 0.03515625 0.20546875
0 0.65234375 0.16171875 0.01953125 0.11796875
0 0.7859375 0.16484375 0.0203125 0.11484375
0 0.44140625 0.29296875 0.03515625 0.24140625
0 0.515625 0.2859375 0.0359375 0.23203125
0 0.7875 0.15859375 0.01953125 0.109375
0 0.58359375 0.296875 0.03828125 0.240625
0 0.753125 0.15625 0.01953125 0.109375
0 0.50234375 0.2515625 0.03046875 0.203125
0 0.76171875 0.753125 0.13515625 0.49296875