0 0.94921875 0.265625 0.03828125 0.1984375
0 0.721875 0.2140625 0.02734375 0.1609375
0 0.4265625 0.29765625 0.0359375 0.246875
0 0.1359375 0.24609375 0.03984375 0.2140625
0 0.9390625 0.20546875 0.02890625 0.14453125
0 0.82109375 0.259375 0.0359375 0.196875
0 0.8171875 0.17578125 0.02265625 0.1234375
0 0.81796875 0.21640625 0.02890625 0.159375
0 0.7453125 0.21328125 0.028125 0.16015625
0 0.95703125 0.2015625 0.02734375 0.140625
0 0.721875 0.17109375 0.02109375 0.1234375
0 0.771875 0.21171875 0.028125 0.15703125
0 0.62734375 0.1625 0.01953125 0.11953125
0 0.85390625 0.2359375 0.03203125 0.175
0 0.43359375 0.3234375 0.0390625 0.26953125
0 0.84765625 0.24375 0.03359375 0.18125
0 0.85703125 0.21875 0.03046875 0.159375
0 0.64453125 0.178125 0.021875 0.13125