0 0.89765625 0.25 0.03515625 0.18515625
0 0.7328125 0.1640625 0.0203125 0.11640625
0 0.07109375 0.56328125 0.1015625 0.49140625
0 0.75234375 0.16796875 0.02109375 0.11875
0 0.7046875 0.16015625 0.01953125 0.11484375
0 0.453125 0.31171875 0.03828125 0.25859375
0 0.06328125 0.5125 0.09296875 0.446875
0 0.1171875 0.72109375 0.13515625 0.55625
0 0.81328125 0.1703125 0.021875 0.11875
0 0.93359375 0.24609375 0.03515625 0.18125
0 0.80546875 0.16484375 0.02109375 0.11484375
0 0.684375 0.26171875 0.03515625 0.2046875
0 0.7640625 0.23203125 0.03125 0.17578125
0 0.69140625 0.18125 0.02265625 0.13203125
0 0.50703125 0.27890625 0.034375 0.228125
0 0.2375 0.746875 0.13125 0.5046875
0 0.65546875 0.178125 0.021875 0.13125
0 0.08828125 0.24921875 0.04296875 0.21875
0 0.59765625 0.3140625 0.04140625 0.25390625
0 0.78671875 0.16953125 0.02109375 0.11953125
0 0.5890625 0.2765625 0.0359375 0.221875
0 0.665625 0.146875 0.0171875 0.103125
0 0.54453125 0.49140625 0.065625 0.41015625
0 0.0453125 0.80703125 0.090625 0.384375
0 0.94375 0.20546875 0.02890625 0.14375
0 0.62734375 0.17734375 0.021875 0.13203125
0 0.13046875 0.5984375 0.10078125 0.51875
0 0.1546875 0.68125 0.11328125 0.5859375
0 0.80625 0.2 0.0265625 0.14453125
0 0.52109375 0.30859375 0.0390625 0.253125
0 0.89375 0.203125 0.02734375 0.14453125
0 0.3984375 0.22109375 0.02578125 0.18046875
0 0.9390625 0.19921875 0.02734375 0.13984375
0 0.440625 0.45703125 0.05703125 0.384375
0 0.45078125 0.28359375 0.034375 0.23359375
0 0.309375 0.77421875 0.13359375 0.45