0 0.3015625 0.33046875 0.04453125 0.28046875
0 0.8421875 0.17890625 0.0234375 0.125
0 0.45703125 0.315625 0.03828125 0.2609375
0 0.925 0.19765625 0.0265625 0.13828125
0 0.8140625 0.20703125 0.02734375 0.15078125
0 0.5265625 0.30859375 0.0390625 0.2515625
0 0.0765625 0.25234375 0.04453125 0.22109375
0 0.3640625 0.265625 0.03203125 0.22109375
0 0.77890625 0.23046875 0.03125 0.17421875
0 0.6796875 0.26171875 0.03515625 0.2046875
0 0.41171875 0.2609375 0.03046875 0.215625
0 0.5234375 0.2859375 0.0359375 0.23359375
0 0.6671875 0.165625 0.0203125 0.1203125
0 0.84453125 0.20546875 0.02734375 0.1484375
0 0.85234375 0.7625 0.146875 0.4734375
0 0.89921875 0.21953125 0.03046875 0.159375
0 0.92109375 0.315625 0.04765625 0.24296875
0 0.58515625 0.29765625 0.0390625 0.23984375
0 0.74375 0.2328125 0.03125 0.1765625
0 0.44609375 0.29375 0.03515625 0.24296875
0 0.003125 0.32734375 0.00625 0.29140625
0 0.9140625 0.20390625 0.028125 0.14453125
0 0.509375 0.25 0.03046875 0.2015625
0 0.74296875 0.18125 0.02265625 0.13125