0 0.85078125 0.2390625 0.03359375 0.178125
0 0.31953125 0.65703125 0.0890625 0.56015625
0 0.94296875 0.23046875 0.0328125 0.165625
0 0.21796875 0.2890625 0.04296875 0.2484375
0 0.653125 0.259375 0.034375 0.2046875
0 0.45546875 0.31171875 0.03828125 0.25859375
0 0.27421875 0.24140625 0.0328125 0.203125
0 0.5234375 0.31015625 0.0390625 0.25390625
0 0.57734375 0.2953125 0.03828125 0.2390625
0 0.45078125 0.2921875 0.03515625 0.24140625
0 0.6953125 0.7109375 0.1078125 0.5765625
0 0.79140625 0.22265625 0.03046875 0.165625
0 0.9171875 0.23125 0.03203125 0.16796875
0 0.62421875 0.22890625 0.02890625 0.178125
0 0.60859375 0.25625 0.0328125 0.203125
0 0.49453125 0.2515625 0.03046875 0.203125
0 0.82265625 0.3390625 0.04921875 0.26796875
0 0.521875 0.2890625 0.03671875 0.2359375
0 0.8046875 0.19375 0.02578125 0.1390625
0 0.7109375 0.246875 0.0328125 0.190625
0 0.28203125 0.3359375 0.04609375 0.2859375
0 0.78125 0.228125 0.03046875 0.17109375
0 0.82421875 0.2234375 0.03046875 0.165625
0 0.59609375 0.6984375 0.0984375 0.58359375
0 0.73671875 0.76328125 0.13984375 0.47109375
0 0.2546875 0.2328125 0.0328125 0.196875
0 0.39375 0.33359375 0.03984375 0.28046875
0 0.3515625 0.715625 0.09921875 0.56796875
0 0.8234375 0.19375 0.02578125 0.13984375
0 0.21015625 0.271875 0.040625 0.23359375