0 0.28125 0.23359375 0.03203125 0.19609375
0 0.484375 0.17265625 0.01953125 0.134375
0 0.609375 0.2609375 0.03359375 0.20703125
0 0.8625 0.2515625 0.03515625 0.1890625
0 0.57734375 0.2953125 0.03828125 0.2390625
0 0.65546875 0.2671875 0.03515625 0.21015625
0 0.5140625 0.284375 0.0359375 0.23125
0 0.77421875 0.2421875 0.0328125 0.184375
0 0.74140625 0.15546875 0.01875 0.10859375
0 0.81796875 0.23359375 0.03203125 0.175
0 0.87109375 0.24609375 0.03515625 0.18359375
0 0.51484375 0.309375 0.0390625 0.25390625
0 0.8875 0.34765625 0.05234375 0.27109375
0 0.4921875 0.2515625 0.03046875 0.203125
0 0.44765625 0.29140625 0.03515625 0.240625
0 0.446875 0.31328125 0.03828125 0.26015625
0 0.95078125 0.25859375 0.0375 0.190625
0 0.8171875 0.19140625 0.025 0.13671875
0 0.80234375 0.17421875 0.021875 0.1234375