0 0.515625 0.2859375 0.0359375 0.23203125
0 0.82578125 0.178125 0.02265625 0.125
0 0.79140625 0.16796875 0.02109375 0.11640625
0 0.5796875 0.296875 0.03828125 0.23984375
0 0.0234375 0.703125 0.04609375 0.59140625
0 0.84921875 0.17734375 0.02265625 0.1234375
0 0.7078125 0.146875 0.01796875 0.1015625
0 0.73203125 0.18359375 0.02265625 0.13359375
0 0.921875 0.23828125 0.03359375 0.175
0 0.09375 0.59609375 0.10546875 0.51796875
0 0.4359375 0.31875 0.03828125 0.26484375
0 0.08984375 0.2484375 0.04296875 0.21640625
0 0.6703125 0.14609375 0.0171875 0.103125
0 0.5 0.25078125 0.03046875 0.203125
0 0.828125 0.2109375 0.028125 0.15390625
0 0.0875 0.54453125 0.09609375 0.47421875
0 0.01484375 0.73125 0.02890625 0.5359375
0 0.646875 0.7703125 0.1375 0.45703125
0 0.95 0.20390625 0.028125 0.14375
0 0.89609375 0.24296875 0.034375 0.18046875
0 0.86640625 0.2140625 0.02890625 0.15546875
0 0.55703125 0.709375 0.09921875 0.57890625
0 0.88046875 0.6421875 0.10390625 0.525
0 0.796875 0.1640625 0.0203125 0.11328125
0 0.80078125 0.54375 0.08359375 0.44453125
0 0.76953125 0.18671875 0.02421875 0.134375
0 0.51484375 0.30546875 0.03828125 0.25
0 0.76484375 0.1671875 0.02109375 0.11796875
0 0.68671875 0.26171875 0.03515625 0.20546875
0 0.45625 0.29296875 0.03515625 0.24140625