0 0.1578125 0.6828125 0.1125 0.58828125
0 0.95 0.2671875 0.0390625 0.19921875
0 0.32734375 0.56796875 0.07578125 0.484375
0 0.45078125 0.28359375 0.034375 0.23359375
0 0.928125 0.20390625 0.028125 0.14375
0 0.6859375 0.26171875 0.03515625 0.2046875
0 0.453125 0.31171875 0.03828125 0.25859375
0 0.73515625 0.16875 0.02109375 0.1203125
0 0.82109375 0.178125 0.02265625 0.125
0 0.03984375 0.78359375 0.0796875 0.43125
0 0.79296875 0.17578125 0.021875 0.12421875
0 0.5515625 0.73203125 0.11015625 0.534375
0 0.21953125 0.49140625 0.07421875 0.4234375
0 0.63515625 0.18203125 0.02265625 0.1359375
0 0.69296875 0.18828125 0.02421875 0.13984375
0 0.44921875 0.871875 0.17578125 0.25390625
0 0.08828125 0.24921875 0.04296875 0.21875
0 0.446875 0.2109375 0.02421875 0.16953125
0 0.9234375 0.21875 0.03046875 0.15625
0 0.81171875 0.209375 0.028125 0.15390625
0 0.66484375 0.184375 0.02265625 0.13671875
0 0.5890625 0.2765625 0.0359375 0.221875
0 0.696875 0.16796875 0.02109375 0.1203125
0 0.4578125 0.6890625 0.0890625 0.58125
0 0.9390625 0.19921875 0.02734375 0.13984375
0 0.2578125 0.79921875 0.15546875 0.4
0 0.5453125 0.425 0.05546875 0.35390625
0 0.31015625 0.74921875 0.12109375 0.49921875
0 0.5171875 0.28125 0.03515625 0.22890625
0 0.82109375 0.16875 0.02109375 0.11796875
0 0.7546875 0.17109375 0.02109375 0.121875
0 0.11171875 0.7234375 0.1375 0.55078125
0 0.52109375 0.30859375 0.0390625 0.253125
0 0.6015625 0.31328125 0.04140625 0.25390625
0 0.26328125 0.53046875 0.0765625 0.4546875
0 0.875 0.265625 0.03828125 0.20078125
0 0.6328125 0.45390625 0.06328125 0.37421875
0 0.659375 0.153125 0.01796875 0.109375