0 0.5921875 0.15078125 0.01796875 0.11015625
0 0.81484375 0.22578125 0.03046875 0.16875
0 0.625 0.153125 0.01796875 0.1109375
0 0.6203125 0.146875 0.0171875 0.10546875
0 0.74296875 0.17265625 0.02109375 0.1234375
0 0.421875 0.19296875 0.02265625 0.1546875
0 0.70625 0.1859375 0.0234375 0.1359375
0 0.82265625 0.18125 0.02265625 0.128125
0 0.85390625 0.22890625 0.03203125 0.16875
0 0.79296875 0.1984375 0.02578125 0.1453125
0 0.78671875 0.178125 0.02265625 0.1265625
0 0.76484375 0.20078125 0.02578125 0.146875
0 0.9359375 0.20078125 0.02734375 0.13984375
0 0.92265625 0.19375 0.02578125 0.13515625
0 0.9484375 0.27734375 0.040625 0.20859375
0 0.9546875 0.26484375 0.0390625 0.19609375
0 0.81484375 0.18671875 0.02421875 0.13203125