0 0.5265625 0.2859375 0.0359375 0.23203125
0 0.7671875 0.75546875 0.13671875 0.48828125
0 0.41171875 0.60859375 0.07734375 0.515625
0 0.73671875 0.1703125 0.02109375 0.121875
0 0.80078125 0.15390625 0.01875 0.1046875
0 0.61328125 0.6703125 0.0953125 0.559375
0 0.65859375 0.21328125 0.02734375 0.16328125
0 0.959375 0.2546875 0.03671875 0.18671875
0 0.78359375 0.1640625 0.0203125 0.11484375
0 0.9578125 0.31875 0.04921875 0.24375
0 0.49921875 0.25 0.03046875 0.2015625
0 0.0125 0.32578125 0.02421875 0.28984375
0 0.45546875 0.31640625 0.0390625 0.26328125
0 0.90390625 0.26640625 0.03828125 0.2
0 0.7265625 0.16015625 0.01953125 0.11328125
0 0.58515625 0.29765625 0.0390625 0.23984375
0 0.86796875 0.21640625 0.0296875 0.15625
0 0.784375 0.15703125 0.01953125 0.10859375
0 0.53125 0.309375 0.0390625 0.253125
0 0.0828125 0.24921875 0.04296875 0.21953125
0 0.44296875 0.29375 0.03515625 0.24296875
0 0.771875 0.15625 0.01953125 0.10703125
0 0.6984375 0.190625 0.02421875 0.14140625
0 0.67890625 0.26171875 0.03515625 0.20546875