0 0.71171875 0.29609375 0.040625 0.234375
0 0.84921875 0.30546875 0.04453125 0.2359375
0 0.75078125 0.21328125 0.028125 0.159375
0 0.3671875 0.61953125 0.08046875 0.5265625
0 0.8234375 0.228125 0.03125 0.16953125
0 0.7890625 0.22890625 0.03125 0.17109375
0 0.65546875 0.26171875 0.034375 0.20625
0 0.65703125 0.36171875 0.05 0.29453125
0 0.51328125 0.28359375 0.03515625 0.23125
0 0.44765625 0.315625 0.03828125 0.26171875
0 0.11328125 0.27421875 0.04609375 0.23984375
0 0.6109375 0.25625 0.0328125 0.203125
0 0.8 0.2875 0.040625 0.2234375
0 0.49609375 0.2515625 0.03125 0.20390625
0 0.44609375 0.2921875 0.03515625 0.24140625
0 0.58359375 0.2984375 0.0390625 0.24140625
0 0.8609375 0.23828125 0.03359375 0.1765625
0 0.51015625 0.30625 0.03828125 0.2515625