0 0.571875 0.2609375 0.03359375 0.209375
0 0.87578125 0.2234375 0.03125 0.16328125
0 0.02265625 0.24921875 0.04453125 0.22109375
0 0.72421875 0.190625 0.02421875 0.13984375
0 0.2453125 0.21484375 0.03046875 0.18125
0 0.56171875 0.1609375 0.01953125 0.1203125
0 0.87578125 0.20546875 0.028125 0.146875
0 0.86875 0.196875 0.0265625 0.13984375
0 0.7375 0.178125 0.02265625 0.128125
0 0.49375 0.2109375 0.025 0.16796875
0 0.62578125 0.1890625 0.02265625 0.14296875
0 0.5125 0.2484375 0.03046875 0.20078125
0 0.49765625 0.1609375 0.01796875 0.12421875
0 0.4984375 0.20703125 0.02421875 0.1640625
0 0.88125 0.25234375 0.0359375 0.18828125
0 0.66640625 0.17890625 0.02265625 0.13203125
0 0.76953125 0.19921875 0.02578125 0.14609375
0 0.90625 0.22109375 0.03046875 0.16015625
0 0.49140625 0.4828125 0.0625 0.4046875
0 0.6234375 0.16171875 0.01953125 0.11953125
0 0.8234375 0.2015625 0.0265625 0.14609375
0 0.66875 0.1859375 0.02265625 0.1390625
0 0.5140625 0.5375 0.07109375 0.45078125
0 0.4 0.18203125 0.0203125 0.14609375
0 0.5046875 0.15546875 0.01796875 0.11875
0 0.67734375 0.184375 0.02265625 0.13671875
0 0.78671875 0.19921875 0.02578125 0.1453125
0 0.275 0.20546875 0.02734375 0.171875
0 0.68828125 0.20625 0.0265625 0.1546875
0 0.80390625 0.2140625 0.02890625 0.15859375
0 0.69921875 0.1890625 0.02421875 0.13984375
0 0.42421875 0.59296875 0.075 0.5015625