0 0.7140625 0.15703125 0.01953125 0.1109375
0 0.87890625 0.23046875 0.03203125 0.16953125
0 0.67421875 0.14375 0.01640625 0.1
0 0.65078125 0.36328125 0.04921875 0.2953125
0 0.84921875 0.67109375 0.10703125 0.55078125
0 0.66171875 0.17578125 0.02109375 0.1296875
0 0.80703125 0.21953125 0.0296875 0.16171875
0 0.61015625 0.38125 0.0515625 0.31328125
0 0.63515625 0.140625 0.01640625 0.09921875
0 0.71875 0.23203125 0.03046875 0.178125
0 0.9546875 0.24453125 0.03515625 0.17890625
0 0.11796875 0.24453125 0.040625 0.2140625
0 0.94453125 0.196875 0.02734375 0.13671875
0 0.7375 0.15859375 0.01953125 0.1109375
0 0.92578125 0.1984375 0.02734375 0.13984375
0 0.609375 0.13984375 0.01640625 0.1
0 0.83203125 0.215625 0.02890625 0.15859375
0 0.75078125 0.29609375 0.04140625 0.23203125
0 0.8328125 0.26328125 0.03671875 0.2
0 0.58984375 0.15078125 0.01796875 0.1109375
0 0.578125 0.1421875 0.01640625 0.103125
0 0.8453125 0.24921875 0.03515625 0.18828125
0 0.77421875 0.1671875 0.02109375 0.11796875