0 0.4484375 0.29296875 0.03515625 0.24140625
0 0.340625 0.2078125 0.02578125 0.17109375
0 0.45546875 0.315625 0.03828125 0.26171875
0 0.790625 0.45078125 0.0671875 0.365625
0 0.5703125 0.375 0.04921875 0.309375
0 0.52421875 0.284375 0.0359375 0.23203125
0 0.403125 0.19296875 0.02265625 0.15625
0 0.5203125 0.31171875 0.0390625 0.25546875
0 0.96328125 0.24453125 0.03515625 0.178125
0 0.578125 0.296875 0.03828125 0.240625
0 0.8296875 0.22578125 0.03046875 0.16640625
0 0.5 0.2515625 0.03125 0.203125
0 0.784375 0.22890625 0.03046875 0.17109375
0 0.85546875 0.2390625 0.03359375 0.17890625
0 0.65 0.37421875 0.0515625 0.3046875
0 0.52109375 0.2375 0.02890625 0.18984375
0 0.428125 0.20078125 0.02265625 0.1609375
0 0.7875 0.2234375 0.03046875 0.16640625
0 0.65 0.34296875 0.04609375 0.278125
0 0.60859375 0.25625 0.0328125 0.203125
0 0.725 0.53046875 0.078125 0.43671875
0 0.6515625 0.2609375 0.034375 0.20546875
0 0.91953125 0.240625 0.034375 0.1765625
0 0.93203125 0.28125 0.04140625 0.21171875
0 0.53984375 0.22578125 0.02734375 0.1796875