0 0.68046875 0.2609375 0.03515625 0.20390625
0 0.00390625 0.3265625 0.0078125 0.290625
0 0.74453125 0.1546875 0.01875 0.10703125
0 0.903125 0.32421875 0.0484375 0.25078125
0 0.09296875 0.2484375 0.04296875 0.21796875
0 0.85 0.21171875 0.02890625 0.153125
0 0.46328125 0.3140625 0.03828125 0.259375
0 0.44609375 0.29375 0.03515625 0.24296875
0 0.66484375 0.14765625 0.01796875 0.1046875
0 0.646875 0.14609375 0.0171875 0.10390625
0 0.8671875 0.20625 0.028125 0.1484375
0 0.81953125 0.20859375 0.02734375 0.1515625
0 0.5046875 0.25 0.03046875 0.2015625
0 0.1640625 0.2296875 0.0359375 0.1984375
0 0.5796875 0.296875 0.03828125 0.23984375
0 0.9453125 0.203125 0.028125 0.14140625
0 0.5265625 0.309375 0.0390625 0.253125
0 0.76875 0.165625 0.0203125 0.11640625
0 0.51640625 0.284375 0.03515625 0.23203125