0 0.7609375 0.1671875 0.02109375 0.11796875
0 0.1234375 0.24453125 0.040625 0.21328125
0 0.403125 0.1984375 0.02265625 0.16015625
0 0.93046875 0.24140625 0.034375 0.1765625
0 0.88515625 0.24140625 0.03359375 0.1796875
0 0.4421875 0.20234375 0.0234375 0.16171875
0 0.89296875 0.2078125 0.028125 0.14921875
0 0.703125 0.15625 0.01875 0.11015625
0 0.6171875 0.1546875 0.01796875 0.11328125
0 0.96640625 0.221875 0.03203125 0.15859375
0 0.81640625 0.215625 0.02890625 0.15859375
0 0.67265625 0.2640625 0.03515625 0.20703125
0 0.8140625 0.1671875 0.02109375 0.115625
0 0.828125 0.2078125 0.02734375 0.15078125
0 0.853125 0.18125 0.0234375 0.1265625
0 0.771875 0.20390625 0.0265625 0.15
0 0.73046875 0.15859375 0.01953125 0.1109375
0 0.8671875 0.215625 0.0296875 0.15703125