0 0.8640625 0.1875 0.02421875 0.13203125
0 0.46328125 0.265625 0.03203125 0.21796875
0 0.82265625 0.17109375 0.021875 0.11875
0 0.965625 0.26953125 0.03984375 0.20078125
0 0.7953125 0.2109375 0.028125 0.15546875
0 0.74140625 0.18671875 0.02421875 0.13671875
0 0.12421875 0.246875 0.040625 0.2140625
0 0.53203125 0.19453125 0.0234375 0.1515625
0 0.8203125 0.2078125 0.028125 0.15078125
0 0.7171875 0.19609375 0.02578125 0.1453125
0 0.9171875 0.21171875 0.02890625 0.15078125
0 0.7859375 0.1765625 0.02265625 0.125
0 0.76328125 0.18515625 0.0234375 0.13359375
0 0.9125 0.27265625 0.03984375 0.2046875
0 0.6046875 0.15078125 0.01796875 0.109375
0 0.653125 0.1859375 0.0234375 0.1390625
0 0.6921875 0.27265625 0.03671875 0.2140625
0 0.42109375 0.26953125 0.03203125 0.2234375
0 0.84453125 0.16953125 0.021875 0.11640625
0 0.93515625 0.24140625 0.034375 0.1765625