0 0.68046875 0.17734375 0.021875 0.13046875
0 0.65078125 0.1484375 0.01796875 0.10546875
0 0.43984375 0.3234375 0.03984375 0.26875
0 0.61953125 0.16796875 0.01953125 0.12421875
0 0.94296875 0.19765625 0.02734375 0.13828125
0 0.853125 0.20546875 0.02734375 0.146875
0 0.7078125 0.18125 0.02265625 0.13203125
0 0.8828125 0.23125 0.03203125 0.1703125
0 0.5484375 0.7109375 0.1 0.5765625
0 0.634375 0.14609375 0.0171875 0.10390625
0 0.64140625 0.165625 0.01953125 0.121875
0 0.93125 0.2 0.02734375 0.140625
0 0.73203125 0.15546875 0.01875 0.10859375
0 0.89140625 0.20390625 0.02734375 0.1453125
0 0.72265625 0.17734375 0.021875 0.12890625
0 0.85078125 0.2328125 0.03203125 0.1734375