0 0.0734375 0.81484375 0.146875 0.36875
0 0.71640625 0.21953125 0.02890625 0.16640625
0 0.68828125 0.2625 0.03515625 0.2046875
0 0.60703125 0.55390625 0.07734375 0.46171875
0 0.06640625 0.69921875 0.128125 0.59921875
0 0.9328125 0.196875 0.0265625 0.13828125
0 0.71484375 0.17109375 0.02109375 0.1234375
0 0.92890625 0.20234375 0.02734375 0.14140625
0 0.4359375 0.31875 0.03828125 0.26484375
0 0.01953125 0.7328125 0.0390625 0.53125
0 0.665625 0.4359375 0.06171875 0.35703125
0 0.521875 0.30546875 0.03828125 0.25
0 0.584375 0.2984375 0.03828125 0.240625
0 0.59296875 0.515625 0.07109375 0.42890625
0 0.5015625 0.25078125 0.03046875 0.203125
0 0.82421875 0.203125 0.02734375 0.146875
0 0.10234375 0.8515625 0.2046875 0.2953125
0 0.44609375 0.2921875 0.03515625 0.24140625
0 0.01796875 0.78203125 0.0359375 0.434375
0 0.83828125 0.20078125 0.0265625 0.14453125
0 0.50546875 0.28515625 0.03515625 0.23359375
0 0.84140625 0.1921875 0.025 0.1359375
0 0.75546875 0.21953125 0.02890625 0.16484375
0 0.71796875 0.46796875 0.06796875 0.38359375
0 0.09375 0.2484375 0.04296875 0.21796875