0 0.490625 0.21171875 0.02578125 0.16875
0 0.56953125 0.48515625 0.065625 0.40390625
0 0.875 0.209375 0.02890625 0.15
0 0.68125 0.15078125 0.01796875 0.10625
0 0.85234375 0.2234375 0.03046875 0.1640625
0 0.86484375 0.20390625 0.02734375 0.146875
0 0.675 0.171875 0.02109375 0.125
0 0.77578125 0.2 0.0265625 0.14609375
0 0.9015625 0.20078125 0.02734375 0.14296875
0 0.74453125 0.1578125 0.01953125 0.11015625
0 0.82421875 0.20859375 0.028125 0.153125
0 0.7046875 0.153125 0.01875 0.10703125
0 0.5015625 0.20546875 0.02421875 0.16171875
0 0.721875 0.1890625 0.02421875 0.1390625
0 0.29765625 0.21953125 0.02890625 0.184375
0 0.73046875 0.15546875 0.01875 0.10859375
0 0.81171875 0.20234375 0.02734375 0.146875
0 0.9390625 0.22890625 0.03203125 0.16484375