0 0.81171875 0.21953125 0.02890625 0.16328125
0 0.821875 0.20625 0.02734375 0.15
0 0.58828125 0.2765625 0.0359375 0.22109375
0 0.459375 0.3109375 0.03828125 0.25703125
0 0.515625 0.28203125 0.03515625 0.2296875
0 0.9453125 0.27265625 0.03984375 0.2046875
0 0.7390625 0.19296875 0.025 0.14140625
0 0.68125 0.21875 0.02890625 0.16640625
0 0.87421875 0.2171875 0.03046875 0.15859375
0 0.9171875 0.21953125 0.03046875 0.15859375
0 0.8015625 0.4359375 0.06484375 0.353125
0 0.525 0.30859375 0.0390625 0.253125
0 0.71875 0.6265625 0.09296875 0.51875
0 0.68203125 0.184375 0.02265625 0.1359375
0 0.70625 0.5484375 0.08046875 0.4515625
0 0.71875 0.41875 0.06015625 0.340625
0 0.86875 0.19921875 0.0265625 0.14140625
0 0.5953125 0.31484375 0.04140625 0.25546875
0 0.45390625 0.28359375 0.034375 0.234375
0 0.7734375 0.20078125 0.0265625 0.146875
0 0.6046875 0.56953125 0.07890625 0.47421875
0 0.81796875 0.1984375 0.02578125 0.14296875
0 0.6875 0.26171875 0.03515625 0.2046875
0 0.71875 0.215625 0.028125 0.16171875
0 0.10390625 0.246875 0.04140625 0.21640625
0 0.73984375 0.2234375 0.02890625 0.16875
0 0.62734375 0.18359375 0.02265625 0.13671875