0 0.69453125 0.1765625 0.021875 0.12890625
0 0.7171875 0.17421875 0.02109375 0.1265625
0 0.6734375 0.17578125 0.02109375 0.1296875
0 0.41015625 0.73125 0.10546875 0.53515625
0 0.8265625 0.228125 0.03125 0.16953125
0 0.91171875 0.20546875 0.028125 0.1453125
0 0.6421875 0.14453125 0.01640625 0.103125
0 0.725 0.15703125 0.01953125 0.11015625
0 0.96484375 0.27890625 0.04140625 0.20859375
0 0.93125 0.2 0.02734375 0.140625
0 0.3953125 0.315625 0.03828125 0.26484375
0 0.60703125 0.165625 0.01953125 0.1234375
0 0.621875 0.14375 0.01640625 0.1015625
0 0.846875 0.19921875 0.0265625 0.14375
0 0.94296875 0.19765625 0.02734375 0.13828125
0 0.86953125 0.2265625 0.03125 0.16640625
0 0.63125 0.1640625 0.01953125 0.1203125