0 0.6953125 0.14609375 0.0171875 0.1015625
0 0.7671875 0.75546875 0.13671875 0.48828125
0 0.89140625 0.21796875 0.0296875 0.15703125
0 0.7265625 0.15234375 0.01796875 0.10625
0 0.73984375 0.221875 0.0296875 0.16796875
0 0.96015625 0.31875 0.04921875 0.24375
0 0.8 0.15625 0.01953125 0.10703125
0 0.50625 0.24921875 0.03046875 0.20078125
0 0.7640625 0.2109375 0.02734375 0.15703125
0 0.6796875 0.26171875 0.03515625 0.2046875
0 0.52265625 0.30703125 0.0390625 0.2515625
0 0.0890625 0.2484375 0.04296875 0.21796875
0 0.94375 0.22734375 0.03203125 0.1640625
0 0.0109375 0.325 0.021875 0.2890625
0 0.70234375 0.59375 0.0875 0.49140625
0 0.58671875 0.2984375 0.03828125 0.240625
0 0.45703125 0.3171875 0.0390625 0.26171875
0 0.809375 0.196875 0.02578125 0.14296875
0 0.67265625 0.39609375 0.05546875 0.3234375
0 0.671875 0.371875 0.0515625 0.3015625
0 0.44296875 0.29296875 0.03515625 0.24296875
0 0.76640625 0.15390625 0.01875 0.10625
0 0.7703125 0.159375 0.01953125 0.1109375
0 0.525 0.28671875 0.0359375 0.23359375
0 0.41328125 0.61171875 0.07734375 0.51875