0 0.76484375 0.15390625 0.01875 0.10625
0 0.71328125 0.15234375 0.01796875 0.10625
0 0.6890625 0.26328125 0.03515625 0.20546875
0 0.9359375 0.20390625 0.02734375 0.14296875
0 0.59921875 0.3140625 0.04140625 0.2546875
0 0.5140625 0.2875 0.0359375 0.234375
0 0.78671875 0.178125 0.02265625 0.1265625
0 0.04453125 0.7234375 0.0890625 0.55
0 0.23828125 0.253125 0.03671875 0.21484375
0 0.275 0.51875 0.0734375 0.4453125
0 0.9390625 0.19921875 0.02734375 0.13984375
0 0.74921875 0.15625 0.01875 0.109375
0 0.88125 0.23125 0.03203125 0.1703125
0 0.82109375 0.17109375 0.021875 0.11875
0 0.88515625 0.48671875 0.07734375 0.39296875
0 0.65390625 0.16484375 0.0203125 0.1203125
0 0.15078125 0.6796875 0.11328125 0.58515625
0 0.8140625 0.20703125 0.02734375 0.15078125
0 0.653125 0.18828125 0.0234375 0.14140625
0 0.371875 0.55234375 0.07109375 0.46953125
0 0.83984375 0.20625 0.028125 0.15
0 0.77734375 0.1546875 0.01875 0.10546875
0 0.6171875 0.16171875 0.01953125 0.11953125
0 0.090625 0.25 0.04296875 0.21875
0 0.52265625 0.31015625 0.0390625 0.25390625
0 0.44375 0.284375 0.03359375 0.23515625
0 0.6734375 0.165625 0.0203125 0.1203125
0 0.64375 0.48828125 0.06796875 0.40390625
0 0.5984375 0.278125 0.0359375 0.2234375
0 0.44921875 0.30625 0.0375 0.253125