0 0.8109375 0.21875 0.0296875 0.16171875
0 0.096875 0.246875 0.0421875 0.215625
0 0.5890625 0.27734375 0.0359375 0.2234375
0 0.490625 0.30859375 0.03828125 0.2546875
0 0.72578125 0.14296875 0.01640625 0.0984375
0 0.70390625 0.14453125 0.01640625 0.1
0 0.75625 0.18203125 0.0234375 0.13125
0 0.91875 0.2171875 0.03046875 0.15625
0 0.6890625 0.165625 0.0203125 0.11953125
0 0.8265625 0.18515625 0.02421875 0.13125
0 0.8984375 0.221875 0.03046875 0.1609375
0 0.7046875 0.18828125 0.02421875 0.13984375
0 0.0015625 0.309375 0.003125 0.2765625
0 0.778125 0.15859375 0.01953125 0.11015625
0 0.60078125 0.13828125 0.015625 0.0984375
0 0.5953125 0.30390625 0.03984375 0.2453125
0 0.72109375 0.18125 0.02265625 0.13125
0 0.93203125 0.25625 0.0375 0.18984375
0 0.6359375 0.21875 0.028125 0.16875
0 0.59765625 0.24609375 0.03125 0.1953125
0 0.66796875 0.1640625 0.01953125 0.11875
0 0.50625 0.23671875 0.02890625 0.18984375
0 0.67421875 0.2640625 0.03515625 0.20703125
0 0.546875 0.309375 0.03984375 0.2515625
0 0.4234375 0.19609375 0.02265625 0.15703125
0 0.8546875 0.2203125 0.03046875 0.1609375
0 0.0640625 0.80234375 0.128125 0.3921875
0 0.5734375 0.140625 0.01640625 0.1015625
0 0.6828125 0.14140625 0.01640625 0.096875