0 0.66484375 0.37578125 0.05234375 0.30546875
0 0.88203125 0.19453125 0.02578125 0.13671875
0 0.6078125 0.25546875 0.03359375 0.2015625
0 0.84609375 0.2390625 0.03359375 0.17890625
0 0.7625 0.165625 0.0203125 0.11640625
0 0.4265625 0.196875 0.02265625 0.15859375
0 0.4921875 0.2515625 0.03046875 0.203125
0 0.5234375 0.3109375 0.0390625 0.25546875
0 0.45703125 0.315625 0.03828125 0.2609375
0 0.8296875 0.2265625 0.03125 0.16796875
0 0.2921875 0.29609375 0.03984375 0.25078125
0 0.9265625 0.234375 0.03359375 0.1703125
0 0.5203125 0.284375 0.0359375 0.23203125
0 0.790625 0.22265625 0.0296875 0.165625
0 0.6390625 0.3609375 0.04921875 0.29453125
0 0.82578125 0.1921875 0.02578125 0.13828125
0 0.84921875 0.19140625 0.025 0.1359375
0 0.775 0.22890625 0.03046875 0.171875
0 0.1734375 0.28203125 0.04453125 0.24375
0 0.5828125 0.29765625 0.03828125 0.23984375
0 0.7359375 0.1640625 0.0203125 0.115625
0 0.64609375 0.26171875 0.034375 0.20703125
0 0.04921875 0.28125 0.05078125 0.2484375
0 0.46796875 0.21328125 0.025 0.1703125
0 0.06328125 0.290625 0.05234375 0.25546875