0 0.58203125 0.2984375 0.03828125 0.240625
0 0.82734375 0.228125 0.03125 0.16953125
0 0.72109375 0.3640625 0.0515625 0.29375
0 0.81171875 0.296875 0.04296875 0.23125
0 0.86796875 0.31484375 0.046875 0.24453125
0 0.51171875 0.309375 0.03828125 0.25390625
0 0.71328125 0.28125 0.03828125 0.22109375
0 0.87578125 0.240625 0.03359375 0.17890625
0 0.6109375 0.25625 0.0328125 0.203125
0 0.7109375 0.209375 0.02734375 0.15703125
0 0.51328125 0.28359375 0.03515625 0.23125
0 0.5625 0.55546875 0.07578125 0.4640625
0 0.49609375 0.2515625 0.03125 0.20390625
0 0.45234375 0.31640625 0.03828125 0.26328125
0 0.65546875 0.26171875 0.034375 0.20625
0 0.7828125 0.225 0.03046875 0.16875
0 0.09453125 0.28515625 0.04921875 0.25
0 0.44765625 0.2921875 0.03515625 0.24140625