0 0.61015625 0.25546875 0.03359375 0.2015625
0 0.3578125 0.190625 0.02265625 0.15546875
0 0.5265625 0.2859375 0.0359375 0.23203125
0 0.45234375 0.36875 0.04609375 0.30859375
0 0.421875 0.234375 0.02734375 0.19140625
0 0.7828125 0.22890625 0.03125 0.17109375
0 0.575 0.2953125 0.03828125 0.2390625
0 0.38828125 0.2140625 0.025 0.175
0 0.459375 0.31484375 0.03828125 0.2609375
0 0.49765625 0.25234375 0.03046875 0.2046875
0 0.87109375 0.221875 0.03046875 0.16171875
0 0.85078125 0.2390625 0.03359375 0.178125
0 0.36640625 0.20859375 0.025 0.17109375
0 0.896875 0.221875 0.03046875 0.1609375
0 0.6046875 0.5578125 0.07734375 0.465625
0 0.65625 0.5015625 0.07109375 0.41484375
0 0.65078125 0.2609375 0.034375 0.20546875
0 0.5359375 0.35859375 0.04609375 0.2953125
0 0.9078125 0.28515625 0.04140625 0.21640625
0 0.42265625 0.2484375 0.02890625 0.20390625
0 0.8078125 0.26015625 0.03671875 0.1984375
0 0.7859375 0.22265625 0.0296875 0.165625
0 0.44765625 0.29140625 0.03515625 0.240625
0 0.8203125 0.22421875 0.03046875 0.165625
0 0.753125 0.3453125 0.04921875 0.27578125
0 0.52109375 0.3109375 0.03984375 0.25546875
0 0.8359375 0.49140625 0.07578125 0.39921875