0 0.7921875 0.19453125 0.02578125 0.140625
0 0.096875 0.2484375 0.0421875 0.21640625
0 0.803125 0.1703125 0.02109375 0.11875
0 0.93203125 0.3734375 0.0578125 0.29296875
0 0.771875 0.16640625 0.02109375 0.11640625
0 0.01171875 0.83359375 0.0234375 0.33125
0 0.52578125 0.31171875 0.03984375 0.2546875
0 0.6953125 0.16796875 0.0203125 0.1203125
0 0.05 0.76953125 0.09921875 0.45859375
0 0.78828125 0.178125 0.02265625 0.12578125
0 0.5125 0.2875 0.0359375 0.234375
0 0.496875 0.25078125 0.03046875 0.20390625
0 0.94140625 0.203125 0.02734375 0.14296875
0 0.74609375 0.14921875 0.01796875 0.1015625
0 0.45546875 0.290625 0.03515625 0.23984375
0 0.80859375 0.19140625 0.025 0.13671875
0 0.7640625 0.2140625 0.02890625 0.16015625
0 0.52890625 0.16875 0.01953125 0.12890625
0 0.4359375 0.31953125 0.0390625 0.265625
0 0.825 0.18359375 0.0234375 0.1296875
0 0.6875 0.26328125 0.03515625 0.20546875
0 0.5875 0.2984375 0.0390625 0.24140625