0 0.93671875 0.20546875 0.02890625 0.14453125
0 0.13359375 0.24453125 0.03984375 0.21328125
0 0.490625 0.80234375 0.14140625 0.39375
0 0.875 0.26328125 0.0375 0.1984375
0 0.9671875 0.26171875 0.03828125 0.19375
0 0.7328125 0.2 0.02578125 0.1484375
0 0.68984375 0.290625 0.03984375 0.23046875
0 0.63984375 0.15625 0.01796875 0.11328125
0 0.715625 0.2140625 0.02734375 0.1609375
0 0.903125 0.2515625 0.0359375 0.18671875
0 0.88984375 0.25703125 0.03671875 0.19296875
0 0.95234375 0.2 0.02734375 0.1390625
0 0.64375 0.18359375 0.02265625 0.13671875
0 0.79375 0.17109375 0.02109375 0.1203125
0 0.68125 0.271875 0.0359375 0.2140625
0 0.671875 0.15546875 0.01796875 0.1109375