0 0.67265625 0.26171875 0.03515625 0.20546875
0 0.78203125 0.1859375 0.02421875 0.13359375
0 0.87421875 0.16875 0.02109375 0.11484375
0 0.7328125 0.15 0.01796875 0.10390625
0 0.79296875 0.21796875 0.02890625 0.1609375
0 0.9546875 0.2453125 0.03515625 0.1796875
0 0.525 0.30859375 0.0390625 0.253125
0 0.4921875 0.62421875 0.08203125 0.525
0 0.959375 0.32265625 0.04921875 0.246875
0 0.45078125 0.32265625 0.03984375 0.26796875
0 0.784375 0.15859375 0.01953125 0.109375
0 0.78515625 0.1640625 0.02109375 0.1140625
0 0.6484375 0.20078125 0.02578125 0.1515625
0 0.75390625 0.1515625 0.01796875 0.1046875
0 0.0140625 0.3234375 0.02734375 0.28671875
0 0.80078125 0.1625 0.0203125 0.11171875
0 0.084375 0.25 0.04296875 0.21875
0 0.6578125 0.16796875 0.0203125 0.121875
0 0.86875 0.5359375 0.084375 0.43515625
0 0.44140625 0.29296875 0.03515625 0.24140625
0 0.81953125 0.2015625 0.02734375 0.14609375
0 0.515625 0.2859375 0.0359375 0.23203125
0 0.78046875 0.75546875 0.13828125 0.48671875
0 0.7109375 0.1484375 0.01796875 0.103125
0 0.58359375 0.296875 0.03828125 0.240625
0 0.50234375 0.2515625 0.03046875 0.203125