0 0.7328125 0.21796875 0.02890625 0.1640625
0 0.7546875 0.21484375 0.02890625 0.1609375
0 0.75 0.15078125 0.01796875 0.10390625
0 0.7265625 0.1484375 0.01796875 0.103125
0 0.8609375 0.25390625 0.0359375 0.190625
0 0.71875 0.15703125 0.01953125 0.11015625
0 0.8375 0.2015625 0.0265625 0.1453125
0 0.8578125 0.234375 0.03203125 0.17421875
0 0.67265625 0.2640625 0.03515625 0.20703125
0 0.49140625 0.20390625 0.02421875 0.16171875
0 0.12109375 0.246875 0.04140625 0.21484375
0 0.74765625 0.15703125 0.01953125 0.109375
0 0.68515625 0.20859375 0.02734375 0.15859375
0 0.0046875 0.3140625 0.00859375 0.2796875
0 0.8015625 0.21796875 0.0296875 0.16171875
0 0.4796875 0.2265625 0.02734375 0.18203125