0 0.5578125 0.18671875 0.02265625 0.14453125
0 0.9390625 0.203125 0.028125 0.14296875
0 0.415625 0.32578125 0.0390625 0.271875
0 0.709375 0.51015625 0.07421875 0.4203125
0 0.49375 0.2515625 0.03046875 0.20390625
0 0.43828125 0.290625 0.03515625 0.23984375
0 0.65234375 0.26640625 0.03515625 0.2109375
0 0.6953125 0.440625 0.06328125 0.3609375
0 0.5796875 0.43046875 0.0578125 0.35625
0 0.51953125 0.30703125 0.03828125 0.25078125
0 0.81015625 0.17890625 0.02265625 0.1265625
0 0.5765625 0.29609375 0.03828125 0.23984375
0 0.515625 0.284375 0.0359375 0.23125
0 0.65859375 0.24921875 0.0328125 0.1953125