0 0.9421875 0.2390625 0.03359375 0.17421875
0 0.69140625 0.4796875 0.06875 0.39453125
0 0.090625 0.2515625 0.04296875 0.2203125
0 0.734375 0.1625 0.01953125 0.115625
0 0.5171875 0.2859375 0.0359375 0.23359375
0 0.803125 0.1640625 0.0203125 0.11328125
0 0.96484375 0.2640625 0.03828125 0.1953125
0 0.76796875 0.75390625 0.1359375 0.490625
0 0.8265625 0.16640625 0.02109375 0.11484375
0 0.77890625 0.16640625 0.02109375 0.11640625
0 0.6640625 0.20078125 0.02578125 0.1515625
0 0.95703125 0.321875 0.04921875 0.24609375
0 0.421875 0.3265625 0.0390625 0.271875
0 0.85390625 0.215625 0.0296875 0.15703125
0 0.7390625 0.18671875 0.0234375 0.13671875
0 0.9140625 0.18671875 0.02421875 0.12890625
0 0.44140625 0.29296875 0.03515625 0.24140625
0 0.66640625 0.2609375 0.03515625 0.20546875
0 0.5234375 0.30859375 0.0390625 0.2515625
0 0.7890625 0.16328125 0.0203125 0.1140625
0 0.58359375 0.296875 0.03828125 0.240625
0 0.50234375 0.2515625 0.03046875 0.203125
0 0.015625 0.32421875 0.03046875 0.28671875
0 0.76328125 0.16640625 0.02109375 0.11640625