0 0.940625 0.26328125 0.03828125 0.19609375
0 0.9328125 0.4140625 0.06484375 0.32890625
0 0.6890625 0.18203125 0.02265625 0.134375
0 0.675 0.26484375 0.03515625 0.20703125
0 0.7546875 0.17734375 0.02265625 0.1265625
0 0.75 0.19375 0.02421875 0.14296875
0 0.6421875 0.19296875 0.02421875 0.1453125
0 0.83125 0.39921875 0.06015625 0.31875
0 0.703125 0.14609375 0.01796875 0.1015625
0 0.00390625 0.31328125 0.00703125 0.27890625
0 0.12109375 0.246875 0.04140625 0.21484375
0 0.68046875 0.19296875 0.02421875 0.14453125
0 0.86640625 0.25703125 0.03671875 0.19375
0 0.7296875 0.146875 0.0171875 0.10078125
0 0.37265625 0.25390625 0.03046875 0.2109375
0 0.47265625 0.22109375 0.02578125 0.1765625
0 0.8171875 0.23984375 0.03359375 0.1796875