0 0.81171875 0.178125 0.02265625 0.12578125
0 0.92109375 0.196875 0.0265625 0.1390625
0 0.7734375 0.20234375 0.0265625 0.14921875
0 0.9203125 0.23828125 0.03359375 0.175
0 0.61875 0.20703125 0.02578125 0.15859375
0 0.8625 0.20546875 0.028125 0.1484375
0 0.46484375 0.315625 0.0390625 0.2609375
0 0.77890625 0.14453125 0.0171875 0.09609375
0 0.509375 0.25 0.03046875 0.2015625
0 0.76796875 0.75390625 0.1359375 0.490625
0 0.4640625 0.3515625 0.04375 0.29296875
0 0.4078125 0.3078125 0.03671875 0.25625
0 0.5234375 0.2859375 0.0359375 0.23359375
0 0.69921875 0.17265625 0.02109375 0.125
0 0.9203125 0.278125 0.04140625 0.209375
0 0.35625 0.31796875 0.0390625 0.26640625
0 0.66171875 0.20546875 0.02578125 0.15546875
0 0.07890625 0.253125 0.04375 0.221875
0 0.959375 0.325 0.04921875 0.25
0 0.95546875 0.23359375 0.03359375 0.16875
0 0.76328125 0.14453125 0.0171875 0.0984375
0 0.003125 0.32734375 0.00625 0.29140625
0 0.44296875 0.29296875 0.03515625 0.24296875
0 0.5296875 0.30859375 0.0390625 0.253125
0 0.68125 0.26171875 0.03515625 0.2046875
0 0.58515625 0.29765625 0.0390625 0.23984375
0 0.7390625 0.14296875 0.0171875 0.096875