0 0.9328125 0.203125 0.02734375 0.14296875
0 0.028125 0.728125 0.05546875 0.54140625
0 0.7796875 0.16640625 0.0203125 0.115625
0 0.45625 0.29140625 0.03515625 0.23984375
0 0.5 0.25 0.03046875 0.2015625
0 0.7625 0.16796875 0.02109375 0.11875
0 0.37734375 0.31171875 0.0375 0.2609375
0 0.08515625 0.25234375 0.04375 0.22109375
0 0.7859375 0.2171875 0.02890625 0.16171875
0 0.1171875 0.690625 0.11953125 0.59609375
0 0.7484375 0.17734375 0.02265625 0.1265625
0 0.51796875 0.3125 0.03984375 0.25625
0 0.6875 0.26171875 0.03515625 0.2046875
0 0.73984375 0.1484375 0.01796875 0.103125
0 0.62578125 0.146875 0.0171875 0.1046875
0 0.00234375 0.5 0.0046875 0.440625
0 0.68984375 0.503125 0.07265625 0.41484375
0 0.83203125 0.309375 0.04453125 0.240625
0 0.93203125 0.1984375 0.0265625 0.1390625
0 0.68671875 0.14921875 0.01796875 0.1046875
0 0.56171875 0.146875 0.01640625 0.10859375
0 0.51484375 0.28671875 0.0359375 0.23359375
0 0.6015625 0.31796875 0.04140625 0.25703125
0 0.7609375 0.30546875 0.04296875 0.240625
0 0.66171875 0.1484375 0.0171875 0.10546875