0 0.696875 0.2078125 0.0265625 0.15625
0 0.7546875 0.15234375 0.01796875 0.1046875
0 0.82265625 0.19453125 0.02578125 0.13984375
0 0.86953125 0.18359375 0.02421875 0.12890625
0 0.6609375 0.81875 0.1640625 0.3609375
0 0.75546875 0.21171875 0.028125 0.15703125
0 0.11796875 0.24453125 0.040625 0.2140625
0 0.46328125 0.30625 0.0375 0.25390625
0 0.2421875 0.74765625 0.13046875 0.503125
0 0.69765625 0.14296875 0.01640625 0.09921875
0 0.615625 0.159375 0.01953125 0.11796875
0 0.946875 0.2328125 0.0328125 0.16953125
0 0.88671875 0.18203125 0.02421875 0.12578125
0 0.5984375 0.20625 0.02578125 0.15859375
0 0.7875 0.19453125 0.02578125 0.14140625
0 0.5140625 0.29609375 0.0375 0.24140625
0 0.7109375 0.278125 0.03828125 0.21875
0 0.88359375 0.2328125 0.0328125 0.17109375
0 0.759375 0.19921875 0.02578125 0.14609375
0 0.8515625 0.2359375 0.0328125 0.175
0 0.88515625 0.20546875 0.028125 0.146875