0 0.67265625 0.26171875 0.03515625 0.20546875
0 0.72578125 0.26328125 0.03515625 0.20390625
0 0.940625 0.203125 0.02734375 0.14296875
0 0.7390625 0.165625 0.0203125 0.11796875
0 0.91796875 0.35546875 0.05390625 0.278125
0 0.50625 0.25 0.03046875 0.2015625
0 0.44765625 0.2921875 0.03515625 0.24140625
0 0.9234375 0.33359375 0.05078125 0.25859375
0 0.434375 0.3203125 0.0390625 0.26640625
0 0.5765625 0.29609375 0.03828125 0.23984375
0 0.515625 0.284375 0.0359375 0.23125
0 0.52265625 0.30703125 0.0390625 0.2515625
0 0.84921875 0.3265625 0.04765625 0.2546875