0 0.775 0.16171875 0.0203125 0.11171875
0 0.6890625 0.26328125 0.03515625 0.20546875
0 0.33984375 0.23203125 0.02890625 0.19296875
0 0.7125 0.2125 0.02734375 0.16015625
0 0.59921875 0.3140625 0.04140625 0.2546875
0 0.6 0.278125 0.0359375 0.2234375
0 0.5140625 0.2875 0.0359375 0.234375
0 0.796875 0.16328125 0.0203125 0.1140625
0 0.3765625 0.48828125 0.06171875 0.41484375
0 0.79140625 0.18828125 0.02421875 0.13515625
0 0.92890625 0.203125 0.02734375 0.14296875
0 0.88671875 0.23046875 0.03203125 0.16875
0 0.9390625 0.19921875 0.02734375 0.13984375
0 0.02890625 0.84921875 0.05703125 0.3
0 0.1125 0.721875 0.1359375 0.5546875
0 0.74765625 0.16171875 0.01953125 0.11484375
0 0.65625 0.17109375 0.02109375 0.12578125
0 0.87890625 0.484375 0.07578125 0.390625
0 0.62265625 0.1703125 0.02109375 0.12578125
0 0.68125 0.1734375 0.02109375 0.12578125
0 0.728125 0.16015625 0.01953125 0.11328125
0 0.709375 0.15390625 0.01796875 0.10703125
0 0.96796875 0.25703125 0.0375 0.18984375
0 0.090625 0.25 0.04296875 0.21875
0 0.52265625 0.31015625 0.0390625 0.25390625
0 0.44375 0.284375 0.03359375 0.23515625
0 0.1390625 0.68828125 0.11640625 0.59296875
0 0.8640625 0.23203125 0.03203125 0.17109375
0 0.44921875 0.5265625 0.06640625 0.44375