0 0.0875 0.2484375 0.04296875 0.21796875
0 0.64609375 0.4890625 0.06875 0.4046875
0 0.9328125 0.203125 0.02734375 0.14296875
0 0.725 0.43203125 0.0625 0.3515625
0 0.7828125 0.465625 0.06953125 0.37890625
0 0.10234375 0.90859375 0.20390625 0.18125
0 0.24921875 0.7671875 0.140625 0.4640625
0 0.02265625 0.7296875 0.0453125 0.5375
0 0.5875 0.29921875 0.0390625 0.24140625
0 0.1046875 0.76875 0.16640625 0.4609375
0 0.83515625 0.209375 0.028125 0.153125
0 0.85546875 0.1984375 0.0265625 0.14140625
0 0.9296875 0.19765625 0.02734375 0.13828125
0 0.45 0.29609375 0.0359375 0.24453125
0 0.496875 0.25 0.03046875 0.2015625
0 0.10546875 0.8484375 0.2109375 0.30078125
0 0.725 0.2265625 0.03046875 0.17109375
0 0.434375 0.3140625 0.03828125 0.26171875
0 0.71484375 0.17421875 0.021875 0.12578125
0 0.5171875 0.31328125 0.03984375 0.25625
0 0.38515625 0.80390625 0.14375 0.38984375
0 0.67265625 0.54140625 0.078125 0.4484375
0 0.85546875 0.209375 0.028125 0.1515625
0 0.06875 0.7015625 0.1296875 0.5953125
0 0.51484375 0.28671875 0.0359375 0.23359375
0 0.684375 0.2609375 0.034375 0.20390625
0 0.7609375 0.22578125 0.03046875 0.1703125