0 0.81640625 0.2015625 0.0265625 0.1453125
0 0.73359375 0.18359375 0.0234375 0.134375
0 0.91796875 0.20625 0.02890625 0.14609375
0 0.94296875 0.26171875 0.03828125 0.19453125
0 0.6375 0.18046875 0.021875 0.13515625
0 0.6015625 0.1484375 0.0171875 0.10703125
0 0.82734375 0.165625 0.02109375 0.1140625
0 0.12421875 0.246875 0.040625 0.2140625
0 0.88046875 0.2625 0.0375 0.196875
0 0.70625 0.19140625 0.02421875 0.14140625
0 0.77890625 0.171875 0.021875 0.121875
0 0.91796875 0.23203125 0.0328125 0.16953125
0 0.41171875 0.2578125 0.03046875 0.21171875
0 0.45 0.25625 0.03046875 0.21015625
0 0.7765625 0.20390625 0.0265625 0.15
0 0.51171875 0.190625 0.02265625 0.14921875
0 0.6921875 0.27265625 0.03671875 0.2140625
0 0.8078125 0.1671875 0.02109375 0.115625
0 0.8609375 0.18203125 0.02421875 0.1265625
0 0.75703125 0.18125 0.02265625 0.13046875