0 0.6640625 0.17890625 0.021875 0.13203125
0 0.8015625 0.2078125 0.02734375 0.153125
0 0.815625 0.20234375 0.0265625 0.146875
0 0.4953125 0.2125 0.02578125 0.16953125
0 0.865625 0.2046875 0.02734375 0.14609375
0 0.88125 0.18984375 0.02578125 0.13359375
0 0.5 0.20546875 0.02421875 0.16328125
0 0.69140625 0.1484375 0.01796875 0.1046875
0 0.66484375 0.1640625 0.01953125 0.11875
0 0.22421875 0.2265625 0.0328125 0.19296875
0 0.703125 0.14921875 0.01796875 0.10390625
0 0.38203125 0.540625 0.06875 0.459375
0 0.7296875 0.15234375 0.01875 0.10625
0 0.92578125 0.21328125 0.0296875 0.1515625
0 0.87578125 0.209375 0.02890625 0.15
0 0.840625 0.20859375 0.028125 0.1515625
0 0.6953125 0.1796875 0.02265625 0.13125
0 0.7484375 0.190625 0.02421875 0.1390625