0 0.903125 0.4140625 0.06484375 0.32890625
0 0.65234375 0.1578125 0.01875 0.1140625
0 0.615625 0.15546875 0.01796875 0.1140625
0 0.59921875 0.3140625 0.04140625 0.2546875
0 0.09140625 0.25078125 0.04296875 0.21953125
0 0.90234375 0.2609375 0.0375 0.1953125
0 0.7671875 0.16640625 0.02109375 0.11796875
0 0.81875 0.20703125 0.02734375 0.15078125
0 0.78671875 0.18828125 0.02421875 0.13515625
0 0.671875 0.15859375 0.01875 0.1140625
0 0.08984375 0.5859375 0.103125 0.509375
0 0.6875 0.26328125 0.03515625 0.20546875
0 0.60390625 0.17265625 0.02109375 0.12890625
0 0.23359375 0.60859375 0.09140625 0.521875
0 0.1 0.26640625 0.0453125 0.23359375
0 0.9359375 0.20390625 0.02734375 0.14296875
0 0.4109375 0.3140625 0.0375 0.26171875
0 0.9390625 0.19921875 0.02734375 0.13984375
0 0.025 0.73125 0.04921875 0.5359375
0 0.75234375 0.14765625 0.0171875 0.10078125
0 0.76875 0.159375 0.01953125 0.1109375
0 0.70390625 0.14609375 0.01796875 0.1015625
0 0.81953125 0.4 0.059375 0.3203125
0 0.73671875 0.1484375 0.01796875 0.103125
0 0.52265625 0.31015625 0.0390625 0.25390625
0 0.44375 0.284375 0.03359375 0.23515625
0 0.55390625 0.26328125 0.0328125 0.2109375
0 0.0828125 0.69765625 0.125 0.603125
0 0.40625 0.49375 0.06171875 0.41875
0 0.5171875 0.28828125 0.0359375 0.23515625
0 0.8078125 0.1890625 0.02421875 0.13515625