0 0.7671875 0.75546875 0.13671875 0.48828125
0 0.7796875 0.15390625 0.01875 0.10546875
0 0.52109375 0.30703125 0.03828125 0.2515625
0 0.33125 0.6328125 0.08515625 0.53984375
0 0.7640625 0.15390625 0.01875 0.10546875
0 0.8234375 0.2265625 0.03046875 0.16875
0 0.7625 0.215625 0.02890625 0.1609375
0 0.44765625 0.29375 0.03515625 0.24296875
0 0.9328125 0.209375 0.02890625 0.1484375
0 0.5515625 0.396875 0.05234375 0.32890625
0 0.678125 0.26171875 0.03515625 0.2046875
0 0.9578125 0.31953125 0.0484375 0.24453125
0 0.5234375 0.2859375 0.0359375 0.23359375
0 0.79765625 0.15625 0.01953125 0.10703125
0 0.58671875 0.2984375 0.03828125 0.240625
0 0.45703125 0.3171875 0.0390625 0.26171875
0 0.08984375 0.2484375 0.04296875 0.21796875
0 0.76171875 0.38046875 0.05546875 0.30546875
0 0.7703125 0.18828125 0.02421875 0.13515625
0 0.95234375 0.25625 0.0375 0.18984375
0 0.85234375 0.203125 0.02734375 0.1453125
0 0.53359375 0.378125 0.04921875 0.3140625
0 0.0125 0.32578125 0.02421875 0.28984375
0 0.459375 0.66796875 0.08671875 0.56328125
0 0.50703125 0.2484375 0.03046875 0.2