0 0.8484375 0.20546875 0.02734375 0.1484375
0 0.75234375 0.178125 0.02265625 0.12890625
0 0.18046875 0.66171875 0.10703125 0.5703125
0 0.91640625 0.253125 0.03671875 0.18828125
0 0.67109375 0.2640625 0.03515625 0.20859375
0 0.81875 0.21328125 0.02890625 0.15625
0 0.82109375 0.246875 0.034375 0.1859375
0 0.74140625 0.24140625 0.03203125 0.18515625
0 0.22265625 0.71015625 0.11328125 0.578125
0 0.9453125 0.271875 0.03984375 0.20390625
0 0.59375 0.15 0.0171875 0.109375
0 0.81953125 0.18359375 0.02421875 0.13046875
0 0.5828125 0.31875 0.04140625 0.259375
0 0.621875 0.14921875 0.01796875 0.10859375
0 0.69609375 0.16484375 0.01953125 0.11875
0 0.10390625 0.246875 0.04140625 0.215625
0 0.7796875 0.1765625 0.02265625 0.125
0 0.61484375 0.30078125 0.03984375 0.24296875
0 0.72578125 0.17734375 0.021875 0.12890625
0 0.9609375 0.25546875 0.03671875 0.18828125
0 0.7875 0.2125 0.028125 0.15625
0 0.60234375 0.13828125 0.015625 0.09921875
0 0.54921875 0.32890625 0.04296875 0.26875
0 0.553125 0.27578125 0.03515625 0.2234375