0 0.67265625 0.26171875 0.03515625 0.20546875
0 0.7265625 0.14296875 0.0171875 0.096875
0 0.50625 0.24921875 0.03046875 0.20078125
0 0.940625 0.203125 0.02734375 0.14296875
0 0.86640625 0.3140625 0.04609375 0.24375
0 0.70859375 0.140625 0.01640625 0.0953125
0 0.72890625 0.2671875 0.03671875 0.20859375
0 0.91171875 0.34296875 0.05234375 0.26640625
0 0.9515625 0.33203125 0.05078125 0.25546875
0 0.44765625 0.2921875 0.03515625 0.24140625
0 0.76640625 0.16171875 0.01953125 0.11328125
0 0.5765625 0.29609375 0.03828125 0.23984375
0 0.515625 0.284375 0.0359375 0.23125
0 0.75 0.14375 0.0171875 0.096875
0 0.52265625 0.30703125 0.0390625 0.2515625
0 0.43203125 0.321875 0.03828125 0.26796875