0 0.75703125 0.15078125 0.01796875 0.103125
0 0.578125 0.29609375 0.03828125 0.2390625
0 0.76953125 0.18046875 0.02265625 0.12890625
0 0.81796875 0.18125 0.0234375 0.128125
0 0.52421875 0.309375 0.03984375 0.25390625
0 0.44609375 0.29375 0.03515625 0.24296875
0 0.50625 0.25 0.03046875 0.2015625
0 0.72265625 0.14375 0.0171875 0.09921875
0 0.0046875 0.3265625 0.009375 0.290625
0 0.73828125 0.27265625 0.03671875 0.21171875
0 0.46328125 0.3140625 0.03828125 0.259375
0 0.68046875 0.2609375 0.03515625 0.20390625
0 0.79296875 0.18125 0.0234375 0.12890625
0 0.94375 0.20390625 0.028125 0.14296875
0 0.0640625 0.25546875 0.0453125 0.22421875
0 0.51640625 0.284375 0.03515625 0.23203125
0 0.8984375 0.31796875 0.04765625 0.2453125