0 0.52109375 0.3125 0.03984375 0.25625
0 0.68203125 0.28359375 0.03828125 0.22421875
0 0.86875 0.21640625 0.0296875 0.15703125
0 0.44921875 0.29140625 0.03515625 0.240625
0 0.11640625 0.64765625 0.11171875 0.56015625
0 0.92265625 0.28125 0.04140625 0.21328125
0 0.025 0.71875 0.05 0.5609375
0 0.46484375 0.19609375 0.02265625 0.15546875
0 0.4484375 0.31328125 0.03828125 0.26015625
0 0.69453125 0.196875 0.025 0.146875
0 0.58046875 0.29609375 0.03828125 0.2390625
0 0.4921875 0.2515625 0.03046875 0.203125
0 0.5140625 0.284375 0.0359375 0.23125
0 0.0578125 0.590625 0.1078125 0.5140625
0 0.6578125 0.271875 0.0359375 0.21484375
0 0.8046875 0.1875 0.02421875 0.134375
0 0.88984375 0.2140625 0.02890625 0.15390625