0 0.7859375 0.19140625 0.02421875 0.13828125
0 0.596875 0.15546875 0.01796875 0.1140625
0 0.80625 0.17890625 0.02265625 0.1265625
0 0.6703125 0.14140625 0.01640625 0.0984375
0 0.87734375 0.23125 0.03203125 0.16953125
0 0.73359375 0.16171875 0.01953125 0.11484375
0 0.63125 0.15390625 0.01796875 0.11171875
0 0.87265625 0.20625 0.02734375 0.1484375
0 0.871875 0.20390625 0.02734375 0.14609375
0 0.70625 0.15078125 0.01796875 0.1046875
0 0.75 0.153125 0.01875 0.10625
0 0.49140625 0.21171875 0.025 0.16875
0 0.7703125 0.21171875 0.028125 0.15703125
0 0.81953125 0.2015625 0.02734375 0.14609375
0 0.9296875 0.1984375 0.02734375 0.1390625
0 0.5125 0.20625 0.025 0.16328125