0 0.45546875 0.315625 0.03828125 0.26171875
0 0.22421875 0.31796875 0.046875 0.271875
0 0.0765625 0.25234375 0.04453125 0.22109375
0 0.7421875 0.1734375 0.021875 0.125
0 0.5265625 0.30859375 0.0390625 0.2515625
0 0.815625 0.253125 0.03515625 0.19140625
0 0.8453125 0.24453125 0.034375 0.18359375
0 0.6796875 0.26171875 0.03515625 0.2046875
0 0.92265625 0.196875 0.0265625 0.13828125
0 0.5234375 0.2859375 0.0359375 0.23359375
0 0.91484375 0.31484375 0.04765625 0.24296875
0 0.86796875 0.203125 0.02734375 0.1453125
0 0.43359375 0.24375 0.02890625 0.19921875
0 0.58515625 0.29765625 0.0390625 0.23984375
0 0.3984375 0.2421875 0.028125 0.19921875
0 0.8515625 0.1796875 0.0234375 0.12578125
0 0.81015625 0.19453125 0.02578125 0.140625
0 0.44609375 0.29375 0.03515625 0.24296875
0 0.003125 0.32734375 0.00625 0.29140625
0 0.93125 0.203125 0.02734375 0.14296875
0 0.65390625 0.16171875 0.01953125 0.11796875
0 0.78515625 0.19375 0.025 0.140625
0 0.509375 0.25 0.03046875 0.2015625