0 0.6125 0.14765625 0.0171875 0.10625
0 0.88828125 0.246875 0.03515625 0.18359375
0 0.9328125 0.24921875 0.0359375 0.18359375
0 0.91953125 0.2359375 0.03359375 0.171875
0 0.6640625 0.53515625 0.0765625 0.44296875
0 0.6125 0.33359375 0.04453125 0.2703125
0 0.6796875 0.30703125 0.04140625 0.24453125
0 0.78671875 0.2515625 0.03515625 0.19296875
0 0.78984375 0.2015625 0.02578125 0.146875
0 0.60234375 0.15703125 0.01796875 0.11640625
0 0.1171875 0.24609375 0.04140625 0.2140625
0 0.81875 0.21328125 0.02890625 0.15625
0 0.0015625 0.30625 0.00234375 0.2734375
0 0.87109375 0.25703125 0.03671875 0.19375
0 0.75546875 0.59921875 0.09140625 0.49375
0 0.61640625 0.3734375 0.05078125 0.30546875
0 0.5109375 0.25 0.03046875 0.2015625
0 0.67734375 0.265625 0.03515625 0.209375
0 0.759375 0.19921875 0.02578125 0.14609375
0 0.62890625 0.1609375 0.01953125 0.11796875
0 0.7828125 0.15703125 0.01953125 0.10859375
0 0.646875 0.1546875 0.01796875 0.1109375
0 0.83203125 0.196875 0.02578125 0.14140625