0 0.93671875 0.20546875 0.02890625 0.14453125
0 0.62734375 0.26875 0.03515625 0.21328125
0 0.875 0.24453125 0.034375 0.18203125
0 0.134375 0.24453125 0.03984375 0.21171875
0 0.659375 0.15234375 0.01796875 0.10859375
0 0.93515625 0.25234375 0.03671875 0.1859375
0 0.6484375 0.17890625 0.021875 0.13359375
0 0.73125 0.19609375 0.02578125 0.14453125
0 0.62890625 0.153125 0.01796875 0.1109375
0 0.79140625 0.17109375 0.021875 0.1203125
0 0.65390625 0.29296875 0.03984375 0.23359375
0 0.69765625 0.20625 0.02578125 0.1546875
0 0.859375 0.25078125 0.03515625 0.18828125
0 0.8390625 0.253125 0.03515625 0.190625
0 0.95234375 0.2 0.02734375 0.1390625
0 0.2421875 0.80859375 0.1640625 0.38125