0 0.4921875 0.2515625 0.03046875 0.203125
0 0.27890625 0.290625 0.03984375 0.24609375
0 0.5640625 0.415625 0.05546875 0.34375
0 0.64765625 0.26171875 0.034375 0.20625
0 0.14609375 0.2640625 0.04296875 0.2296875
0 0.94140625 0.22421875 0.03125 0.1609375
0 0.84609375 0.2390625 0.03359375 0.17890625
0 0.82109375 0.18515625 0.02421875 0.13125
0 0.8296875 0.2265625 0.03046875 0.16796875
0 0.39453125 0.18984375 0.02109375 0.15390625
0 0.5234375 0.3109375 0.0390625 0.25546875
0 0.45703125 0.315625 0.03828125 0.2609375
0 0.5125 0.38671875 0.04921875 0.32109375
0 0.00703125 0.315625 0.0140625 0.28046875
0 0.72734375 0.15859375 0.01953125 0.1109375
0 0.6078125 0.25546875 0.03359375 0.2015625
0 0.5203125 0.284375 0.0359375 0.23203125
0 0.8671875 0.1859375 0.02421875 0.13046875
0 0.78515625 0.2234375 0.0296875 0.16640625
0 0.775 0.22890625 0.03046875 0.171875
0 0.44765625 0.29140625 0.03515625 0.240625
0 0.88984375 0.21796875 0.03046875 0.15859375
0 0.41953125 0.203125 0.0234375 0.1640625
0 0.5828125 0.29765625 0.03828125 0.23984375
0 0.74921875 0.159375 0.01953125 0.1109375