0 0.8375 0.4890625 0.07578125 0.39609375
0 0.7046875 0.1515625 0.01796875 0.10625
0 0.76484375 0.15390625 0.01875 0.10546875
0 0.9609375 0.25625 0.03671875 0.18828125
0 0.784375 0.24296875 0.0328125 0.18359375
0 0.453125 0.28359375 0.03359375 0.23359375
0 0.85078125 0.16953125 0.021875 0.11640625
0 0.59140625 0.2765625 0.03515625 0.221875
0 0.9453125 0.23203125 0.03359375 0.16875
0 0.83359375 0.21953125 0.03046875 0.16171875
0 0.89375 0.23203125 0.0328125 0.1703125
0 0.73828125 0.215625 0.028125 0.16171875
0 0.83515625 0.228125 0.03125 0.16875
0 0.10078125 0.246875 0.04140625 0.215625
0 0.596875 0.14609375 0.0171875 0.10546875
0 0.74296875 0.153125 0.01796875 0.10625
0 0.72265625 0.153125 0.01875 0.10625
0 0.778125 0.26015625 0.0359375 0.2
0 0.5890625 0.14296875 0.01640625 0.103125
0 0.59921875 0.3125 0.04140625 0.253125
0 0.5328125 0.31015625 0.0390625 0.25390625
0 0.78984375 0.21640625 0.02890625 0.1609375
0 0.72109375 0.23359375 0.03125 0.178125
0 0.6875 0.26171875 0.03515625 0.2046875
0 0.5171875 0.27109375 0.03359375 0.2203125
0 0.76484375 0.17421875 0.021875 0.12421875
0 0.4625 0.31171875 0.03828125 0.25859375
0 0.88125 0.4171875 0.06484375 0.33203125