0 0.9328125 0.203125 0.02734375 0.14296875
0 0.08203125 0.2515625 0.04296875 0.22109375
0 0.45078125 0.28984375 0.03515625 0.2390625
0 0.5875 0.29921875 0.0390625 0.24140625
0 0.93203125 0.1984375 0.0265625 0.1390625
0 0.68359375 0.140625 0.01640625 0.0984375
0 0.43984375 0.67734375 0.08671875 0.5734375
0 0.6265625 0.70234375 0.10078125 0.5859375
0 0.4984375 0.24921875 0.03046875 0.20078125
0 0.08984375 0.69921875 0.125 0.6
0 0.7359375 0.2515625 0.03359375 0.19453125
0 0.53359375 0.75390625 0.12109375 0.48984375
0 0.90703125 0.23046875 0.03203125 0.16796875
0 0.74609375 0.153125 0.01796875 0.10625
0 0.7359375 0.18828125 0.02421875 0.13671875
0 0.60703125 0.8328125 0.16640625 0.33203125
0 0.434375 0.3140625 0.03828125 0.26171875
0 0.54296875 0.65625 0.08984375 0.55
0 0.78203125 0.253125 0.03515625 0.19375
0 0.884375 0.415625 0.0640625 0.33125
0 0.703125 0.14296875 0.0171875 0.09921875
0 0.71796875 0.15546875 0.01875 0.10859375
0 0.5171875 0.31328125 0.03984375 0.25625
0 0.02265625 0.7296875 0.0453125 0.5375
0 0.684375 0.2609375 0.034375 0.20390625
0 0.665625 0.1421875 0.01640625 0.09921875
0 0.51484375 0.28671875 0.0359375 0.23359375
0 0.73125 0.15234375 0.01796875 0.10625
0 0.8875 0.2125 0.02890625 0.153125
0 0.8140625 0.4578125 0.06953125 0.37109375
0 0.88359375 0.23125 0.03203125 0.16953125