0 0.87734375 0.21640625 0.0296875 0.15703125
0 0.52109375 0.3125 0.03984375 0.25625
0 0.42109375 0.2015625 0.0234375 0.16328125
0 0.57734375 0.2953125 0.03828125 0.2390625
0 0.5140625 0.284375 0.0359375 0.23125
0 0.95546875 0.24140625 0.03515625 0.17578125
0 0.83515625 0.20390625 0.02734375 0.146875
0 0.68203125 0.28359375 0.03828125 0.22421875
0 0.6421875 0.2734375 0.03671875 0.21640625
0 0.63203125 0.19453125 0.02421875 0.1484375
0 0.96171875 0.2859375 0.04296875 0.21484375
0 0.4921875 0.2515625 0.03046875 0.203125
0 0.44765625 0.29140625 0.03515625 0.240625
0 0.896875 0.27578125 0.03984375 0.20859375
0 0.4484375 0.31328125 0.03828125 0.26015625
0 0.95546875 0.35546875 0.05546875 0.27578125
0 0.784375 0.178125 0.02265625 0.1265625