0 0.81484375 0.39140625 0.05859375 0.31328125
0 0.78671875 0.19140625 0.025 0.1390625
0 0.60625 0.39296875 0.053125 0.321875
0 0.6828125 0.14140625 0.01640625 0.0984375
0 0.7671875 0.15390625 0.01875 0.10625
0 0.5109375 0.2484375 0.03046875 0.20078125
0 0.678125 0.26171875 0.03515625 0.2046875
0 0.86171875 0.20703125 0.028125 0.14921875
0 0.9578125 0.31953125 0.0484375 0.24453125
0 0.765625 0.15703125 0.01953125 0.109375
0 0.0125 0.32578125 0.02421875 0.28984375
0 0.79765625 0.15625 0.01953125 0.10703125
0 0.72265625 0.146875 0.01796875 0.1015625
0 0.58671875 0.2984375 0.03828125 0.240625
0 0.45703125 0.3171875 0.0390625 0.26171875
0 0.08984375 0.2484375 0.04296875 0.21796875
0 0.77265625 0.75625 0.1375 0.4859375
0 0.36640625 0.61640625 0.0796875 0.52421875
0 0.44609375 0.29375 0.03515625 0.24296875
0 0.534375 0.634375 0.0859375 0.53203125
0 0.58828125 0.37578125 0.05 0.30859375
0 0.52109375 0.30703125 0.03828125 0.2515625
0 0.79453125 0.22109375 0.0296875 0.16484375
0 0.928125 0.2140625 0.0296875 0.1515625
0 0.75234375 0.21875 0.02890625 0.1640625
0 0.525 0.28671875 0.0359375 0.23359375