0 0.80390625 0.1671875 0.02109375 0.115625
0 0.9390625 0.19921875 0.02734375 0.13984375
0 0.6890625 0.26328125 0.03515625 0.20546875
0 0.9359375 0.20390625 0.02734375 0.14296875
0 0.59921875 0.3140625 0.04140625 0.2546875
0 0.4359375 0.30546875 0.03671875 0.253125
0 0.5765625 0.49375 0.06640625 0.41171875
0 0.19375 0.25625 0.0390625 0.2203125
0 0.828125 0.19921875 0.0265625 0.14375
0 0.23125 0.5359375 0.08046875 0.4609375
0 0.8609375 0.221875 0.03046875 0.16171875
0 0.79921875 0.19921875 0.02578125 0.1453125
0 0.36640625 0.5453125 0.06953125 0.46328125
0 0.67578125 0.1640625 0.01953125 0.11953125
0 0.778125 0.17421875 0.021875 0.12421875
0 0.15078125 0.6796875 0.11328125 0.58515625
0 0.025 0.73125 0.04921875 0.5359375
0 0.84375 0.453125 0.06953125 0.36484375
0 0.759375 0.15234375 0.01796875 0.1046875
0 0.7109375 0.15078125 0.01796875 0.1046875
0 0.090625 0.25 0.04296875 0.21875
0 0.65234375 0.16328125 0.01953125 0.11875
0 0.52265625 0.31015625 0.0390625 0.25390625
0 0.44375 0.284375 0.03359375 0.23515625
0 0.515625 0.28828125 0.0359375 0.23515625
0 0.61328125 0.1609375 0.01875 0.11796875
0 0.74453125 0.15390625 0.01875 0.10625
0 0.5703125 0.265625 0.03359375 0.21328125
0 0.63828125 0.18203125 0.02265625 0.1359375
0 0.9609375 0.28046875 0.04140625 0.21015625