0 0.86875 0.1984375 0.0265625 0.140625
0 0.72109375 0.190625 0.02421875 0.140625
0 0.52265625 0.30859375 0.0390625 0.253125
0 0.3359375 0.70390625 0.0953125 0.590625
0 0.45078125 0.28359375 0.034375 0.23359375
0 0.84375 0.23359375 0.03203125 0.1734375
0 0.43125 0.61953125 0.07890625 0.52421875
0 0.64453125 0.196875 0.025 0.14921875
0 0.453125 0.31171875 0.03828125 0.25859375
0 0.09609375 0.2484375 0.04296875 0.21796875
0 0.68203125 0.20078125 0.02578125 0.15078125
0 0.821875 0.38828125 0.0578125 0.309375
0 0.8140625 0.553125 0.08515625 0.4515625
0 0.83671875 0.18125 0.02421875 0.128125
0 0.5578125 0.4859375 0.06484375 0.4046875
0 0.73359375 0.18046875 0.02265625 0.13046875
0 0.625 0.515625 0.07265625 0.428125
0 0.5890625 0.2765625 0.0359375 0.221875
0 0.83515625 0.203125 0.02734375 0.14609375
0 0.71953125 0.390625 0.05546875 0.315625
0 0.503125 0.44296875 0.05703125 0.3703125
0 0.53515625 0.19609375 0.0234375 0.153125
0 0.44375 0.7203125 0.0984375 0.55703125
0 0.71953125 0.20390625 0.02578125 0.1515625
0 0.65 0.61953125 0.0890625 0.51484375
0 0.68515625 0.26171875 0.03515625 0.20546875
0 0.8296875 0.684375 0.10859375 0.56328125
0 0.5171875 0.28125 0.03515625 0.22890625
0 0.8265625 0.19453125 0.02578125 0.1390625
0 0.89140625 0.1953125 0.02578125 0.13671875
0 0.6015625 0.31328125 0.04140625 0.25390625
0 0.865625 0.6 0.09609375 0.490625
0 0.7546875 0.18359375 0.0234375 0.13203125
0 0.65625 0.16640625 0.0203125 0.121875