0 0.71015625 0.1640625 0.0203125 0.11796875
0 0.909375 0.234375 0.03359375 0.171875
0 0.8640625 0.22578125 0.03125 0.165625
0 0.92734375 0.22734375 0.03203125 0.1640625
0 0.9125 0.18515625 0.02421875 0.128125
0 0.42265625 0.21796875 0.02578125 0.17578125
0 0.73203125 0.1796875 0.02265625 0.1296875
0 0.440625 0.17109375 0.01953125 0.134375
0 0.75 0.14921875 0.01796875 0.103125
0 0.59140625 0.15546875 0.01796875 0.1140625
0 0.79375 0.221875 0.0296875 0.16484375
0 0.646875 0.16796875 0.02109375 0.1234375
0 0.740625 0.16640625 0.02109375 0.11875
0 0.3890625 0.21484375 0.02421875 0.17578125
0 0.86875 0.23671875 0.0328125 0.175
0 0.85078125 0.19765625 0.0265625 0.14140625
0 0.68984375 0.265625 0.03515625 0.20859375
0 0.81875 0.178125 0.02265625 0.125
0 0.12265625 0.24609375 0.040625 0.21484375
0 0.7265625 0.15234375 0.01796875 0.10625
0 0.9609375 0.26875 0.03984375 0.2