0 0.79375 0.17109375 0.02109375 0.1203125
0 0.096875 0.2484375 0.0421875 0.21640625
0 0.79765625 0.1609375 0.0203125 0.1109375
0 0.45625 0.29453125 0.0359375 0.24296875
0 0.796875 0.19921875 0.0265625 0.1453125
0 0.49765625 0.25078125 0.03046875 0.203125
0 0.52578125 0.31171875 0.03984375 0.2546875
0 0.7640625 0.16796875 0.02109375 0.11875
0 0.79375 0.18203125 0.0234375 0.1296875
0 0.9421875 0.2015625 0.02734375 0.140625
0 0.6875 0.1640625 0.0203125 0.11875
0 0.815625 0.196875 0.02578125 0.14140625
0 0.5125 0.2875 0.0359375 0.234375
0 0.79453125 0.22421875 0.03046875 0.16640625
0 0.53984375 0.16640625 0.01953125 0.1265625
0 0.82890625 0.1859375 0.02421875 0.13125
0 0.1265625 0.81328125 0.18984375 0.371875
0 0.74609375 0.14921875 0.01796875 0.1015625
0 0.4359375 0.31953125 0.0390625 0.265625
0 0.20625 0.7390625 0.13203125 0.5203125
0 0.6875 0.26328125 0.03515625 0.20546875
0 0.5875 0.2984375 0.0390625 0.24140625