0 0.79609375 0.24921875 0.034375 0.1890625
0 0.71171875 0.1546875 0.01875 0.109375
0 0.93984375 0.2359375 0.03359375 0.171875
0 0.65390625 0.1734375 0.02109375 0.128125
0 0.74375 0.29375 0.040625 0.23046875
0 0.76015625 0.68671875 0.10546875 0.56796875
0 0.734375 0.15546875 0.01875 0.10859375
0 0.865625 0.22109375 0.03046875 0.1609375
0 0.771875 0.16328125 0.0203125 0.1140625
0 0.82734375 0.24140625 0.03359375 0.18125
0 0.62578125 0.13671875 0.01640625 0.09609375
0 0.9359375 0.19453125 0.0265625 0.1359375
0 0.92421875 0.1984375 0.02734375 0.1390625
0 0.11796875 0.24453125 0.040625 0.2140625
0 0.58515625 0.146875 0.01640625 0.10625
0 0.80078125 0.21484375 0.02890625 0.159375
0 0.82109375 0.21015625 0.028125 0.15390625
0 0.684375 0.2265625 0.0296875 0.17421875
0 0.60390625 0.1375 0.015625 0.096875
0 0.61953125 0.3515625 0.04765625 0.28671875
0 0.5578125 0.3671875 0.0484375 0.303125