0 0.7171875 0.14921875 0.01796875 0.10390625
0 0.58828125 0.35078125 0.04609375 0.28671875
0 0.6546875 0.15625 0.01796875 0.11171875
0 0.67578125 0.14375 0.01640625 0.10078125
0 0.68515625 0.17578125 0.021875 0.12890625
0 0.77265625 0.603125 0.0921875 0.49609375
0 0.67578125 0.15703125 0.01875 0.11328125
0 0.653125 0.175 0.02109375 0.1296875
0 0.93046875 0.1984375 0.02734375 0.1390625
0 0.9421875 0.19765625 0.02734375 0.13828125
0 0.6921875 0.14609375 0.01796875 0.1015625
0 0.96640625 0.2546875 0.03671875 0.18671875
0 0.75390625 0.19296875 0.025 0.140625
0 0.94921875 0.234375 0.03359375 0.1703125
0 0.90859375 0.26015625 0.0375 0.19453125
0 0.740625 0.19765625 0.02578125 0.1453125
0 0.81953125 0.190625 0.025 0.13671875
0 0.715625 0.19453125 0.02421875 0.14453125