0 0.13125 0.24375 0.03984375 0.21171875
0 0.77421875 0.1890625 0.02421875 0.13671875
0 0.73203125 0.15390625 0.01875 0.10703125
0 0.68515625 0.1890625 0.0234375 0.140625
0 0.9609375 0.2015625 0.02734375 0.140625
0 0.82890625 0.22265625 0.03046875 0.1640625
0 0.7359375 0.20859375 0.02734375 0.15546875
0 0.1578125 0.36796875 0.059375 0.31875
0 0.5953125 0.1484375 0.0171875 0.10703125
0 0.9296875 0.24765625 0.0359375 0.18203125
0 0.65703125 0.1875 0.0234375 0.13984375
0 0.94375 0.4015625 0.06328125 0.31640625
0 0.89609375 0.25546875 0.03671875 0.190625
0 0.86484375 0.2265625 0.03125 0.16640625
0 0.87265625 0.18671875 0.025 0.13125
0 0.67265625 0.2125 0.02734375 0.16171875
0 0.590625 0.15546875 0.01796875 0.1140625
0 0.721875 0.18828125 0.02421875 0.13828125
0 0.74609375 0.1890625 0.02421875 0.13828125
0 0.1421875 0.33671875 0.05546875 0.29296875
0 0.7578125 0.2046875 0.0265625 0.1515625