0 0.58984375 0.159375 0.01875 0.11796875
0 0.3359375 0.29765625 0.03828125 0.25078125
0 0.62421875 0.159375 0.01953125 0.11640625
0 0.63046875 0.140625 0.01640625 0.09921875
0 0.784375 0.21328125 0.02890625 0.15859375
0 0.9328125 0.20546875 0.028125 0.14453125
0 0.68125 0.16875 0.0203125 0.1234375
0 0.884375 0.2625 0.03828125 0.196875
0 0.84140625 0.21171875 0.02890625 0.15390625
0 0.93125 0.2 0.02734375 0.140625
0 0.70625 0.16640625 0.0203125 0.1203125
0 0.68359375 0.15703125 0.01875 0.11171875
0 0.1015625 0.7765625 0.17265625 0.4453125
0 0.65703125 0.16796875 0.0203125 0.121875
0 0.94296875 0.19765625 0.02734375 0.13828125
0 0.8171875 0.18515625 0.02421875 0.13125