0 0.365625 0.7296875 0.10625 0.5390625
0 0.79375 0.3984375 0.05859375 0.3203125
0 0.67578125 0.26171875 0.03515625 0.2046875
0 0.7671875 0.75546875 0.13671875 0.48828125
0 0.8015625 0.15703125 0.01953125 0.10625
0 0.71015625 0.153125 0.01875 0.10859375
0 0.69375 0.21796875 0.028125 0.165625
0 0.96015625 0.31875 0.04921875 0.24375
0 0.77734375 0.16328125 0.0203125 0.1140625
0 0.45703125 0.3171875 0.0390625 0.26171875
0 0.73125 0.1625 0.01953125 0.115625
0 0.49921875 0.25 0.03046875 0.2015625
0 0.95 0.24375 0.03515625 0.17890625
0 0.58671875 0.2984375 0.03828125 0.240625
0 0.409375 0.6109375 0.07734375 0.51875
0 0.08984375 0.2484375 0.04296875 0.21796875
0 0.94140625 0.23515625 0.03359375 0.1703125
0 0.01171875 0.325 0.02265625 0.2890625
0 0.84453125 0.20703125 0.028125 0.15
0 0.94609375 0.28828125 0.04296875 0.21796875
0 0.44296875 0.29296875 0.03515625 0.24296875
0 0.7234375 0.19921875 0.02578125 0.1484375
0 0.771875 0.3734375 0.0546875 0.29921875
0 0.528125 0.30859375 0.0390625 0.253125
0 0.525 0.28671875 0.0359375 0.23359375
0 0.76328125 0.1546875 0.01875 0.10703125