0 0.43359375 0.2890625 0.034375 0.23984375
0 0.6375 0.253125 0.0328125 0.19921875
0 0.95390625 0.2890625 0.04296875 0.21796875
0 0.49375 0.2515625 0.03046875 0.20390625
0 0.6515625 0.26875 0.03515625 0.21328125
0 0.5515625 0.4921875 0.065625 0.41015625
0 0.50859375 0.19375 0.02265625 0.153125
0 0.92265625 0.22890625 0.03203125 0.165625
0 0.52109375 0.30703125 0.03828125 0.2515625
0 0.53125 0.5703125 0.07578125 0.478125
0 0.5765625 0.29609375 0.03828125 0.23984375
0 0.515625 0.284375 0.0359375 0.23125
0 0.921875 0.203125 0.02734375 0.14375
0 0.4484375 0.459375 0.0578125 0.38671875
0 0.4140625 0.3265625 0.0390625 0.2734375
0 0.77890625 0.18515625 0.02421875 0.13359375