0 0.93671875 0.20546875 0.02890625 0.14453125
0 0.71171875 0.178125 0.02265625 0.13046875
0 0.67734375 0.14296875 0.01640625 0.09921875
0 0.65390625 0.14453125 0.01640625 0.1015625
0 0.94921875 0.28359375 0.0421875 0.2140625
0 0.6078125 0.14453125 0.01640625 0.1046875
0 0.95 0.2 0.02734375 0.1390625
0 0.8890625 0.1859375 0.02421875 0.1296875
0 0.678125 0.2140625 0.02734375 0.1640625
0 0.9015625 0.259375 0.0375 0.19453125
0 0.7375 0.1765625 0.02265625 0.128125
0 0.146875 0.24921875 0.03984375 0.215625
0 0.84140625 0.25703125 0.03671875 0.19375
0 0.8421875 0.2859375 0.04140625 0.2203125