0 0.5953125 0.14375 0.01640625 0.1046875
0 0.60078125 0.309375 0.040625 0.25078125
0 0.8484375 0.22578125 0.03046875 0.165625
0 0.709375 0.15546875 0.01796875 0.109375
0 0.7875 0.24765625 0.03359375 0.18828125
0 0.84609375 0.2328125 0.03203125 0.1734375
0 0.7296875 0.15625 0.01953125 0.109375
0 0.453125 0.28359375 0.03359375 0.23359375
0 0.91171875 0.2390625 0.034375 0.17578125
0 0.75078125 0.15546875 0.01875 0.10703125
0 0.59140625 0.2765625 0.03515625 0.221875
0 0.603125 0.1484375 0.0171875 0.10703125
0 0.8015625 0.271875 0.03828125 0.209375
0 0.10078125 0.246875 0.04140625 0.215625
0 0.928125 0.42578125 0.06640625 0.33828125
0 0.759375 0.221875 0.02890625 0.16640625
0 0.51171875 0.26484375 0.0328125 0.21484375
0 0.80546875 0.22265625 0.03046875 0.165625
0 0.728125 0.23359375 0.03046875 0.178125
0 0.6875 0.26171875 0.03515625 0.2046875
0 0.87890625 0.48125 0.075 0.3890625
0 0.53515625 0.30703125 0.0390625 0.2515625
0 0.78671875 0.171875 0.021875 0.121875
0 0.77109375 0.15625 0.01875 0.10703125
0 0.96953125 0.24140625 0.03515625 0.17578125
0 0.4625 0.31171875 0.03828125 0.25859375