0 0.7890625 0.203125 0.0265625 0.14921875
0 0.72265625 0.15234375 0.01796875 0.10625
0 0.8515625 0.22578125 0.03046875 0.16640625
0 0.6984375 0.1515625 0.01796875 0.10625
0 0.89921875 0.45546875 0.071875 0.36484375
0 0.4171875 0.1890625 0.02109375 0.1515625
0 0.67421875 0.2640625 0.03515625 0.20703125
0 0.46484375 0.19453125 0.02265625 0.1546875
0 0.8796875 0.1984375 0.0265625 0.140625
0 0.825 0.18359375 0.0234375 0.13046875
0 0.79375 0.1625 0.0203125 0.11171875
0 0.9484375 0.20859375 0.02890625 0.146875
0 0.55078125 0.15703125 0.01796875 0.11796875
0 0.8890625 0.22578125 0.03125 0.16484375
0 0.8171875 0.19921875 0.0265625 0.14453125
0 0.80390625 0.17421875 0.021875 0.121875
0 0.59765625 0.1484375 0.01796875 0.10859375
0 0.76328125 0.19296875 0.025 0.14140625
0 0.846875 0.2046875 0.02734375 0.1484375
0 0.76953125 0.1609375 0.01953125 0.11171875
0 0.1234375 0.24453125 0.040625 0.21328125