0 0.51953125 0.2828125 0.03515625 0.23046875
0 0.4921875 0.2515625 0.03046875 0.203125
0 0.60703125 0.25625 0.03359375 0.203125
0 0.85625 0.240625 0.03359375 0.1796875
0 0.66328125 0.2390625 0.03125 0.1859375
0 0.67890625 0.36875 0.05078125 0.2984375
0 0.44453125 0.31796875 0.03828125 0.2640625
0 0.52578125 0.31015625 0.03984375 0.25390625
0 0.65078125 0.2609375 0.034375 0.20546875
0 0.83515625 0.22734375 0.03125 0.16796875
0 0.4515625 0.29140625 0.03515625 0.240625
0 0.7875 0.221875 0.03046875 0.16484375
0 0.62421875 0.33984375 0.0453125 0.27578125
0 0.7875 0.38828125 0.05703125 0.31171875
0 0.575 0.2953125 0.03828125 0.2390625
0 0.7828125 0.22890625 0.03046875 0.171875
0 0.69453125 0.234375 0.03125 0.1796875
0 0.240625 0.2359375 0.03359375 0.20078125
0 0.86796875 0.496875 0.078125 0.403125