0 0.75 0.1796875 0.02265625 0.1296875
0 0.68515625 0.17890625 0.02265625 0.13203125
0 0.4359375 0.30390625 0.03671875 0.253125
0 0.64296875 0.85234375 0.18125 0.29375
0 0.50390625 0.15546875 0.01796875 0.11875
0 0.75546875 0.190625 0.02421875 0.1390625
0 0.88671875 0.209375 0.028125 0.15
0 0.078125 0.5703125 0.10234375 0.49609375
0 0.7671875 0.1703125 0.02109375 0.1203125
0 0.6390625 0.190625 0.0234375 0.14375
0 0.24609375 0.2140625 0.0296875 0.18046875
0 0.5640625 0.15078125 0.01796875 0.1109375
0 0.75859375 0.20078125 0.02578125 0.146875
0 0.596875 0.14921875 0.0171875 0.109375
0 0.8625 0.1953125 0.02578125 0.1390625
0 0.4015625 0.18203125 0.02109375 0.14609375
0 0.496875 0.1609375 0.01796875 0.1234375
0 0.64765625 0.16640625 0.0203125 0.121875
0 0.50390625 0.20546875 0.02421875 0.16171875
0 0.046875 0.7078125 0.09375 0.58125
0 0.94453125 0.25546875 0.0375 0.1890625
0 0.8234375 0.2015625 0.0265625 0.14609375
0 0.58984375 0.16171875 0.01953125 0.1203125
0 0.86875 0.7453125 0.1375 0.50703125
0 0.71875 0.18046875 0.02265625 0.13125
0 0.8546875 0.21015625 0.02890625 0.1515625
0 0.278125 0.20546875 0.02734375 0.171875
0 0.89140625 0.2390625 0.03359375 0.1765625
0 0.48828125 0.2109375 0.02578125 0.16796875
0 0.10078125 0.6234375 0.109375 0.540625
0 0.61875 0.17265625 0.02109375 0.12890625
0 0.65390625 0.57578125 0.0828125 0.478125
0 0.3859375 0.29375 0.03515625 0.2453125
0 0.7921875 0.2171875 0.02890625 0.16015625
0 0.91171875 0.23515625 0.03359375 0.171875
0 0.875 0.20546875 0.028125 0.146875