0 0.82578125 0.2609375 0.03671875 0.1984375
0 0.91796875 0.2734375 0.03984375 0.20546875
0 0.1234375 0.24765625 0.04140625 0.215625
0 0.55625 0.184375 0.021875 0.140625
0 0.775 0.16796875 0.02109375 0.11796875
0 0.753125 0.18046875 0.02265625 0.1296875
0 0.6796875 0.265625 0.03515625 0.20859375
0 0.78203125 0.16171875 0.0203125 0.11328125
0 0.41953125 0.6578125 0.084375 0.55625
0 0.88828125 0.23125 0.03203125 0.16953125
0 0.78828125 0.18046875 0.02265625 0.12890625
0 0.7625 0.171875 0.021875 0.12109375
0 0.75078125 0.16015625 0.01953125 0.11328125
0 0.81875 0.16171875 0.01953125 0.1109375
0 0.86640625 0.25546875 0.03671875 0.19296875
0 0.8640625 0.1671875 0.02109375 0.1140625
0 0.2984375 0.5859375 0.08125 0.5
0 0.640625 0.2 0.025 0.1515625