0 0.3109375 0.66484375 0.09140625 0.56640625
0 0.3734375 0.565625 0.07265625 0.48125
0 0.578125 0.29609375 0.03828125 0.2390625
0 0.9140625 0.209375 0.02890625 0.14921875
0 0.96953125 0.24296875 0.03515625 0.17578125
0 0.4390625 0.31875 0.03828125 0.26484375
0 0.50703125 0.19375 0.02265625 0.1515625
0 0.66640625 0.27578125 0.03671875 0.21875
0 0.74296875 0.19296875 0.02421875 0.14140625
0 0.49375 0.2515625 0.03046875 0.20390625
0 0.4484375 0.29140625 0.03515625 0.23984375
0 0.51953125 0.30703125 0.03828125 0.25078125
0 0.92265625 0.28125 0.04140625 0.21328125
0 0.515625 0.284375 0.0359375 0.23125
0 0.28828125 0.51640625 0.071875 0.44296875
0 0.6328125 0.25859375 0.03359375 0.2046875
0 0.85625 0.20625 0.02734375 0.14921875