0 0.4703125 0.1703125 0.01953125 0.13359375
0 0.55234375 0.52421875 0.07109375 0.43828125
0 0.7625 0.1703125 0.02109375 0.1203125
0 0.8265625 0.19453125 0.02578125 0.1390625
0 0.78046875 0.19375 0.025 0.140625
0 0.80234375 0.17421875 0.02265625 0.121875
0 0.8796875 0.2609375 0.0375 0.19609375
0 0.70078125 0.18984375 0.02421875 0.140625
0 0.68515625 0.56171875 0.08203125 0.46484375
0 0.440625 0.16953125 0.01953125 0.134375
0 0.79140625 0.184375 0.0234375 0.13125
0 0.67265625 0.26328125 0.03515625 0.20625
0 0.83203125 0.17421875 0.02265625 0.1203125
0 0.9390625 0.24921875 0.0359375 0.18359375
0 0.8828125 0.17890625 0.0234375 0.1234375
0 0.56328125 0.175 0.02109375 0.13359375
0 0.7546875 0.15546875 0.01875 0.10703125
0 0.809375 0.18203125 0.0234375 0.12890625
0 0.1234375 0.24453125 0.040625 0.21328125