0 0.5234375 0.31015625 0.0390625 0.25390625
0 0.8390625 0.22578125 0.03046875 0.16640625
0 0.8515625 0.240625 0.03359375 0.17890625
0 0.4671875 0.32421875 0.03984375 0.26875
0 0.49765625 0.25234375 0.03046875 0.2046875
0 0.6046875 0.25546875 0.0328125 0.203125
0 0.93046875 0.46875 0.075 0.375
0 0.45546875 0.2921875 0.03515625 0.24140625
0 0.653125 0.2609375 0.034375 0.20546875
0 0.1796875 0.25078125 0.0390625 0.21640625
0 0.7 0.3515625 0.04921875 0.28359375
0 0.84609375 0.3921875 0.05859375 0.31171875
0 0.784375 0.221875 0.03046875 0.16640625
0 0.78359375 0.228125 0.03125 0.17109375
0 0.75546875 0.2484375 0.03359375 0.190625
0 0.51796875 0.2828125 0.03515625 0.23046875
0 0.7109375 0.25078125 0.03359375 0.19375
0 0.6296875 0.34609375 0.04609375 0.28125
0 0.57734375 0.2953125 0.03828125 0.2390625