0 0.496875 0.2515625 0.03046875 0.20390625
0 0.5015625 0.22890625 0.02734375 0.18359375
0 0.6484375 0.259375 0.034375 0.20390625
0 0.7421875 0.46875 0.06875 0.38359375
0 0.93984375 0.2359375 0.03359375 0.17109375
0 0.3921875 0.19921875 0.02265625 0.1609375
0 0.696875 0.5296875 0.07734375 0.43671875
0 0.89296875 0.27421875 0.03984375 0.20703125
0 0.346875 0.2015625 0.02421875 0.165625
0 0.8265625 0.2265625 0.03046875 0.16796875
0 0.8515625 0.240625 0.03359375 0.1796875
0 0.60390625 0.25625 0.0328125 0.203125
0 0.4625 0.3171875 0.0390625 0.26171875
0 0.7859375 0.23046875 0.03125 0.1734375
0 0.525 0.37421875 0.0484375 0.309375
0 0.61953125 0.36796875 0.05 0.30078125
0 0.4890625 0.2390625 0.02890625 0.19375
0 0.52578125 0.31328125 0.03984375 0.25546875
0 0.571875 0.29453125 0.03828125 0.2390625
0 0.7890625 0.2234375 0.03046875 0.16640625
0 0.415625 0.20625 0.02421875 0.16640625
0 0.9015625 0.234375 0.0328125 0.171875
0 0.68046875 0.340625 0.046875 0.27421875