0 0.43828125 0.290625 0.03515625 0.23984375
0 0.96328125 0.290625 0.04375 0.21875
0 0.49375 0.2515625 0.03046875 0.20390625
0 0.49609375 0.4453125 0.05703125 0.371875
0 0.65234375 0.26640625 0.03515625 0.2109375
0 0.790625 0.18359375 0.0234375 0.13125
0 0.5125 0.19296875 0.02265625 0.15
0 0.59609375 0.478125 0.065625 0.39609375
0 0.51953125 0.30703125 0.03828125 0.25078125
0 0.60234375 0.54375 0.07578125 0.453125
0 0.4125 0.32578125 0.0390625 0.271875
0 0.5765625 0.29609375 0.03828125 0.23984375
0 0.515625 0.284375 0.0359375 0.23125
0 0.9234375 0.203125 0.02734375 0.14296875
0 0.95 0.2390625 0.03359375 0.17421875
0 0.646875 0.253125 0.0328125 0.19921875