0 0.53125 0.309375 0.0390625 0.253125
0 0.0875 0.69453125 0.12421875 0.60078125
0 0.015625 0.3234375 0.03125 0.2875
0 0.88984375 0.21328125 0.0296875 0.15390625
0 0.5 0.25 0.03046875 0.2015625
0 0.07265625 0.60546875 0.10859375 0.52578125
0 0.51484375 0.28671875 0.0359375 0.23359375
0 0.859375 0.20859375 0.028125 0.15078125
0 0.68984375 0.14765625 0.01796875 0.103125
0 0.91875 0.21328125 0.0296875 0.1515625
0 0.7734375 0.19140625 0.025 0.1390625
0 0.4375 0.31640625 0.03828125 0.26328125
0 0.2921875 0.26796875 0.0359375 0.22578125
0 0.775 0.16953125 0.02109375 0.11953125
0 0.82890625 0.16796875 0.02109375 0.115625
0 0.80390625 0.1640625 0.0203125 0.11328125
0 0.76328125 0.7515625 0.13515625 0.49453125
0 0.66640625 0.2609375 0.03515625 0.20546875
0 0.959375 0.325 0.04921875 0.25
0 0.7703125 0.221875 0.0296875 0.16640625
0 0.93984375 0.20078125 0.02734375 0.140625
0 0.26328125 0.25078125 0.03515625 0.21171875
0 0.58515625 0.29765625 0.0390625 0.23984375
0 0.44296875 0.29375 0.03515625 0.24296875
0 0.79140625 0.16328125 0.0203125 0.1140625
0 0.09296875 0.25 0.04296875 0.21875