0 0.87578125 0.20390625 0.02734375 0.1453125
0 0.4671875 0.31328125 0.03828125 0.259375
0 0.92109375 0.196875 0.0265625 0.1390625
0 0.69296875 0.17109375 0.02109375 0.12421875
0 0.39140625 0.29375 0.03515625 0.2453125
0 0.75703125 0.19765625 0.02578125 0.1453125
0 0.509375 0.25 0.03046875 0.2015625
0 0.76796875 0.75390625 0.1359375 0.490625
0 0.95390625 0.28671875 0.04296875 0.215625
0 0.325 0.303125 0.0390625 0.25546875
0 0.5234375 0.2859375 0.0359375 0.23359375
0 0.646875 0.2140625 0.02734375 0.1640625
0 0.81875 0.178125 0.02265625 0.125
0 0.95234375 0.24765625 0.03515625 0.18203125
0 0.68515625 0.20859375 0.02734375 0.15859375
0 0.07890625 0.253125 0.04375 0.221875
0 0.58515625 0.29765625 0.0390625 0.23984375
0 0.91796875 0.22421875 0.03125 0.16171875
0 0.42265625 0.346875 0.0421875 0.28984375
0 0.003125 0.32734375 0.00625 0.29140625
0 0.44296875 0.29296875 0.03515625 0.24296875
0 0.5296875 0.30859375 0.0390625 0.253125
0 0.68125 0.26171875 0.03515625 0.2046875
0 0.959375 0.325 0.04921875 0.25
0 0.8828125 0.22890625 0.03203125 0.16796875