0 0.5 0.17421875 0.0203125 0.13515625
0 0.89453125 0.3484375 0.053125 0.2734375
0 0.65625 0.26953125 0.03515625 0.21328125
0 0.57734375 0.2953125 0.03828125 0.2390625
0 0.5140625 0.284375 0.0359375 0.23125
0 0.7484375 0.15703125 0.01953125 0.109375
0 0.83828125 0.1984375 0.02578125 0.14296875
0 0.3109375 0.2265625 0.02890625 0.1890625
0 0.80859375 0.17890625 0.02265625 0.12578125
0 0.51640625 0.309375 0.0390625 0.2546875
0 0.4921875 0.2515625 0.03046875 0.203125
0 0.44765625 0.29140625 0.03515625 0.240625
0 0.6171875 0.26640625 0.03515625 0.21171875
0 0.82578125 0.23046875 0.03125 0.17109375
0 0.4484375 0.31328125 0.03828125 0.26015625
0 0.88671875 0.2515625 0.03515625 0.18828125
0 0.8703125 0.25546875 0.03671875 0.19296875
0 0.7859375 0.246875 0.03359375 0.18828125