0 0.578125 0.29609375 0.03828125 0.2390625
0 0.65078125 0.26796875 0.03515625 0.2109375
0 0.44921875 0.29140625 0.03515625 0.240625
0 0.08671875 0.709375 0.13203125 0.57890625
0 0.92265625 0.28125 0.04140625 0.21328125
0 0.8203125 0.19375 0.025 0.1390625
0 0.4484375 0.31328125 0.03828125 0.26015625
0 0.13984375 0.55390625 0.09296875 0.48046875
0 0.51796875 0.31015625 0.03984375 0.25390625
0 0.4859375 0.19296875 0.02265625 0.1515625
0 0.7109375 0.1953125 0.02421875 0.14453125
0 0.8984375 0.21328125 0.0296875 0.153125
0 0.4921875 0.2515625 0.03046875 0.203125
0 0.5140625 0.284375 0.0359375 0.23125
0 0.21171875 0.61953125 0.09609375 0.53203125
0 0.89453125 0.22421875 0.03125 0.16328125
0 0.678125 0.28359375 0.03828125 0.22421875