0 0.8390625 0.19375 0.02578125 0.13828125
0 0.43046875 0.19375 0.02265625 0.1546875
0 0.6484375 0.171875 0.02109375 0.1265625
0 0.7015625 0.18046875 0.02265625 0.13125
0 0.8203125 0.23359375 0.03203125 0.17421875
0 0.83359375 0.196875 0.02578125 0.14140625
0 0.86875 0.23671875 0.0328125 0.175
0 0.91796875 0.19140625 0.02578125 0.13203125
0 0.4828125 0.2109375 0.025 0.16875
0 0.90625 0.23828125 0.03359375 0.175
0 0.76953125 0.1859375 0.02421875 0.134375
0 0.8 0.19296875 0.025 0.13984375
0 0.9375 0.20078125 0.02734375 0.140625