0 0.65078125 0.39921875 0.05546875 0.3265625
0 0.62890625 0.60625 0.08671875 0.50546875
0 0.63046875 0.3734375 0.05078125 0.3046875
0 0.7671875 0.15859375 0.01953125 0.11015625
0 0.50859375 0.246875 0.03046875 0.19921875
0 0.8765625 0.21171875 0.02890625 0.15390625
0 0.3984375 0.60703125 0.07734375 0.5140625
0 0.796875 0.19453125 0.02578125 0.140625
0 0.9578125 0.31953125 0.0484375 0.24453125
0 0.6796875 0.26171875 0.03515625 0.2046875
0 0.52265625 0.30703125 0.0390625 0.2515625
0 0.0890625 0.2484375 0.04296875 0.21796875
0 0.7765625 0.215625 0.02890625 0.16015625
0 0.93671875 0.22109375 0.03125 0.15859375
0 0.76640625 0.15390625 0.01875 0.10625
0 0.58671875 0.2984375 0.03828125 0.240625
0 0.45703125 0.3171875 0.0390625 0.26171875
0 0.7984375 0.15625 0.01953125 0.10703125
0 0.77265625 0.75625 0.1375 0.4859375
0 0.725 0.15 0.01796875 0.10390625
0 0.87421875 0.39296875 0.06015625 0.31171875
0 0.7546875 0.22421875 0.0296875 0.16875
0 0.0125 0.32578125 0.02421875 0.28984375
0 0.44296875 0.29296875 0.03515625 0.24296875
0 0.68828125 0.14375 0.01640625 0.1
0 0.525 0.28671875 0.0359375 0.23359375