0 0.9390625 0.203125 0.028125 0.14296875
0 0.82265625 0.1796875 0.0234375 0.12578125
0 0.70078125 0.171875 0.02109375 0.125
0 0.775 0.165625 0.0203125 0.115625
0 0.096875 0.2484375 0.0421875 0.21640625
0 0.778125 0.18828125 0.02421875 0.1359375
0 0.9046875 0.36484375 0.05546875 0.28671875
0 0.52578125 0.31171875 0.03984375 0.2546875
0 0.8109375 0.16953125 0.02109375 0.11875
0 0.78359375 0.175 0.02265625 0.12421875
0 0.496875 0.25078125 0.03046875 0.20390625
0 0.45546875 0.290625 0.03515625 0.23984375
0 0.73984375 0.20625 0.02734375 0.153125
0 0.8734375 0.44296875 0.06875 0.35546875
0 0.81015625 0.190625 0.02421875 0.1359375
0 0.52890625 0.16875 0.01953125 0.12890625
0 0.4359375 0.31953125 0.0390625 0.265625
0 0.5125 0.2875 0.0359375 0.234375
0 0.6875 0.26328125 0.03515625 0.20546875
0 0.5875 0.2984375 0.0390625 0.24140625