0 0.7578125 0.1640625 0.0203125 0.115625
0 0.82890625 0.24453125 0.03359375 0.18359375
0 0.7453125 0.19296875 0.025 0.14140625
0 0.59375 0.1421875 0.01640625 0.103125
0 0.959375 0.25546875 0.0375 0.1890625
0 0.74921875 0.175 0.021875 0.12578125
0 0.434375 0.240625 0.02890625 0.19609375
0 0.84765625 0.1734375 0.021875 0.11953125
0 0.80234375 0.1609375 0.01953125 0.1109375
0 0.6921875 0.26796875 0.0359375 0.21015625
0 0.12265625 0.24609375 0.040625 0.21484375
0 0.91953125 0.1984375 0.0265625 0.1390625
0 0.94140625 0.2671875 0.0390625 0.19921875
0 0.9078125 0.24609375 0.03515625 0.18203125
0 0.3953125 0.2375 0.02734375 0.1953125
0 0.88515625 0.21640625 0.03046875 0.15625
0 0.72734375 0.17734375 0.02265625 0.12890625
0 0.8125 0.1890625 0.02421875 0.1359375
0 0.6109375 0.16953125 0.0203125 0.12578125
0 0.78125 0.16015625 0.01953125 0.1109375
0 0.68203125 0.18046875 0.02265625 0.13359375
0 0.4875 0.18125 0.02109375 0.14296875