0 0.7671875 0.1640625 0.02109375 0.115625
0 0.453125 0.31953125 0.0390625 0.26484375
0 0.7890625 0.165625 0.0203125 0.115625
0 0.52421875 0.309375 0.03984375 0.25390625
0 0.44609375 0.29375 0.03515625 0.24296875
0 0.50625 0.25 0.03046875 0.2015625
0 0.940625 0.20234375 0.02734375 0.14140625
0 0.8890625 0.31875 0.04765625 0.246875
0 0.68046875 0.26328125 0.03515625 0.20625
0 0.5765625 0.29609375 0.03828125 0.23984375
0 0.515625 0.284375 0.0359375 0.23125
0 0.69375 0.2734375 0.03671875 0.21484375
0 0.00546875 0.3265625 0.0109375 0.290625
0 0.74375 0.1625 0.0203125 0.1140625