0 0.65703125 0.2703125 0.03515625 0.21328125
0 0.89921875 0.25625 0.03671875 0.190625
0 0.85859375 0.20546875 0.02734375 0.146875
0 0.61953125 0.26953125 0.03515625 0.21484375
0 0.57890625 0.29609375 0.03828125 0.23984375
0 0.75546875 0.1609375 0.01953125 0.11328125
0 0.83671875 0.22890625 0.03125 0.16953125
0 0.44765625 0.29140625 0.03515625 0.240625
0 0.9015625 0.3515625 0.05390625 0.275
0 0.4484375 0.31328125 0.03828125 0.26015625
0 0.3328125 0.2203125 0.02734375 0.18359375
0 0.81328125 0.1828125 0.02421875 0.13046875
0 0.80625 0.25390625 0.03515625 0.19296875
0 0.4921875 0.2515625 0.03046875 0.203125
0 0.5140625 0.284375 0.0359375 0.23125
0 0.521875 0.17734375 0.02109375 0.1359375
0 0.515625 0.3140625 0.03984375 0.25859375
0 0.88671875 0.2609375 0.0375 0.1953125