0 0.1 0.24609375 0.0421875 0.2140625
0 0.7234375 0.190625 0.02421875 0.140625
0 0.85625 0.21875 0.0296875 0.159375
0 0.61171875 0.14296875 0.01640625 0.1015625
0 0.553125 0.3109375 0.03984375 0.25390625
0 0.5890625 0.27734375 0.0359375 0.2234375
0 0.490625 0.30859375 0.03828125 0.2546875
0 0.96171875 0.24140625 0.034375 0.175
0 0.7453125 0.190625 0.02421875 0.13984375
0 0.67109375 0.2640625 0.03515625 0.20859375
0 0.73828125 0.16171875 0.01953125 0.1140625
0 0.715625 0.15859375 0.01953125 0.11171875
0 0.73828125 0.23203125 0.03046875 0.1765625
0 0.8125 0.22890625 0.03125 0.17109375
0 0.81484375 0.21640625 0.02890625 0.159375
0 0.75703125 0.159375 0.01953125 0.1109375
0 0.82421875 0.18359375 0.0234375 0.1296875
0 0.58984375 0.14453125 0.01640625 0.1046875
0 0.596875 0.303125 0.03984375 0.2453125
0 0.80703125 0.16015625 0.01953125 0.109375
0 0.61171875 0.178125 0.021875 0.134375
0 0.70703125 0.23671875 0.03203125 0.18125
0 0.7828125 0.26484375 0.03671875 0.20390625