0 0.4921875 0.2515625 0.03046875 0.203125
0 0.64765625 0.26171875 0.034375 0.20625
0 0.5828125 0.29765625 0.03828125 0.23984375
0 0.2828125 0.29453125 0.03984375 0.25
0 0.84609375 0.2390625 0.03359375 0.17890625
0 0.515625 0.284375 0.0359375 0.23125
0 0.5234375 0.3109375 0.0390625 0.25546875
0 0.45703125 0.315625 0.03828125 0.2609375
0 0.87109375 0.2125 0.02890625 0.153125
0 0.8578125 0.18203125 0.02421875 0.1265625
0 0.47109375 0.3984375 0.05 0.33359375
0 0.6078125 0.25546875 0.03359375 0.2015625
0 0.8296875 0.2265625 0.03046875 0.16796875
0 0.71796875 0.15546875 0.01875 0.10859375
0 0.78515625 0.2234375 0.0296875 0.16640625
0 0.74140625 0.15625 0.01875 0.10859375
0 0.775 0.22890625 0.03046875 0.171875
0 0.14296875 0.26328125 0.04296875 0.22890625
0 0.92890625 0.21875 0.03046875 0.15625
0 0.40234375 0.19921875 0.02265625 0.1609375
0 0.50078125 0.4359375 0.05625 0.36484375
0 0.4484375 0.2890625 0.03515625 0.2390625