0 0.1234375 0.24453125 0.040625 0.21328125
0 0.8421875 0.178125 0.02265625 0.12421875
0 0.80546875 0.178125 0.02265625 0.12578125
0 0.95078125 0.25625 0.0375 0.1890625
0 0.47421875 0.171875 0.01953125 0.134375
0 0.890625 0.1828125 0.02421875 0.1265625
0 0.7890625 0.18671875 0.02421875 0.134375
0 0.759375 0.53515625 0.08046875 0.4390625
0 0.81640625 0.18515625 0.02421875 0.13125
0 0.7625 0.171875 0.02109375 0.121875
0 0.60234375 0.50859375 0.06953125 0.4234375
0 0.89609375 0.26328125 0.03828125 0.196875
0 0.67265625 0.26328125 0.03515625 0.20625
0 0.76328125 0.15703125 0.01953125 0.109375
0 0.8375 0.19921875 0.02578125 0.14375
0 0.44765625 0.17265625 0.01953125 0.1359375
0 0.5625 0.17109375 0.01953125 0.12890625
0 0.7203125 0.1890625 0.02421875 0.1390625
0 0.79453125 0.19921875 0.02578125 0.14453125