0 0.903125 0.23046875 0.0328125 0.16875
0 0.51796875 0.2546875 0.03125 0.20546875
0 0.59765625 0.15625 0.01796875 0.11484375
0 0.81640625 0.20703125 0.02734375 0.1515625
0 0.5921875 0.1484375 0.0171875 0.10859375
0 0.61171875 0.36328125 0.04921875 0.29609375
0 0.6265625 0.15859375 0.01953125 0.115625
0 0.76484375 0.15859375 0.01953125 0.109375
0 0.67734375 0.6234375 0.090625 0.51796875
0 0.815625 0.1921875 0.02578125 0.13828125
0 0.67265625 0.3015625 0.040625 0.240625
0 0.59296875 0.32578125 0.04296875 0.2640625
0 0.57578125 0.55078125 0.075 0.46015625
0 0.90703125 0.2390625 0.03359375 0.17578125
0 0.009375 0.30546875 0.01875 0.271875
0 0.7734375 0.19375 0.025 0.14140625
0 0.85546875 0.2375 0.03359375 0.1765625
0 0.63828125 0.15078125 0.01796875 0.109375
0 0.78671875 0.2515625 0.034375 0.19296875
0 0.86953125 0.25703125 0.03671875 0.19375
0 0.11015625 0.24765625 0.04140625 0.215625
0 0.67421875 0.265625 0.03515625 0.20859375
0 0.74765625 0.19375 0.025 0.14296875