0 0.5875 0.22421875 0.02734375 0.17578125
0 0.2828125 0.20546875 0.02734375 0.17109375
0 0.7703125 0.1953125 0.02578125 0.14296875
0 0.6796875 0.26171875 0.03515625 0.2046875
0 0.5390625 0.30546875 0.0390625 0.24921875
0 0.10390625 0.246875 0.04140625 0.215625
0 0.84140625 0.234375 0.03203125 0.17421875
0 0.746875 0.14921875 0.01796875 0.1015625
0 0.58984375 0.303125 0.03984375 0.2453125
0 0.6703125 0.1671875 0.0203125 0.12109375
0 0.640625 0.15234375 0.01796875 0.11015625
0 0.590625 0.27890625 0.0359375 0.22421875
0 0.6640625 0.15390625 0.01796875 0.11015625
0 0.70390625 0.16875 0.02109375 0.12109375
0 0.775 0.1640625 0.0203125 0.11484375
0 0.38671875 0.21953125 0.02578125 0.1796875
0 0.46015625 0.3171875 0.03828125 0.26171875
0 0.87265625 0.1984375 0.0265625 0.140625
0 0.859375 0.7921875 0.16484375 0.4140625
0 0.528125 0.2703125 0.03359375 0.21875
0 0.83984375 0.19609375 0.02578125 0.13984375
0 0.80625 0.19609375 0.02578125 0.14296875
0 0.653125 0.16953125 0.02109375 0.125