0 0.9359375 0.20390625 0.02734375 0.14296875
0 0.834375 0.21328125 0.02890625 0.15625
0 0.78125 0.16171875 0.01953125 0.11328125
0 0.0859375 0.24921875 0.04296875 0.21875
0 0.67578125 0.16171875 0.01953125 0.11640625
0 0.5609375 0.265625 0.03359375 0.2140625
0 0.3078125 0.571875 0.07890625 0.4890625
0 0.621875 0.17578125 0.02109375 0.13125
0 0.6875 0.26328125 0.03515625 0.20546875
0 0.740625 0.153125 0.01796875 0.10625
0 0.5125 0.2875 0.0359375 0.234375
0 0.81953125 0.19609375 0.02578125 0.14140625
0 0.70546875 0.14765625 0.01796875 0.103125
0 0.1140625 0.6890625 0.11953125 0.59453125
0 0.75390625 0.14921875 0.01796875 0.103125
0 0.91484375 0.4296875 0.0671875 0.34296875
0 0.940625 0.2703125 0.03984375 0.2015625
0 0.9390625 0.19921875 0.02734375 0.13984375
0 0.025 0.73125 0.04921875 0.5359375
0 0.43046875 0.309375 0.03671875 0.25703125
0 0.6515625 0.16015625 0.01953125 0.11640625
0 0.7953125 0.19453125 0.02578125 0.14140625
0 0.5 0.4890625 0.06328125 0.409375
0 0.59921875 0.3140625 0.04140625 0.2546875
0 0.52265625 0.31015625 0.0390625 0.25390625
0 0.44375 0.284375 0.03359375 0.23515625
0 0.61328125 0.1578125 0.01875 0.115625
0 0.15 0.26328125 0.0421875 0.228125
0 0.7703125 0.1703125 0.02109375 0.1203125
0 0.8421875 0.43984375 0.0671875 0.35390625
0 0.1828125 0.56328125 0.08984375 0.4859375