0 0.00390625 0.30859375 0.00703125 0.275
0 0.12734375 0.309375 0.0515625 0.26953125
0 0.1140625 0.24609375 0.04140625 0.2140625
0 0.67734375 0.165625 0.01953125 0.11953125
0 0.79609375 0.25078125 0.034375 0.190625
0 0.965625 0.2734375 0.040625 0.20390625
0 0.83671875 0.215625 0.02890625 0.15703125
0 0.63359375 0.16796875 0.01953125 0.12421875
0 0.8765625 0.259375 0.03671875 0.19453125
0 0.87421875 0.2140625 0.02890625 0.1546875
0 0.86875 0.23671875 0.0328125 0.17578125
0 0.67578125 0.2640625 0.03515625 0.20859375
0 0.49296875 0.2390625 0.02890625 0.19375
0 0.88671875 0.178125 0.0234375 0.121875
0 0.740625 0.40546875 0.05859375 0.328125
0 0.87109375 0.49921875 0.078125 0.40390625
0 0.7125 0.36484375 0.0515625 0.29453125
0 0.7328125 0.1546875 0.01875 0.10703125
0 0.61171875 0.165625 0.01953125 0.121875
0 0.6734375 0.146875 0.0171875 0.103125
0 0.715625 0.33125 0.04609375 0.2640625
0 0.79921875 0.21640625 0.02890625 0.16015625
0 0.5890625 0.15078125 0.01796875 0.1109375