0 0.81953125 0.21640625 0.02890625 0.15859375
0 0.77890625 0.1734375 0.021875 0.121875
0 0.65 0.153125 0.01796875 0.109375
0 0.78984375 0.21328125 0.02890625 0.15703125
0 0.80234375 0.17265625 0.021875 0.12109375
0 0.93984375 0.265625 0.0390625 0.1984375
0 0.89375 0.24609375 0.03515625 0.18203125
0 0.921875 0.19375 0.02578125 0.13515625
0 0.7171875 0.165625 0.0203125 0.11796875
0 0.90078125 0.25703125 0.03671875 0.19140625
0 0.7703125 0.190625 0.02421875 0.1390625
0 0.93984375 0.20078125 0.02734375 0.140625
0 0.6109375 0.146875 0.0171875 0.10546875
0 0.74296875 0.190625 0.02421875 0.1390625
0 0.67109375 0.17578125 0.02109375 0.1296875
0 0.5828125 0.14375 0.01640625 0.1046875
0 0.38671875 0.18828125 0.02109375 0.153125
0 0.775 0.17734375 0.02265625 0.1265625