0 0.73515625 0.18359375 0.02265625 0.13359375
0 0.73515625 0.196875 0.025 0.1453125
0 0.09609375 0.2484375 0.04296875 0.21796875
0 0.62890625 0.46953125 0.06484375 0.38828125
0 0.45078125 0.28359375 0.034375 0.23359375
0 0.75546875 0.38125 0.05546875 0.30625
0 0.6859375 0.203125 0.02578125 0.153125
0 0.453125 0.31171875 0.03828125 0.25859375
0 0.7046875 0.49296875 0.07109375 0.40546875
0 0.68515625 0.26171875 0.03515625 0.20546875
0 0.52578125 0.7125 0.1 0.5734375
0 0.88046875 0.51953125 0.08203125 0.42109375
0 0.52265625 0.30859375 0.0390625 0.253125
0 0.87890625 0.2015625 0.02734375 0.14375
0 0.64609375 0.20078125 0.02578125 0.153125
0 0.56015625 0.18984375 0.02265625 0.14609375
0 0.6625 0.17109375 0.02109375 0.125
0 0.55078125 0.42890625 0.05703125 0.35625
0 0.87890625 0.38828125 0.059375 0.30859375
0 0.425 0.675 0.08671875 0.5703125
0 0.8375 0.18515625 0.02421875 0.13125
0 0.83671875 0.2 0.0265625 0.14453125
0 0.5265625 0.59140625 0.07890625 0.49609375
0 0.5171875 0.28125 0.03515625 0.22890625
0 0.7265625 0.59296875 0.08828125 0.4890625
0 0.59609375 0.278125 0.03671875 0.2234375
0 0.6015625 0.31328125 0.04140625 0.25390625
0 0.725 0.20703125 0.0265625 0.1546875
0 0.815625 0.20078125 0.0265625 0.14609375
0 0.8640625 0.19375 0.02578125 0.13828125
0 0.85546875 0.24140625 0.03359375 0.1796875
0 0.7578125 0.1875 0.02421875 0.1359375