0 0.93671875 0.20546875 0.02890625 0.14453125
0 0.7109375 0.18125 0.02265625 0.13203125
0 0.15546875 0.253125 0.040625 0.21875
0 0.92421875 0.2640625 0.03828125 0.196875
0 0.615625 0.14609375 0.01640625 0.10546875
0 0.696875 0.22109375 0.02890625 0.16796875
0 0.86953125 0.26640625 0.03828125 0.20078125
0 0.8984375 0.190625 0.025 0.13203125
0 0.95 0.2 0.02734375 0.1390625
0 0.68125 0.14453125 0.0171875 0.10078125
0 0.65078125 0.146875 0.01796875 0.1046875
0 0.7578125 0.15078125 0.01796875 0.103125
0 0.078125 0.66953125 0.1203125 0.58046875
0 0.8546875 0.2859375 0.04140625 0.21953125
0 0.74921875 0.18125 0.02265625 0.13046875