0 0.7734375 0.22109375 0.0296875 0.16484375
0 0.7875 0.26328125 0.03671875 0.203125
0 0.57734375 0.296875 0.03828125 0.23984375
0 0.8546875 0.240625 0.03359375 0.1796875
0 0.784375 0.22890625 0.03125 0.17109375
0 0.453125 0.31796875 0.0390625 0.2640625
0 0.84140625 0.22734375 0.03046875 0.16796875
0 0.52265625 0.2859375 0.0359375 0.23203125
0 0.49609375 0.253125 0.03125 0.2046875
0 0.45078125 0.29296875 0.03515625 0.24140625
0 0.6046875 0.25390625 0.0328125 0.20078125
0 0.61640625 0.3484375 0.046875 0.28359375
0 0.6515625 0.2609375 0.034375 0.20546875
0 0.909375 0.40078125 0.06171875 0.31796875
0 0.73203125 0.259375 0.03515625 0.20078125
0 0.7125 0.3390625 0.04765625 0.27109375
0 0.12890625 0.2671875 0.04375 0.23203125
0 0.5296875 0.31171875 0.03984375 0.2546875