0 0.8390625 0.19765625 0.02578125 0.14140625
0 0.92890625 0.20546875 0.028125 0.14453125
0 0.77421875 0.21484375 0.028125 0.159375
0 0.54375 0.3984375 0.05234375 0.3296875
0 0.71796875 0.375 0.053125 0.3015625
0 0.44765625 0.29375 0.03515625 0.24296875
0 0.83359375 0.234375 0.03203125 0.175
0 0.93359375 0.24609375 0.03515625 0.18125
0 0.9578125 0.31953125 0.0484375 0.24453125
0 0.6796875 0.26171875 0.03515625 0.2046875
0 0.29296875 0.63828125 0.08984375 0.5453125
0 0.5234375 0.2859375 0.0359375 0.23359375
0 0.7953125 0.15625 0.01875 0.10625
0 0.58671875 0.2984375 0.03828125 0.240625
0 0.45703125 0.3171875 0.0390625 0.26171875
0 0.08984375 0.2484375 0.04296875 0.21796875
0 0.50546875 0.37890625 0.0484375 0.31484375
0 0.01171875 0.325 0.02265625 0.2890625
0 0.76328125 0.15390625 0.01875 0.10546875
0 0.7625 0.18515625 0.02421875 0.13359375
0 0.78671875 0.153125 0.01875 0.1046875
0 0.52109375 0.30703125 0.03828125 0.2515625
0 0.5109375 0.25 0.03046875 0.2015625
0 0.39609375 0.6984375 0.090625 0.59140625
0 0.7609375 0.75390625 0.1359375 0.48984375