0 0.76484375 0.15703125 0.01953125 0.10859375
0 0.90859375 0.2203125 0.03046875 0.159375
0 0.840625 0.20625 0.02734375 0.15
0 0.73984375 0.2265625 0.0296875 0.17109375
0 0.7828125 0.225 0.03046875 0.16875
0 0.7046875 0.14921875 0.01796875 0.10390625
0 0.521875 0.721875 0.10390625 0.5546875
0 0.63515625 0.165625 0.01953125 0.121875
0 0.89921875 0.19296875 0.02578125 0.13515625
0 0.50078125 0.3359375 0.04296875 0.278125
0 0.725 0.28671875 0.0390625 0.22578125
0 0.7734375 0.20546875 0.02734375 0.1515625
0 0.55859375 0.32265625 0.04140625 0.2640625
0 0.11796875 0.24453125 0.040625 0.2140625
0 0.93671875 0.2515625 0.03671875 0.1859375
0 0.80390625 0.203125 0.02734375 0.1484375
0 0.63671875 0.215625 0.02734375 0.165625
0 0.921875 0.190625 0.02578125 0.13203125
0 0.7328125 0.14921875 0.01796875 0.10390625
0 0.90859375 0.25546875 0.03671875 0.190625