0 0.73359375 0.49609375 0.07265625 0.40625
0 0.6890625 0.26328125 0.03515625 0.20546875
0 0.83203125 0.2140625 0.02890625 0.15625
0 0.59921875 0.3140625 0.04140625 0.2546875
0 0.90546875 0.2390625 0.03359375 0.17578125
0 0.678125 0.16875 0.0203125 0.1234375
0 0.6 0.278125 0.0359375 0.2234375
0 0.5140625 0.2875 0.0359375 0.234375
0 0.39453125 0.54453125 0.06875 0.46171875
0 0.61953125 0.1640625 0.01953125 0.12109375
0 0.9390625 0.19921875 0.02734375 0.13984375
0 0.834375 0.1765625 0.02265625 0.1234375
0 0.65546875 0.16796875 0.0203125 0.121875
0 0.27421875 0.2453125 0.03359375 0.20703125
0 0.9359375 0.20390625 0.02734375 0.14296875
0 0.746875 0.15859375 0.01953125 0.1109375
0 0.31796875 0.5109375 0.06796875 0.4359375
0 0.8578125 0.2140625 0.02890625 0.15546875
0 0.15078125 0.6796875 0.11328125 0.58515625
0 0.06328125 0.7203125 0.1265625 0.55703125
0 0.090625 0.25 0.04296875 0.21875
0 0.71484375 0.15390625 0.01875 0.10859375
0 0.78828125 0.18203125 0.0234375 0.1296875
0 0.44375 0.284375 0.03359375 0.23515625
0 0.765625 0.15546875 0.01953125 0.10703125
0 0.52265625 0.31015625 0.0390625 0.25390625
0 0.78125 0.1578125 0.01953125 0.10859375
0 0.67890625 0.19609375 0.025 0.146875