0 0.7671875 0.75546875 0.13671875 0.48828125
0 0.7265625 0.396875 0.05703125 0.32109375
0 0.41328125 0.61171875 0.07734375 0.51875
0 0.75078125 0.20703125 0.02734375 0.15390625
0 0.01171875 0.325 0.02265625 0.2890625
0 0.94609375 0.234375 0.03359375 0.16953125
0 0.7625 0.15390625 0.01875 0.10625
0 0.69921875 0.14765625 0.01796875 0.103125
0 0.8 0.15625 0.01953125 0.10703125
0 0.52265625 0.30703125 0.0390625 0.2515625
0 0.49921875 0.25 0.03046875 0.2015625
0 0.8203125 0.2 0.0265625 0.14453125
0 0.58671875 0.2984375 0.03828125 0.240625
0 0.45703125 0.3171875 0.0390625 0.26171875
0 0.71015625 0.3734375 0.053125 0.3015625
0 0.6765625 0.2609375 0.03515625 0.2046875
0 0.7859375 0.58203125 0.0890625 0.478125
0 0.96015625 0.31875 0.04921875 0.24375
0 0.0890625 0.2484375 0.04296875 0.21796875
0 0.72890625 0.15546875 0.01875 0.10859375
0 0.90390625 0.22421875 0.03125 0.16328125
0 0.0453125 0.7671875 0.090625 0.4625
0 0.44296875 0.29296875 0.03515625 0.24296875
0 0.7265625 0.22109375 0.02890625 0.16640625
0 0.7703125 0.159375 0.01953125 0.1109375
0 0.525 0.28671875 0.0359375 0.23359375