0 0.71796875 0.15625 0.01875 0.11015625
0 0.78671875 0.16484375 0.02109375 0.11484375
0 0.76171875 0.19765625 0.02578125 0.1453125
0 0.01484375 0.3234375 0.02890625 0.28671875
0 0.8171875 0.165625 0.02109375 0.11484375
0 0.6171875 0.53671875 0.075 0.4453125
0 0.79765625 0.16328125 0.0203125 0.11328125
0 0.43828125 0.32578125 0.03984375 0.27109375
0 0.5234375 0.30859375 0.0390625 0.2515625
0 0.76796875 0.75390625 0.1359375 0.490625
0 0.64765625 0.15859375 0.01875 0.11484375
0 0.825 0.20234375 0.02734375 0.146875
0 0.903125 0.178125 0.0234375 0.12109375
0 0.76015625 0.159375 0.01953125 0.11171875
0 0.646875 0.20078125 0.02578125 0.153125
0 0.084375 0.25 0.04296875 0.21875
0 0.66640625 0.2609375 0.03515625 0.20546875
0 0.44140625 0.29296875 0.03515625 0.24140625
0 0.515625 0.2859375 0.0359375 0.23203125
0 0.58359375 0.296875 0.03828125 0.240625
0 0.74296875 0.159375 0.01953125 0.1109375
0 0.50234375 0.2515625 0.03046875 0.203125
0 0.95703125 0.321875 0.04921875 0.24609375
0 0.88828125 0.22265625 0.03046875 0.16171875