0 0.590625 0.15859375 0.01875 0.11640625
0 0.4296875 0.32421875 0.03984375 0.2703125
0 0.09140625 0.2484375 0.04296875 0.21796875
0 0.73984375 0.14375 0.01640625 0.096875
0 0.92421875 0.32109375 0.0484375 0.246875
0 0.81953125 0.1921875 0.025 0.13828125
0 0.94140625 0.20390625 0.02734375 0.14296875
0 0.0046875 0.3265625 0.009375 0.290625
0 0.44296875 0.29296875 0.03515625 0.24296875
0 0.51484375 0.284375 0.03515625 0.23203125
0 0.7875 0.17421875 0.02265625 0.1234375
0 0.5046875 0.25 0.03046875 0.2015625
0 0.434375 0.234375 0.02734375 0.19140625
0 0.68046875 0.2609375 0.03515625 0.20390625
0 0.67265625 0.1359375 0.015625 0.09453125
0 0.58203125 0.296875 0.03828125 0.23984375
0 0.60703125 0.1609375 0.01953125 0.11875
0 0.528125 0.31015625 0.03984375 0.25390625