0 0.75078125 0.1625 0.01953125 0.1140625
0 0.93671875 0.2015625 0.02734375 0.14140625
0 0.4703125 0.1796875 0.02109375 0.140625
0 0.415625 0.4984375 0.06171875 0.42109375
0 0.48359375 0.19296875 0.02265625 0.1515625
0 0.49765625 0.2515625 0.03046875 0.20390625
0 0.81875 0.165625 0.02109375 0.11484375
0 0.64453125 0.18671875 0.0234375 0.140625
0 0.83125 0.16875 0.02109375 0.11640625
0 0.54140625 0.70859375 0.0984375 0.58046875
0 0.10390625 0.2484375 0.04140625 0.21796875
0 0.73046875 0.16171875 0.01953125 0.11484375
0 0.80390625 0.3015625 0.04296875 0.234375
0 0.58828125 0.2984375 0.03828125 0.240625
0 0.43671875 0.31796875 0.03828125 0.2640625
0 0.47578125 0.5328125 0.06875 0.44921875
0 0.45625 0.61953125 0.0796875 0.5234375
0 0.74921875 0.19921875 0.02578125 0.146875
0 0.01796875 0.325 0.0359375 0.2875
0 0.68671875 0.26171875 0.03515625 0.20546875
0 0.44921875 0.290625 0.03515625 0.240625
0 0.5109375 0.28671875 0.03515625 0.234375
0 0.8015625 0.16328125 0.0203125 0.11328125
0 0.63828125 0.16796875 0.0203125 0.12421875
0 0.5203125 0.3109375 0.0390625 0.2546875
0 0.69921875 0.146875 0.01796875 0.103125