0 0.91953125 0.2625 0.03828125 0.1953125
0 0.91328125 0.35390625 0.05390625 0.27578125
0 0.52109375 0.315625 0.03984375 0.25859375
0 0.57890625 0.29609375 0.03828125 0.23984375
0 0.83046875 0.259375 0.03671875 0.19609375
0 0.66328125 0.27109375 0.0359375 0.21484375
0 0.89921875 0.265625 0.03828125 0.19921875
0 0.4484375 0.31328125 0.03828125 0.26015625
0 0.8171875 0.1875 0.02421875 0.134375
0 0.55 0.18125 0.02109375 0.1390625
0 0.4921875 0.2515625 0.03046875 0.203125
0 0.61953125 0.26953125 0.03515625 0.21484375
0 0.44765625 0.29140625 0.03515625 0.240625
0 0.8796875 0.21328125 0.02890625 0.1546875
0 0.515625 0.284375 0.0359375 0.23125
0 0.36171875 0.2125 0.02578125 0.175
0 0.7625 0.165625 0.0203125 0.115625
0 0.8453125 0.22578125 0.03046875 0.16640625