0 0.46015625 0.196875 0.02265625 0.15625
0 0.93515625 0.19921875 0.02734375 0.13984375
0 0.8578125 0.1984375 0.0265625 0.14140625
0 0.76875 0.18515625 0.02421875 0.13359375
0 0.72578125 0.1890625 0.02421875 0.1390625
0 0.659375 0.17890625 0.021875 0.13203125
0 0.4796875 0.2109375 0.025 0.16796875
0 0.9390625 0.24921875 0.0359375 0.18359375
0 0.88828125 0.24375 0.034375 0.18046875
0 0.9015625 0.1859375 0.02421875 0.12890625
0 0.80234375 0.19296875 0.025 0.13984375
0 0.8421875 0.24296875 0.03359375 0.18125
0 0.83515625 0.19765625 0.02578125 0.14140625