0 0.015625 0.3234375 0.03125 0.2875
0 0.83203125 0.16796875 0.02109375 0.11484375
0 0.5 0.25 0.03046875 0.2015625
0 0.26796875 0.28359375 0.03984375 0.240625
0 0.51484375 0.28671875 0.0359375 0.23359375
0 0.8046875 0.1640625 0.02109375 0.1140625
0 0.765625 0.1640625 0.0203125 0.115625
0 0.7703125 0.7515625 0.13515625 0.4953125
0 0.4375 0.31640625 0.03828125 0.26328125
0 0.00546875 0.7109375 0.01015625 0.5765625
0 0.2328125 0.26171875 0.03828125 0.22421875
0 0.8734375 0.20703125 0.028125 0.14921875
0 0.0078125 0.64375 0.01484375 0.5640625
0 0.66640625 0.2609375 0.03515625 0.20546875
0 0.959375 0.325 0.04921875 0.25
0 0.75546875 0.21953125 0.02890625 0.16484375
0 0.84296875 0.2046875 0.02734375 0.1484375
0 0.93984375 0.20078125 0.02734375 0.140625
0 0.784375 0.19765625 0.02578125 0.14375
0 0.5296875 0.30859375 0.0390625 0.253125
0 0.58515625 0.29765625 0.0390625 0.23984375
0 0.90078125 0.20703125 0.028125 0.146875
0 0.44296875 0.29375 0.03515625 0.24296875
0 0.79140625 0.16328125 0.0203125 0.1140625
0 0.09296875 0.25 0.04296875 0.21875
0 0.69453125 0.15078125 0.01796875 0.10625