0 0.596875 0.1546875 0.01796875 0.11328125
0 0.11953125 0.2453125 0.04140625 0.21328125
0 0.78828125 0.32578125 0.046875 0.25625
0 0.7875 0.18671875 0.02421875 0.13515625
0 0.90625 0.2515625 0.0359375 0.18671875
0 0.88125 0.415625 0.0640625 0.33046875
0 0.61796875 0.16796875 0.01953125 0.12421875
0 0.7609375 0.17578125 0.02265625 0.12578125
0 0.94296875 0.19609375 0.0265625 0.1359375
0 0.80390625 0.16484375 0.02109375 0.11484375
0 0.628125 0.1640625 0.01953125 0.1203125
0 0.62578125 0.15625 0.01875 0.11484375
0 0.4921875 0.71171875 0.096875 0.575
0 0.8625 0.45546875 0.0703125 0.365625
0 0.73515625 0.175 0.021875 0.12578125
0 0.70546875 0.15625 0.01875 0.1109375
0 0.6828125 0.15625 0.01875 0.1109375
0 0.859375 0.26796875 0.03828125 0.203125
0 0.92734375 0.1984375 0.02734375 0.1390625
0 0.57109375 0.16171875 0.01875 0.12109375
0 0.69453125 0.2015625 0.02578125 0.15078125
0 0.92265625 0.2484375 0.03515625 0.184375
0 0.653125 0.15625 0.01875 0.11171875