0 0.7296875 0.17578125 0.02265625 0.1265625
0 0.096875 0.246875 0.0421875 0.215625
0 0.48515625 0.309375 0.03828125 0.25546875
0 0.390625 0.8234375 0.153125 0.35078125
0 0.684375 0.26328125 0.03515625 0.20625
0 0.5890625 0.27734375 0.0359375 0.2234375
0 0.6109375 0.21953125 0.028125 0.1703125
0 0.43984375 0.22890625 0.0265625 0.1859375
0 0.90078125 0.20859375 0.02890625 0.14921875
0 0.86484375 0.20703125 0.028125 0.14921875
0 0.6953125 0.175 0.021875 0.128125
0 0.67265625 0.15859375 0.01875 0.1140625
0 0.87421875 0.240625 0.03359375 0.178125
0 0.553125 0.25546875 0.03203125 0.2046875
0 0.54140625 0.30625 0.03984375 0.25
0 0.34921875 0.20234375 0.02421875 0.165625
0 0.8015625 0.17421875 0.02265625 0.121875
0 0.8265625 0.20703125 0.02734375 0.15078125
0 0.76015625 0.15390625 0.01875 0.10546875
0 0.67421875 0.1765625 0.021875 0.1296875
0 0.65703125 0.1578125 0.01953125 0.1140625
0 0.59140625 0.303125 0.03984375 0.2453125
0 0.78984375 0.20625 0.02734375 0.1515625