0 0.825 0.22421875 0.03046875 0.165625
0 0.4921875 0.2515625 0.03046875 0.203125
0 0.12421875 0.275 0.04609375 0.2390625
0 0.89921875 0.20703125 0.02890625 0.146875
0 0.5375 0.221875 0.02734375 0.17578125
0 0.84609375 0.2390625 0.03359375 0.17890625
0 0.5234375 0.3109375 0.0390625 0.25546875
0 0.45703125 0.315625 0.03828125 0.2609375
0 0.78046875 0.1734375 0.021875 0.121875
0 0.6078125 0.25546875 0.03359375 0.2015625
0 0.7578125 0.17265625 0.02109375 0.1234375
0 0.5203125 0.284375 0.0359375 0.23203125
0 0.790625 0.22265625 0.0296875 0.165625
0 0.775 0.22890625 0.03046875 0.171875
0 0.3078125 0.3 0.03984375 0.25390625
0 0.77265625 0.3640625 0.05234375 0.29140625
0 0.5828125 0.29765625 0.03828125 0.23984375
0 0.47421875 0.20625 0.02421875 0.1640625
0 0.86953125 0.2015625 0.02734375 0.14375
0 0.1796875 0.29453125 0.04609375 0.25390625
0 0.45546875 0.29296875 0.0359375 0.24140625
0 0.73515625 0.3484375 0.04921875 0.27890625
0 0.64609375 0.26171875 0.034375 0.20703125