0 0.74765625 0.14765625 0.01796875 0.10078125
0 0.79375 0.14921875 0.01796875 0.1
0 0.83515625 0.20859375 0.028125 0.1515625
0 0.415625 0.3515625 0.0421875 0.29453125
0 0.95859375 0.32578125 0.05 0.25
0 0.44765625 0.29375 0.03515625 0.24296875
0 0.71796875 0.17578125 0.021875 0.128125
0 0.678125 0.26171875 0.03515625 0.2046875
0 0.52265625 0.30703125 0.0390625 0.2515625
0 0.521875 0.2859375 0.0359375 0.23359375
0 0.003125 0.32734375 0.00625 0.29140625
0 0.7546875 0.753125 0.13515625 0.49140625
0 0.77578125 0.1484375 0.01796875 0.10078125
0 0.46328125 0.315625 0.03828125 0.2609375
0 0.07890625 0.253125 0.04375 0.221875
0 0.58515625 0.29765625 0.0390625 0.23984375
0 0.8203125 0.18203125 0.0234375 0.12890625
0 0.8109375 0.215625 0.02890625 0.15859375
0 0.60703125 0.19609375 0.02421875 0.14921875
0 0.4390625 0.33671875 0.04140625 0.28125
0 0.55546875 0.35859375 0.046875 0.2953125
0 0.86796875 0.26328125 0.0375 0.1984375
0 0.928125 0.1984375 0.0265625 0.1390625
0 0.509375 0.25 0.03046875 0.2015625
0 0.57109375 0.19453125 0.0234375 0.15