0 0.940625 0.20078125 0.02734375 0.140625
0 0.80234375 0.1640625 0.02109375 0.11328125
0 0.090625 0.25 0.04296875 0.21875
0 0.64921875 0.79921875 0.153125 0.39921875
0 0.51484375 0.28671875 0.0359375 0.23359375
0 0.90703125 0.25546875 0.03671875 0.18984375
0 0.96953125 0.24296875 0.03515625 0.1765625
0 0.49765625 0.24921875 0.03046875 0.2015625
0 0.8 0.23671875 0.03203125 0.178125
0 0.79140625 0.16328125 0.0203125 0.1140625
0 0.4796875 0.49921875 0.0640625 0.41953125
0 0.828125 0.16796875 0.02109375 0.115625
0 0.73515625 0.17578125 0.021875 0.1265625
0 0.4375 0.31640625 0.03828125 0.26328125
0 0.6671875 0.259375 0.03359375 0.20390625
0 0.58828125 0.29609375 0.03828125 0.23828125
0 0.0171875 0.32421875 0.034375 0.2890625
0 0.43984375 0.29296875 0.03515625 0.24296875
0 0.925 0.2375 0.03359375 0.1734375
0 0.53125 0.309375 0.0390625 0.253125
0 0.4984375 0.56640625 0.07421875 0.47578125
0 0.83984375 0.19453125 0.02578125 0.1390625
0 0.34921875 0.22109375 0.02734375 0.18203125
0 0.95390625 0.240625 0.034375 0.17578125
0 0.384375 0.228125 0.0265625 0.18828125