0 0.87734375 0.25859375 0.03671875 0.19453125
0 0.05625 0.32265625 0.0578125 0.284375
0 0.67265625 0.1625 0.01953125 0.11796875
0 0.67578125 0.38984375 0.05390625 0.31640625
0 0.784375 0.21015625 0.02734375 0.15546875
0 0.5796875 0.14609375 0.01640625 0.10703125
0 0.82265625 0.209375 0.028125 0.153125
0 0.85390625 0.2078125 0.028125 0.15078125
0 0.83515625 0.22890625 0.03125 0.1703125
0 0.00078125 0.30703125 0.0015625 0.27421875
0 0.70546875 0.3234375 0.04453125 0.25859375
0 0.67421875 0.2640625 0.03515625 0.20703125
0 0.96171875 0.25078125 0.03671875 0.184375
0 0.940625 0.2640625 0.03828125 0.19609375
0 0.7265625 0.15078125 0.01796875 0.1046875
0 0.1140625 0.24609375 0.04140625 0.2140625
0 0.79453125 0.503125 0.07578125 0.409375
0 0.63046875 0.165625 0.01953125 0.12109375
0 0.6703125 0.35546875 0.04921875 0.28828125
0 0.87734375 0.17109375 0.021875 0.115625
0 0.5046875 0.24140625 0.0296875 0.19453125
0 0.60859375 0.1640625 0.01953125 0.12109375
0 0.89765625 0.553125 0.08828125 0.4484375
0 0.79375 0.25234375 0.03515625 0.19140625
0 0.65078125 0.146875 0.0171875 0.1046875