0 0.76640625 0.24453125 0.03359375 0.1859375
0 0.77578125 0.1734375 0.021875 0.121875
0 0.67890625 0.1484375 0.01796875 0.10390625
0 0.11953125 0.2453125 0.04140625 0.21328125
0 0.1234375 0.759375 0.15703125 0.4796875
0 0.771875 0.30625 0.04296875 0.23984375
0 0.865625 0.22734375 0.03125 0.16796875
0 0.7328125 0.38828125 0.05546875 0.3140625
0 0.7421875 0.16328125 0.0203125 0.115625
0 0.84140625 0.2328125 0.03203125 0.1734375
0 0.721875 0.1640625 0.0203125 0.11796875
0 0.5890625 0.15703125 0.01875 0.11640625
0 0.5546875 0.15078125 0.0171875 0.11171875
0 0.60703125 0.15625 0.01796875 0.1140625
0 0.615625 0.146875 0.0171875 0.10546875
0 0.67109375 0.1859375 0.02265625 0.13828125
0 0.94921875 0.19765625 0.02734375 0.13828125
0 0.92578125 0.1984375 0.02734375 0.13984375
0 0.9015625 0.26875 0.0390625 0.2015625
0 0.70859375 0.40390625 0.05703125 0.328125
0 0.6390625 0.146875 0.0171875 0.10546875
0 0.69140625 0.14765625 0.01796875 0.103125
0 0.91484375 0.2484375 0.03515625 0.18359375