0 0.6421875 0.1609375 0.01953125 0.11640625
0 0.79765625 0.2109375 0.028125 0.1546875
0 0.8265625 0.1859375 0.02421875 0.13125
0 0.8546875 0.240625 0.03359375 0.17890625
0 0.8234375 0.19140625 0.02578125 0.13671875
0 0.92265625 0.19375 0.02578125 0.13515625
0 0.7890625 0.1828125 0.0234375 0.13046875
0 0.75234375 0.1765625 0.02265625 0.1265625
0 0.44140625 0.19921875 0.0234375 0.159375
0 0.60859375 0.1578125 0.01875 0.115625
0 0.73671875 0.19921875 0.02578125 0.146875
0 0.9359375 0.20078125 0.02734375 0.13984375
0 0.82578125 0.209375 0.028125 0.153125
0 0.90703125 0.2421875 0.034375 0.17890625