0 0.8828125 0.2296875 0.03203125 0.16875
0 0.734375 0.16875 0.02109375 0.12109375
0 0.73671875 0.16015625 0.01953125 0.11328125
0 0.77265625 0.15703125 0.01953125 0.10859375
0 0.81171875 0.2515625 0.03515625 0.190625
0 0.01015625 0.6828125 0.0203125 0.596875
0 0.05390625 0.728125 0.1078125 0.54140625
0 0.5296875 0.1921875 0.02265625 0.14921875
0 0.90234375 0.24609375 0.03515625 0.18203125
0 0.74453125 0.15 0.01796875 0.10390625
0 0.76328125 0.17109375 0.02109375 0.12109375
0 0.9046875 0.25703125 0.03671875 0.19140625
0 0.75078125 0.234375 0.03203125 0.17890625
0 0.8359375 0.159375 0.01953125 0.10703125
0 0.8609375 0.25390625 0.0359375 0.190625
0 0.12265625 0.24765625 0.040625 0.215625
0 0.6796875 0.265625 0.03515625 0.20859375
0 0.79765625 0.15625 0.01953125 0.10703125
0 0.003125 0.315625 0.00625 0.28046875
0 0.7609375 0.1578125 0.01953125 0.11015625
0 0.57734375 0.209375 0.02578125 0.16328125