0 0.5875 0.16953125 0.0203125 0.1265625
0 0.94765625 0.26484375 0.03828125 0.19609375
0 0.60546875 0.16015625 0.01875 0.11875
0 0.6375 0.175 0.02109375 0.1296875
0 0.775 0.184375 0.0234375 0.13203125
0 0.665625 0.1609375 0.01953125 0.11640625
0 0.69765625 0.16328125 0.01953125 0.11796875
0 0.9671875 0.26171875 0.03828125 0.19375
0 0.82578125 0.17265625 0.021875 0.11953125
0 0.9265625 0.28203125 0.04140625 0.21328125
0 0.121875 0.2453125 0.040625 0.21328125
0 0.71328125 0.1625 0.01953125 0.115625
0 0.7515625 0.18203125 0.0234375 0.13125
0 0.63828125 0.16328125 0.01953125 0.11953125
0 0.8171875 0.33984375 0.05 0.26875
0 0.73203125 0.21171875 0.02734375 0.15859375
0 0.6875 0.66953125 0.0984375 0.55625
0 0.93203125 0.19921875 0.02734375 0.1390625
0 0.65 0.171875 0.02109375 0.1265625
0 0.809375 0.19453125 0.02578125 0.140625