0 0.896875 0.3484375 0.05234375 0.2734375
0 0.43671875 0.3234375 0.0390625 0.26953125
0 0.50625 0.25 0.03046875 0.2015625
0 0.940625 0.203125 0.02734375 0.14296875
0 0.44765625 0.2921875 0.03515625 0.24140625
0 0.71484375 0.259375 0.03515625 0.2015625
0 0.68984375 0.16953125 0.02109375 0.1234375
0 0.515625 0.284375 0.0359375 0.23125
0 0.5765625 0.29609375 0.03828125 0.23984375
0 0.66015625 0.259375 0.034375 0.20390625
0 0.94453125 0.37890625 0.05859375 0.29609375
0 0.79140625 0.334375 0.0484375 0.26484375
0 0.52265625 0.30703125 0.0390625 0.2515625