0 0.8 0.203125 0.0265625 0.1484375
0 0.675 0.190625 0.02421875 0.14140625
0 0.70234375 0.18828125 0.02421875 0.13984375
0 0.0578125 0.24296875 0.04296875 0.2140625
0 0.2453125 0.21484375 0.03046875 0.18125
0 0.925 0.26328125 0.03828125 0.19609375
0 0.56171875 0.1609375 0.01953125 0.1203125
0 0.8234375 0.20234375 0.02734375 0.146875
0 0.49375 0.2109375 0.025 0.16796875
0 0.2765625 0.20546875 0.02734375 0.171875
0 0.67890625 0.1765625 0.021875 0.1296875
0 0.84765625 0.85546875 0.20234375 0.28828125
0 0.896875 0.22890625 0.03203125 0.16640625
0 0.4984375 0.1609375 0.01875 0.12421875
0 0.81953125 0.21640625 0.0296875 0.159375
0 0.73203125 0.17890625 0.02265625 0.1296875
0 0.8734375 0.196875 0.0265625 0.140625
0 0.503125 0.57578125 0.07578125 0.484375
0 0.40078125 0.18203125 0.0203125 0.14609375
0 0.58984375 0.5234375 0.071875 0.4359375
0 0.54296875 0.240625 0.03046875 0.19296875
0 0.78046875 0.203125 0.0265625 0.14921875
0 0.59921875 0.2515625 0.03203125 0.19921875
0 0.6296875 0.1671875 0.0203125 0.1234375
0 0.64375 0.18359375 0.02265625 0.13828125
0 0.50078125 0.20703125 0.025 0.1640625
0 0.571875 0.46796875 0.06328125 0.3890625
0 0.91796875 0.22578125 0.03125 0.1640625
0 0.7328125 0.1921875 0.02421875 0.14140625
0 0.8734375 0.20546875 0.02734375 0.146875
0 0.72265625 0.2140625 0.028125 0.16171875
0 0.63828125 0.190625 0.02421875 0.14453125
0 0.50546875 0.15546875 0.01796875 0.11875