0 0.75 0.16171875 0.01953125 0.11328125
0 0.76484375 0.234375 0.03203125 0.178125
0 0.84375 0.23125 0.03203125 0.171875
0 0.73203125 0.15390625 0.01875 0.10703125
0 0.7296875 0.146875 0.01796875 0.1015625
0 0.72734375 0.16328125 0.01953125 0.11484375
0 0.7890625 0.153125 0.01875 0.1046875
0 0.7546875 0.153125 0.01796875 0.10625
0 0.7640625 0.14921875 0.01796875 0.103125
0 0.509375 0.2 0.02421875 0.15703125
0 0.8078125 0.234375 0.03203125 0.17578125
0 0.52421875 0.21796875 0.0265625 0.171875
0 0.12109375 0.246875 0.04140625 0.21484375
0 0.8609375 0.25390625 0.0359375 0.190625
0 0.86484375 0.23046875 0.03203125 0.1703125
0 0.0046875 0.3140625 0.00859375 0.2796875
0 0.715625 0.22109375 0.02890625 0.16796875
0 0.6796875 0.265625 0.03515625 0.20859375