0 0.44453125 0.29140625 0.03515625 0.240625
0 0.89296875 0.31953125 0.04765625 0.246875
0 0.78125 0.16171875 0.01953125 0.11171875
0 0.7046875 0.2734375 0.03671875 0.2140625
0 0.52421875 0.309375 0.03984375 0.25390625
0 0.50625 0.25 0.03046875 0.2015625
0 0.940625 0.20234375 0.02734375 0.14140625
0 0.7625 0.1609375 0.01953125 0.11171875
0 0.68046875 0.26328125 0.03515625 0.20625
0 0.5765625 0.29609375 0.03828125 0.23984375
0 0.515625 0.284375 0.0359375 0.23125
0 0.7390625 0.15859375 0.01953125 0.11171875
0 0.4421875 0.32421875 0.03984375 0.26953125
0 0.9625 0.3015625 0.0453125 0.22890625