0 0.93671875 0.20546875 0.02890625 0.14453125
0 0.9296875 0.2828125 0.0421875 0.2140625
0 0.13984375 0.2484375 0.03984375 0.21484375
0 0.6078125 0.14296875 0.01640625 0.1015625
0 0.66015625 0.1421875 0.01640625 0.09921875
0 0.81015625 0.246875 0.034375 0.18671875
0 0.87578125 0.18359375 0.02421875 0.12890625
0 0.72734375 0.1734375 0.021875 0.125
0 0.6671875 0.209375 0.02734375 0.16015625
0 0.70703125 0.17578125 0.021875 0.128125
0 0.9515625 0.2 0.02734375 0.1390625
0 0.82578125 0.28359375 0.03984375 0.21875
0 0.8765625 0.2546875 0.0359375 0.190625