0 0.00390625 0.3265625 0.0078125 0.290625
0 0.578125 0.29609375 0.03828125 0.2390625
0 0.9453125 0.20390625 0.02734375 0.14296875
0 0.76328125 0.16171875 0.01953125 0.11328125
0 0.86015625 0.2015625 0.02734375 0.14453125
0 0.46328125 0.3140625 0.03828125 0.259375
0 0.83515625 0.20390625 0.02734375 0.146875
0 0.44453125 0.29296875 0.03515625 0.24140625
0 0.65390625 0.14375 0.01640625 0.1015625
0 0.80546875 0.2015625 0.0265625 0.146875
0 0.73828125 0.1515625 0.01796875 0.10546875
0 0.5046875 0.25 0.03046875 0.2015625
0 0.67265625 0.1453125 0.01640625 0.1015625
0 0.68046875 0.2609375 0.03515625 0.20390625
0 0.5265625 0.309375 0.0390625 0.253125
0 0.890625 0.3203125 0.04765625 0.2484375
0 0.51640625 0.284375 0.03515625 0.23203125
0 0.10390625 0.2484375 0.04140625 0.21796875