0 0.45546875 0.315625 0.03828125 0.26171875
0 0.41875 0.253125 0.0296875 0.20703125
0 0.27109375 0.32265625 0.04453125 0.275
0 0.378125 0.253125 0.0296875 0.21015625
0 0.5265625 0.30859375 0.0390625 0.2515625
0 0.0765625 0.25234375 0.04453125 0.22109375
0 0.6796875 0.26171875 0.03515625 0.2046875
0 0.77578125 0.2421875 0.0328125 0.184375
0 0.92265625 0.196875 0.0265625 0.13828125
0 0.5234375 0.2859375 0.0359375 0.23359375
0 0.79765625 0.20078125 0.0265625 0.14609375
0 0.58515625 0.29765625 0.0390625 0.23984375
0 0.80859375 0.23671875 0.03203125 0.1765625
0 0.73984375 0.1765625 0.021875 0.128125
0 0.44609375 0.29375 0.03515625 0.24296875
0 0.003125 0.32734375 0.00625 0.29140625
0 0.925 0.203125 0.02734375 0.14375
0 0.884375 0.2109375 0.02890625 0.1515625
0 0.66015625 0.1640625 0.01953125 0.11875
0 0.509375 0.25 0.03046875 0.2015625
0 0.821875 0.19921875 0.0265625 0.14453125
0 0.91484375 0.31484375 0.04765625 0.24296875
0 0.846875 0.17890625 0.0234375 0.125
0 0.890625 0.75546875 0.14453125 0.48828125