0 0.6734375 0.16015625 0.01953125 0.11484375
0 0.875 0.2421875 0.034375 0.18046875
0 0.64453125 0.16640625 0.01953125 0.12109375
0 0.92109375 0.4015625 0.0625 0.31875
0 0.75546875 0.165625 0.0203125 0.11640625
0 0.753125 0.2046875 0.0265625 0.1515625
0 0.75390625 0.18203125 0.0234375 0.13125
0 0.796875 0.20625 0.02734375 0.15078125
0 0.78046875 0.16640625 0.02109375 0.115625
0 0.85078125 0.23125 0.03203125 0.17109375
0 0.840625 0.2421875 0.03359375 0.18046875
0 0.9359375 0.19609375 0.0265625 0.13671875
0 0.934375 0.19921875 0.02734375 0.1390625
0 0.7015625 0.159375 0.01953125 0.1140625
0 0.71875 0.1796875 0.02265625 0.13125
0 0.75390625 0.16953125 0.02109375 0.12109375