0 0.875 0.20546875 0.028125 0.146875
0 0.82578125 0.23359375 0.03203125 0.175
0 0.50390625 0.15546875 0.01796875 0.11875
0 0.7984375 0.53046875 0.08046875 0.43203125
0 0.76171875 0.19375 0.025 0.14140625
0 0.865625 0.1953125 0.02578125 0.1390625
0 0.2765625 0.20546875 0.02734375 0.171875
0 0.96796875 0.253125 0.03671875 0.18515625
0 0.29453125 0.509375 0.0703125 0.4359375
0 0.50390625 0.20546875 0.02421875 0.16171875
0 0.82265625 0.2015625 0.02734375 0.14609375
0 0.75859375 0.18671875 0.02421875 0.13515625
0 0.628125 0.18046875 0.02265625 0.134375
0 0.40078125 0.18203125 0.0203125 0.14609375
0 0.259375 0.66171875 0.09765625 0.565625
0 0.54921875 0.15390625 0.01796875 0.11484375
0 0.4875 0.20859375 0.025 0.165625
0 0.8546875 0.215625 0.02890625 0.15625
0 0.7859375 0.20625 0.02734375 0.1515625
0 0.45390625 0.26640625 0.03203125 0.21875
0 0.496875 0.1609375 0.01796875 0.1234375
0 0.33359375 0.57109375 0.07578125 0.4859375
0 0.934375 0.24921875 0.03515625 0.18359375
0 0.24765625 0.21484375 0.03046875 0.18125
0 0.71875 0.184375 0.0234375 0.13515625
0 0.60625 0.1546875 0.01796875 0.11328125
0 0.74296875 0.17265625 0.021875 0.1234375
0 0.61796875 0.1828125 0.02265625 0.13828125
0 0.67265625 0.1765625 0.021875 0.1296875
0 0.50703125 0.2765625 0.034375 0.225
0 0.69921875 0.1890625 0.02421875 0.13984375
0 0.88671875 0.21328125 0.02890625 0.15390625
0 0.6703125 0.1984375 0.025 0.14921875
0 0.8265625 0.7953125 0.2484375 0.40546875