0 0.68359375 0.15390625 0.01796875 0.11015625
0 0.11953125 0.2453125 0.04140625 0.21328125
0 0.6203125 0.15390625 0.01796875 0.11171875
0 0.84375 0.40546875 0.0609375 0.32421875
0 0.65 0.153125 0.01796875 0.11015625
0 0.37578125 0.7265625 0.1046875 0.5453125
0 0.878125 0.24609375 0.03515625 0.18203125
0 0.60546875 0.16328125 0.01953125 0.12109375
0 0.8015625 0.434375 0.06484375 0.35078125
0 0.5625 0.15859375 0.01875 0.11875
0 0.903125 0.240625 0.034375 0.178125
0 0.75625 0.171875 0.02109375 0.121875
0 0.796875 0.1625 0.0203125 0.11171875
0 0.6890625 0.19609375 0.025 0.14609375
0 0.621875 0.16171875 0.01953125 0.11875
0 0.78828125 0.31953125 0.04609375 0.25078125
0 0.8234375 0.259375 0.0359375 0.19609375
0 0.596875 0.1515625 0.01796875 0.1109375
0 0.7046875 0.153125 0.01796875 0.10859375
0 0.92734375 0.1984375 0.02734375 0.1390625
0 0.784375 0.18359375 0.0234375 0.13125
0 0.728125 0.1703125 0.02109375 0.121875
0 0.94140625 0.1953125 0.02578125 0.13515625