0 0.8125 0.1859375 0.02421875 0.13203125
0 0.94296875 0.20390625 0.028125 0.14296875
0 0.921875 0.3203125 0.0484375 0.24609375
0 0.5640625 0.16875 0.01953125 0.1265625
0 0.09140625 0.2484375 0.04296875 0.21796875
0 0.0046875 0.3265625 0.009375 0.290625
0 0.71796875 0.14296875 0.0171875 0.0984375
0 0.66484375 0.140625 0.01640625 0.096875
0 0.5078125 0.25 0.03046875 0.2015625
0 0.79765625 0.15234375 0.01875 0.103125
0 0.51328125 0.284375 0.03515625 0.23203125
0 0.44296875 0.29296875 0.03515625 0.24296875
0 0.5296875 0.30859375 0.0390625 0.253125
0 0.590625 0.1703125 0.0203125 0.128125
0 0.86640625 0.20703125 0.028125 0.15
0 0.68203125 0.26171875 0.03515625 0.2046875
0 0.58203125 0.296875 0.03828125 0.23984375
0 0.6921875 0.14140625 0.01640625 0.096875
0 0.5796875 0.2390625 0.03046875 0.18984375
0 0.45625 0.3140625 0.03828125 0.259375
0 0.76328125 0.15078125 0.01796875 0.10390625