0 0.9296875 0.2484375 0.03515625 0.18359375
0 0.4546875 0.28359375 0.034375 0.23359375
0 0.61484375 0.14921875 0.0171875 0.10703125
0 0.8234375 0.23125 0.03203125 0.171875
0 0.86640625 0.240625 0.03359375 0.17890625
0 0.60390625 0.14609375 0.0171875 0.1046875
0 0.8109375 0.28359375 0.040625 0.21953125
0 0.59140625 0.2765625 0.03515625 0.221875
0 0.803125 0.17109375 0.02109375 0.1203125
0 0.71484375 0.1578125 0.01953125 0.11171875
0 0.7359375 0.15859375 0.01953125 0.11171875
0 0.515625 0.2609375 0.03203125 0.21015625
0 0.78125 0.159375 0.01953125 0.109375
0 0.10078125 0.246875 0.04140625 0.215625
0 0.5953125 0.30859375 0.03984375 0.24921875
0 0.534375 0.30546875 0.0390625 0.24921875
0 0.75546875 0.15859375 0.01953125 0.11015625
0 0.46484375 0.3109375 0.03828125 0.25625
0 0.73515625 0.23203125 0.03125 0.1765625
0 0.6875 0.26171875 0.03515625 0.2046875
0 0.8 0.253125 0.03515625 0.19375
0 0.78046875 0.23203125 0.03125 0.175
0 0.8625 0.23125 0.03203125 0.1703125