0 0.6625 0.15078125 0.01796875 0.10625
0 0.346875 0.7265625 0.10546875 0.54453125
0 0.0046875 0.778125 0.00859375 0.44296875
0 0.1859375 0.93828125 0.24921875 0.121875
0 0.80859375 0.20390625 0.02734375 0.1484375
0 0.453125 0.31171875 0.03828125 0.25859375
0 0.81328125 0.16796875 0.02109375 0.11640625
0 0.16484375 0.76796875 0.15546875 0.46171875
0 0.1171875 0.72109375 0.13515625 0.55625
0 0.59296875 0.4765625 0.06484375 0.39609375
0 0.23515625 0.57578125 0.08671875 0.49453125
0 0.75390625 0.16953125 0.02109375 0.1203125
0 0.925 0.25703125 0.03671875 0.19140625
0 0.50703125 0.27890625 0.034375 0.228125
0 0.9078125 0.2109375 0.02890625 0.15078125
0 0.08828125 0.24921875 0.04296875 0.21875
0 0.73359375 0.1671875 0.02109375 0.11953125
0 0.9578125 0.25703125 0.0375 0.18984375
0 0.63125 0.18046875 0.02265625 0.134375
0 0.5890625 0.2765625 0.0359375 0.221875
0 0.94375 0.20546875 0.02890625 0.14375
0 0.7 0.1640625 0.01953125 0.11796875
0 0.78984375 0.17265625 0.021875 0.12109375
0 0.4515625 0.74296875 0.11015625 0.51171875
0 0.1578125 0.6828125 0.1125 0.58828125
0 0.6859375 0.26171875 0.03515625 0.2046875
0 0.48984375 0.4390625 0.05625 0.36796875
0 0.81328125 0.17421875 0.021875 0.121875
0 0.16640625 0.546875 0.08828125 0.4734375
0 0.8140625 0.246875 0.03359375 0.18671875
0 0.0203125 0.8484375 0.03984375 0.3015625
0 0.1390625 0.50546875 0.084375 0.43828125
0 0.42421875 0.21640625 0.025 0.175
0 0.6015625 0.31328125 0.04140625 0.25390625
0 0.69765625 0.18515625 0.0234375 0.13671875
0 0.6609375 0.18046875 0.02265625 0.13359375
0 0.9390625 0.19921875 0.02734375 0.13984375
0 0.45078125 0.28359375 0.034375 0.23359375
0 0.52109375 0.30859375 0.0390625 0.253125