0 0.8796875 0.20390625 0.02734375 0.1453125
0 0.7421875 0.19765625 0.02578125 0.1453125
0 0.58828125 0.2765625 0.0359375 0.22109375
0 0.515625 0.28125 0.03515625 0.22890625
0 0.1046875 0.24765625 0.04140625 0.215625
0 0.7421875 0.2234375 0.02890625 0.16875
0 0.64609375 0.5375 0.07578125 0.4453125
0 0.796875 0.15625 0.01953125 0.10703125
0 0.81328125 0.2015625 0.0265625 0.14609375
0 0.7171875 0.22109375 0.02890625 0.16796875
0 0.45390625 0.28359375 0.034375 0.234375
0 0.890625 0.22421875 0.03125 0.16328125
0 0.68046875 0.22578125 0.02890625 0.1734375
0 0.525 0.30859375 0.0390625 0.253125
0 0.74765625 0.53359375 0.0796875 0.43828125
0 0.78046875 0.20546875 0.02734375 0.15078125
0 0.69453125 0.19140625 0.02421875 0.14140625
0 0.93515625 0.22578125 0.03203125 0.16328125
0 0.76171875 0.4265625 0.0625 0.3453125
0 0.5953125 0.31484375 0.04140625 0.25546875
0 0.8296875 0.228125 0.03125 0.16953125
0 0.746875 0.59921875 0.08984375 0.49453125
0 0.6875 0.26171875 0.03515625 0.2046875
0 0.459375 0.3109375 0.03828125 0.25703125
0 0.8234375 0.209375 0.028125 0.153125
0 0.84296875 0.428125 0.065625 0.34375
0 0.6578125 0.18125 0.02265625 0.134375