0 0.70390625 0.27265625 0.03671875 0.2140625
0 0.79609375 0.16953125 0.02109375 0.11875
0 0.890625 0.31953125 0.04765625 0.246875
0 0.52421875 0.309375 0.03984375 0.25390625
0 0.44609375 0.29375 0.03515625 0.24296875
0 0.50625 0.25 0.03046875 0.2015625
0 0.0046875 0.3265625 0.009375 0.290625
0 0.77421875 0.16875 0.02109375 0.11875
0 0.74453125 0.165625 0.0203125 0.11640625
0 0.46328125 0.3140625 0.03828125 0.259375
0 0.5765625 0.29609375 0.03828125 0.23984375
0 0.515625 0.284375 0.0359375 0.23125
0 0.940625 0.20234375 0.02734375 0.14140625
0 0.68046875 0.2609375 0.03515625 0.20390625