0 0.7671875 0.15859375 0.01953125 0.109375
0 0.65390625 0.1640625 0.01953125 0.11953125
0 0.04921875 0.24375 0.04453125 0.215625
0 0.85078125 0.2390625 0.03359375 0.17890625
0 0.81640625 0.19921875 0.02578125 0.14453125
0 0.86875 0.20859375 0.02890625 0.15078125
0 0.6328125 0.165625 0.01953125 0.12109375
0 0.71484375 0.15625 0.01875 0.11015625
0 0.83671875 0.20859375 0.028125 0.1515625
0 0.665625 0.1515625 0.01796875 0.10859375
0 0.73515625 0.1734375 0.02109375 0.125
0 0.8765625 0.20546875 0.02734375 0.146875
0 0.92265625 0.19921875 0.02734375 0.13984375
0 0.784375 0.1859375 0.02421875 0.13359375
0 0.49140625 0.2109375 0.025 0.16875
0 0.5125 0.20625 0.025 0.16328125