0 0.12265625 0.24453125 0.040625 0.21328125
0 0.746875 0.15078125 0.01796875 0.103125
0 0.790625 0.1890625 0.02421875 0.1359375
0 0.77421875 0.1609375 0.01953125 0.11171875
0 0.44609375 0.17578125 0.0203125 0.1390625
0 0.67265625 0.26328125 0.03515625 0.20625
0 0.84609375 0.203125 0.02734375 0.14609375
0 0.9671875 0.26328125 0.03828125 0.19453125
0 0.81953125 0.18359375 0.0234375 0.13046875
0 0.84453125 0.52265625 0.08203125 0.425
0 0.7578125 0.17578125 0.02265625 0.12578125
0 0.71015625 0.14296875 0.01640625 0.0984375
0 0.7984375 0.2015625 0.0265625 0.146875
0 0.83125 0.18984375 0.025 0.13515625
0 0.68671875 0.14296875 0.0171875 0.09921875
0 0.7421875 0.1875 0.02421875 0.1359375
0 0.56328125 0.16796875 0.01953125 0.1265625
0 0.909375 0.26640625 0.0390625 0.2
0 0.84921875 0.18125 0.02421875 0.1265625
0 0.66953125 0.49375 0.0703125 0.40859375
0 0.4765625 0.1765625 0.0203125 0.13828125
0 0.90078125 0.1875 0.025 0.13046875