0 0.4046875 0.2453125 0.02890625 0.2015625
0 0.73515625 0.1484375 0.01796875 0.103125
0 0.965625 0.27109375 0.03984375 0.2015625
0 0.771875 0.18203125 0.02265625 0.13125
0 0.8296875 0.2390625 0.0328125 0.17890625
0 0.70703125 0.1890625 0.02421875 0.13984375
0 0.70703125 0.14921875 0.01796875 0.10390625
0 0.646875 0.19453125 0.02421875 0.146875
0 0.69453125 0.1984375 0.025 0.1484375
0 0.00390625 0.31328125 0.00703125 0.27890625
0 0.12109375 0.246875 0.04140625 0.21484375
0 0.76328125 0.20078125 0.02578125 0.146875
0 0.86640625 0.25703125 0.03671875 0.19375
0 0.675 0.26484375 0.03515625 0.20703125
0 0.875 0.4171875 0.0640625 0.33203125
0 0.47265625 0.21640625 0.02578125 0.1734375