0 0.45546875 0.315625 0.03828125 0.26171875
0 0.52421875 0.30859375 0.03828125 0.2515625
0 0.5125 0.20390625 0.02421875 0.1609375
0 0.73125 0.153125 0.01796875 0.10625
0 0.82421875 0.171875 0.021875 0.1203125
0 0.48828125 0.203125 0.02421875 0.1609375
0 0.79609375 0.16875 0.02109375 0.11796875
0 0.9390625 0.203125 0.028125 0.14296875
0 0.0890625 0.25078125 0.04296875 0.2203125
0 0.51640625 0.284375 0.03515625 0.23203125
0 0.7546875 0.16796875 0.02109375 0.11875
0 0.003125 0.32734375 0.00625 0.29140625
0 0.7265625 0.165625 0.0203125 0.11796875
0 0.01484375 0.29453125 0.0296875 0.2609375
0 0.50859375 0.2484375 0.03046875 0.20078125
0 0.8625 0.175 0.02265625 0.1203125
0 0.68203125 0.26171875 0.03515625 0.2046875
0 0.91953125 0.23203125 0.0328125 0.16953125
0 0.65078125 0.14921875 0.01796875 0.10625
0 0.58359375 0.296875 0.03828125 0.240625
0 0.44296875 0.29296875 0.03515625 0.24296875
0 0.92421875 0.32109375 0.0484375 0.246875