0 0.76875 0.18203125 0.0234375 0.13125
0 0.9375 0.20078125 0.02734375 0.140625
0 0.7953125 0.190625 0.025 0.13671875
0 0.68828125 0.17734375 0.021875 0.13046875
0 0.8390625 0.19296875 0.02578125 0.13828125
0 0.83359375 0.196875 0.02578125 0.14140625
0 0.78125 0.221875 0.03046875 0.16640625
0 0.8546875 0.23046875 0.03203125 0.16953125
0 0.47734375 0.20859375 0.025 0.165625
0 0.88359375 0.2328125 0.03203125 0.17109375
0 0.95078125 0.26484375 0.0390625 0.19609375
0 0.921875 0.19296875 0.02578125 0.134375
0 0.40390625 0.190625 0.021875 0.15390625
0 0.6375 0.16875 0.0203125 0.12421875