0 0.93671875 0.20546875 0.02890625 0.14453125
0 0.7390625 0.20546875 0.02734375 0.153125
0 0.13359375 0.24453125 0.03984375 0.21328125
0 0.6984375 0.8078125 0.16171875 0.38203125
0 0.921875 0.26640625 0.0390625 0.2
0 0.81015625 0.17265625 0.021875 0.12109375
0 0.7328125 0.22109375 0.02890625 0.16640625
0 0.71875 0.2859375 0.0390625 0.225
0 0.90703125 0.2734375 0.03984375 0.20625
0 0.65234375 0.1859375 0.02265625 0.1390625
0 0.68046875 0.15859375 0.01953125 0.1140625
0 0.725 0.271875 0.03671875 0.21171875
0 0.653125 0.15859375 0.01953125 0.11484375
0 0.95234375 0.2 0.02734375 0.1390625
0 0.928125 0.259375 0.03828125 0.19296875