0 0.83203125 0.19609375 0.02578125 0.140625
0 0.4296875 0.32421875 0.03984375 0.2703125
0 0.94296875 0.20390625 0.028125 0.14296875
0 0.58125 0.16171875 0.01875 0.1203125
0 0.67734375 0.1375 0.01640625 0.0953125
0 0.92421875 0.32109375 0.0484375 0.246875
0 0.48203125 0.2359375 0.02890625 0.18984375
0 0.09140625 0.2484375 0.04296875 0.21796875
0 0.784375 0.1484375 0.01796875 0.1
0 0.44453125 0.29296875 0.03515625 0.24140625
0 0.74765625 0.14609375 0.01796875 0.1
0 0.0046875 0.3265625 0.009375 0.290625
0 0.68203125 0.26171875 0.03515625 0.2046875
0 0.51484375 0.284375 0.03515625 0.23203125
0 0.79921875 0.178125 0.02265625 0.12578125
0 0.5046875 0.25 0.03046875 0.2015625
0 0.6875 0.13828125 0.01640625 0.0953125
0 0.58203125 0.296875 0.03828125 0.23984375
0 0.6 0.1640625 0.01953125 0.121875
0 0.5296875 0.30859375 0.0390625 0.253125