0 0.59296875 0.15 0.0171875 0.109375
0 0.8203125 0.26796875 0.03828125 0.2046875
0 0.83984375 0.16953125 0.021875 0.11640625
0 0.84375 0.31484375 0.04609375 0.24453125
0 0.90546875 0.1859375 0.025 0.12890625
0 0.746875 0.16640625 0.0203125 0.11796875
0 0.72109375 0.1640625 0.0203125 0.11796875
0 0.9046875 0.2453125 0.03515625 0.18125
0 0.7609375 0.228125 0.03046875 0.17109375
0 0.60546875 0.13828125 0.015625 0.0984375
0 0.1015625 0.24609375 0.04140625 0.21484375
0 0.5890625 0.278125 0.0359375 0.2234375
0 0.58828125 0.303125 0.03984375 0.24453125
0 0.6171875 0.13828125 0.01640625 0.0984375
0 0.7734375 0.165625 0.0203125 0.11640625
0 0.6875 0.26171875 0.03515625 0.2046875
0 0.509375 0.24921875 0.03046875 0.20078125
0 0.46640625 0.284375 0.034375 0.23359375
0 0.621875 0.14921875 0.0171875 0.10703125
0 0.53671875 0.30390625 0.03828125 0.2484375
0 0.6375 0.1515625 0.01796875 0.109375
0 0.8578125 0.24375 0.03359375 0.18125
0 0.83515625 0.25078125 0.03515625 0.1890625
0 0.46484375 0.3171875 0.03828125 0.26171875
0 0.7953125 0.16796875 0.02109375 0.11640625
0 0.9171875 0.2546875 0.03671875 0.1890625