0 0.4578125 0.3140625 0.03828125 0.26015625
0 0.58125 0.17421875 0.02109375 0.13125
0 0.09296875 0.2484375 0.04296875 0.21796875
0 0.44453125 0.29296875 0.03515625 0.24140625
0 0.721875 0.14453125 0.0171875 0.09921875
0 0.62890625 0.24140625 0.03046875 0.18984375
0 0.51640625 0.284375 0.03515625 0.23203125
0 0.94296875 0.20390625 0.028125 0.14296875
0 0.921875 0.3203125 0.0484375 0.24609375
0 0.7 0.14375 0.0171875 0.09921875
0 0.81953125 0.190625 0.025 0.1359375
0 0.56015625 0.1734375 0.02109375 0.13125
0 0.0046875 0.3265625 0.009375 0.290625
0 0.80625 0.153125 0.01875 0.103125
0 0.88515625 0.21328125 0.02890625 0.1546875
0 0.5078125 0.25 0.03046875 0.2015625
0 0.77109375 0.15390625 0.01875 0.10546875
0 0.66484375 0.14140625 0.01640625 0.09921875
0 0.68203125 0.26171875 0.03515625 0.2046875
0 0.53125 0.309375 0.0390625 0.253125
0 0.58359375 0.296875 0.03828125 0.240625
0 0.74453125 0.14375 0.01640625 0.0984375