0 0.65859375 0.19921875 0.025 0.15
0 0.73828125 0.15078125 0.01796875 0.10390625
0 0.71953125 0.19765625 0.02578125 0.146875
0 0.77578125 0.20546875 0.02734375 0.1515625
0 0.71171875 0.15078125 0.01796875 0.10546875
0 0.0046875 0.3140625 0.00859375 0.2796875
0 0.67265625 0.2640625 0.03515625 0.20703125
0 0.9171875 0.434375 0.06796875 0.34609375
0 0.79375 0.1890625 0.02421875 0.1359375
0 0.12109375 0.246875 0.04140625 0.21484375
0 0.83515625 0.23671875 0.03203125 0.1765625
0 0.86640625 0.25703125 0.03671875 0.19375
0 0.70625 0.203125 0.02578125 0.153125
0 0.43046875 0.2390625 0.028125 0.19453125
0 0.478125 0.21328125 0.02578125 0.1703125