0 0.93671875 0.20546875 0.02890625 0.14453125
0 0.9515625 0.2 0.02734375 0.1390625
0 0.13828125 0.2453125 0.03984375 0.21328125
0 0.8890625 0.27890625 0.03984375 0.21171875
0 0.84609375 0.253125 0.03515625 0.190625
0 0.69609375 0.171875 0.02109375 0.125
0 0.81875 0.284375 0.03984375 0.21953125
0 0.60703125 0.1390625 0.015625 0.09921875
0 0.65859375 0.140625 0.01640625 0.0984375
0 0.859375 0.18125 0.0234375 0.1265625
0 0.71953125 0.17109375 0.02109375 0.1234375
0 0.78671875 0.2375 0.03203125 0.17890625
0 0.659375 0.203125 0.02578125 0.15390625