0 0.646875 0.18203125 0.02265625 0.1359375
0 0.49140625 0.21015625 0.025 0.16640625
0 0.86875 0.196875 0.0265625 0.13984375
0 0.734375 0.1734375 0.02109375 0.125
0 0.728125 0.190625 0.02421875 0.140625
0 0.79375 0.209375 0.028125 0.1546875
0 0.4328125 0.5765625 0.07265625 0.48828125
0 0.6796875 0.18046875 0.02265625 0.13203125
0 0.496875 0.20546875 0.02421875 0.16328125
0 0.496875 0.1609375 0.01796875 0.1234375
0 0.2765625 0.20546875 0.02734375 0.171875
0 0.48359375 0.259375 0.03203125 0.21171875
0 0.39375 0.49375 0.06171875 0.41875
0 0.61015625 0.1859375 0.02265625 0.140625
0 0.6984375 0.18828125 0.02421875 0.13984375
0 0.54921875 0.15703125 0.01796875 0.11796875
0 0.675 0.19921875 0.02578125 0.15078125
0 0.24609375 0.21484375 0.03046875 0.18125
0 0.775 0.1984375 0.02578125 0.14453125
0 0.4 0.18203125 0.0203125 0.14609375
0 0.53671875 0.2671875 0.03359375 0.215625
0 0.86640625 0.2203125 0.03046875 0.1609375
0 0.8234375 0.2015625 0.0265625 0.14609375
0 0.5046875 0.15546875 0.01796875 0.11875
0 0.33828125 0.61875 0.08203125 0.52578125
0 0.61796875 0.15703125 0.01875 0.11484375
0 0.85234375 0.2390625 0.03359375 0.17890625
0 0.8984375 0.215625 0.0296875 0.15546875
0 0.875 0.20546875 0.028125 0.146875
0 0.771875 0.1984375 0.02578125 0.14453125
0 0.884375 0.51953125 0.134375 0.4140625
0 0.93828125 0.75 0.1234375 0.5