0 0.61328125 0.16796875 0.01953125 0.12421875
0 0.85078125 0.1828125 0.02421875 0.12890625
0 0.7078125 0.16953125 0.02109375 0.1234375
0 0.95234375 0.20078125 0.02734375 0.13984375
0 0.6796875 0.16796875 0.0203125 0.121875
0 0.79140625 0.19453125 0.025 0.140625
0 0.834375 0.3484375 0.0515625 0.275
0 0.7640625 0.2234375 0.03046875 0.16796875
0 0.9328125 0.196875 0.0265625 0.13671875
0 0.73046875 0.16953125 0.02109375 0.1203125
0 0.67265625 0.18125 0.02265625 0.134375
0 0.678125 0.18046875 0.02265625 0.13203125
0 0.121875 0.2453125 0.040625 0.21328125
0 0.7734375 0.19375 0.025 0.140625
0 0.6046875 0.18125 0.02265625 0.13671875
0 0.65 0.16875 0.0203125 0.12421875
0 0.83671875 0.20859375 0.028125 0.1515625
0 0.83515625 0.65078125 0.1390625 0.509375