0 0.9328125 0.19921875 0.0265625 0.1390625
0 0.7765625 0.20625 0.02734375 0.1515625
0 0.696875 0.16640625 0.0203125 0.11953125
0 0.7375 0.15625 0.01953125 0.109375
0 0.68046875 0.165625 0.01953125 0.11953125
0 0.94453125 0.19765625 0.0265625 0.13828125
0 0.73203125 0.18828125 0.02421875 0.13828125
0 0.753125 0.17578125 0.02265625 0.12578125
0 0.74296875 0.37421875 0.05390625 0.30078125
0 0.7546875 0.15625 0.01953125 0.10859375
0 0.7625 0.21171875 0.02734375 0.15625
0 0.69921875 0.18828125 0.0234375 0.1390625
0 0.790625 0.21328125 0.02890625 0.15859375
0 0.609375 0.15 0.0171875 0.109375
0 0.7125 0.15546875 0.01875 0.109375
0 0.68125 0.15078125 0.01796875 0.10625