0 0.928125 0.19609375 0.0265625 0.13671875
0 0.76953125 0.1859375 0.02421875 0.134375
0 0.953125 0.2640625 0.0390625 0.19609375
0 0.9546875 0.28359375 0.0421875 0.21328125
0 0.65625 0.1390625 0.01640625 0.096875
0 0.84453125 0.2015625 0.02734375 0.1453125
0 0.7015625 0.19375 0.025 0.14375
0 0.81796875 0.196875 0.02578125 0.14140625
0 0.61484375 0.14609375 0.01640625 0.1046875
0 0.50703125 0.20390625 0.02421875 0.16171875
0 0.7921875 0.2078125 0.02734375 0.153125
0 0.86875 0.20078125 0.0265625 0.14375
0 0.49140625 0.21171875 0.025 0.16875
0 0.5875 0.1484375 0.0171875 0.10859375
0 0.7265625 0.15390625 0.01875 0.10703125