0 0.725 0.16875 0.02109375 0.12109375
0 0.1 0.24609375 0.0421875 0.2140625
0 0.81875 0.175 0.02265625 0.121875
0 0.67109375 0.2640625 0.03515625 0.20859375
0 0.59375 0.146875 0.0171875 0.10625
0 0.83984375 0.19609375 0.02578125 0.140625
0 0.721875 0.2375 0.03203125 0.18203125
0 0.5828125 0.31875 0.04140625 0.259375
0 0.665625 0.16875 0.0203125 0.1234375
0 0.9390625 0.28515625 0.0421875 0.21484375
0 0.87734375 0.23828125 0.03359375 0.17578125
0 0.621875 0.14609375 0.0171875 0.10546875
0 0.77421875 0.16953125 0.02109375 0.11953125
0 0.7875 0.203125 0.0265625 0.14921875
0 0.51796875 0.31875 0.040625 0.2609375
0 0.60625 0.30625 0.040625 0.246875
0 0.75234375 0.2015625 0.02578125 0.15
0 0.9265625 0.2390625 0.03359375 0.175
0 0.58046875 0.27890625 0.0359375 0.225
0 0.88125 0.25390625 0.0359375 0.18984375
0 0.79140625 0.240625 0.0328125 0.18125
0 0.75078125 0.171875 0.021875 0.121875