0 0.096875 0.2484375 0.0421875 0.21640625
0 0.45625 0.29453125 0.0359375 0.24296875
0 0.47265625 0.70703125 0.09453125 0.58359375
0 0.71875 0.1390625 0.01640625 0.09453125
0 0.49765625 0.25078125 0.03046875 0.203125
0 0.52578125 0.31171875 0.03984375 0.2546875
0 0.55625 0.16015625 0.01875 0.1203125
0 0.4890625 0.7578125 0.11953125 0.48203125
0 0.5125 0.2875 0.0359375 0.234375
0 0.9421875 0.2015625 0.02734375 0.140625
0 0.7890625 0.17578125 0.02265625 0.12421875
0 0.4359375 0.31953125 0.0390625 0.265625
0 0.85546875 0.246875 0.034375 0.184375
0 0.79765625 0.16640625 0.02109375 0.115625
0 0.8390625 0.19453125 0.02578125 0.1390625
0 0.753125 0.1546875 0.01875 0.10703125
0 0.80546875 0.1921875 0.025 0.13828125
0 0.67734375 0.15703125 0.01875 0.11328125
0 0.81953125 0.21171875 0.028125 0.1546875
0 0.8453125 0.209375 0.028125 0.1515625
0 0.75 0.17109375 0.02109375 0.12109375
0 0.6875 0.26328125 0.03515625 0.20546875
0 0.5875 0.2984375 0.0390625 0.24140625