0 0.10546875 0.24765625 0.04140625 0.215625
0 0.7078125 0.146875 0.0171875 0.1015625
0 0.8046875 0.4171875 0.06171875 0.3359375
0 0.75078125 0.14609375 0.0171875 0.1
0 0.72734375 0.146875 0.01796875 0.10078125
0 0.796875 0.575 0.08828125 0.471875
0 0.86328125 0.23828125 0.03359375 0.1765625
0 0.909375 0.23046875 0.03203125 0.16875
0 0.51796875 0.28125 0.03515625 0.2296875
0 0.6953125 0.14296875 0.0171875 0.09921875
0 0.459375 0.3109375 0.03828125 0.25703125
0 0.71953125 0.22421875 0.0296875 0.17109375
0 0.525 0.30859375 0.0390625 0.253125
0 0.7890625 0.21015625 0.02734375 0.15546875
0 0.88984375 0.209375 0.028125 0.15
0 0.95625 0.23671875 0.03359375 0.17109375
0 0.75078125 0.2015625 0.02578125 0.15
0 0.8984375 0.4328125 0.06796875 0.3453125
0 0.7015625 0.23359375 0.03046875 0.1796875
0 0.70625 0.5078125 0.0734375 0.41796875
0 0.5953125 0.31484375 0.04140625 0.25546875
0 0.58828125 0.2765625 0.0359375 0.22109375
0 0.75546875 0.22890625 0.03046875 0.1734375
0 0.70546875 0.19765625 0.025 0.146875
0 0.80859375 0.20546875 0.02734375 0.15
0 0.8625 0.5015625 0.07890625 0.40625
0 0.6875 0.26171875 0.03515625 0.2046875
0 0.8109375 0.15859375 0.01953125 0.10859375
0 0.83828125 0.2140625 0.02890625 0.15546875
0 0.68515625 0.18046875 0.02265625 0.13203125
0 0.45390625 0.28359375 0.034375 0.234375