0 0.8296875 0.228125 0.03125 0.16953125
0 0.36875 0.30625 0.03671875 0.25703125
0 0.7546875 0.20625 0.0265625 0.15390625
0 0.7015625 0.20703125 0.0265625 0.15625
0 0.9640625 0.26015625 0.03828125 0.19296875
0 0.79921875 0.209375 0.028125 0.1546875
0 0.9125 0.2546875 0.03671875 0.1890625
0 0.634375 0.171875 0.02109375 0.1265625
0 0.6203125 0.15859375 0.01875 0.115625
0 0.3890625 0.32890625 0.03984375 0.2765625
0 0.7234375 0.1671875 0.0203125 0.11953125
0 0.825 0.1765625 0.02265625 0.12421875
0 0.1296875 0.24453125 0.03984375 0.21171875
0 0.78671875 0.2484375 0.034375 0.1890625
0 0.8359375 0.21328125 0.02890625 0.15546875
0 0.734375 0.20703125 0.02734375 0.15546875
0 0.95703125 0.2015625 0.02734375 0.140625
0 0.81484375 0.23515625 0.03203125 0.17578125