0 0.82734375 0.20625 0.02734375 0.14921875
0 0.875 0.20546875 0.028125 0.146875
0 0.7578125 0.15625 0.01953125 0.109375
0 0.80234375 0.196875 0.02578125 0.14296875
0 0.5125 0.20625 0.025 0.16328125
0 0.7875 0.18359375 0.0234375 0.13125
0 0.71171875 0.1546875 0.01875 0.109375
0 0.92890625 0.19921875 0.02734375 0.13984375
0 0.66640625 0.14921875 0.01796875 0.10546875
0 0.6203125 0.1609375 0.01953125 0.11796875
0 0.64296875 0.159375 0.01875 0.115625
0 0.49140625 0.21171875 0.025 0.16875
0 0.7375 0.1703125 0.02109375 0.121875
0 0.81875 0.23046875 0.03125 0.17109375
0 0.871875 0.20703125 0.028125 0.14921875