0 0.67734375 0.26171875 0.03515625 0.20546875
0 0.8109375 0.16484375 0.0203125 0.11328125
0 0.090625 0.25 0.04296875 0.21875
0 0.7484375 0.215625 0.02890625 0.1609375
0 0.4484375 0.2 0.0234375 0.159375
0 0.4296875 0.31171875 0.0375 0.259375
0 0.50234375 0.25078125 0.03046875 0.203125
0 0.509375 0.28671875 0.03515625 0.234375
0 0.41875 0.19453125 0.02265625 0.15625
0 0.70546875 0.159375 0.01953125 0.11328125
0 0.9390625 0.20078125 0.02734375 0.13984375
0 0.5875 0.14453125 0.01640625 0.1046875
0 0.01796875 0.325 0.0359375 0.2875
0 0.734375 0.146875 0.01796875 0.1015625
0 0.53046875 0.3171875 0.040625 0.26015625
0 0.5875 0.29765625 0.03828125 0.23984375
0 0.7984375 0.1640625 0.0203125 0.1140625
0 0.88984375 0.5109375 0.08125 0.41328125
0 0.81796875 0.23046875 0.03125 0.171875
0 0.834375 0.1671875 0.02109375 0.115625
0 0.71640625 0.14765625 0.01796875 0.103125
0 0.82578125 0.265625 0.03671875 0.203125
0 0.83828125 0.45625 0.06953125 0.36875
0 0.44375 0.28828125 0.03515625 0.23671875