0 0.77265625 0.4640625 0.06875 0.378125
0 0.7796875 0.196875 0.02578125 0.14375
0 0.12265625 0.24453125 0.040625 0.21328125
0 0.75234375 0.184375 0.0234375 0.13359375
0 0.67109375 0.26328125 0.03515625 0.20625
0 0.7890625 0.1671875 0.02109375 0.11796875
0 0.559375 0.16328125 0.01875 0.1234375
0 0.58671875 0.14453125 0.01640625 0.1046875
0 0.7734375 0.15703125 0.01953125 0.109375
0 0.825 0.21328125 0.02890625 0.15546875
0 0.825 0.190625 0.025 0.1359375
0 0.7828125 0.18515625 0.0234375 0.13359375
0 0.8609375 0.1890625 0.025 0.134375
0 0.92265625 0.196875 0.0265625 0.13828125
0 0.7640625 0.15546875 0.01875 0.10625
0 0.86484375 0.21328125 0.02890625 0.15390625
0 0.4796875 0.1890625 0.02265625 0.1484375
0 0.71640625 0.14765625 0.01796875 0.103125
0 0.83984375 0.196875 0.02578125 0.14140625
0 0.69375 0.14453125 0.0171875 0.10078125
0 0.43515625 0.18203125 0.02109375 0.14453125