0 0.396875 0.19140625 0.021875 0.1546875
0 0.78359375 0.19453125 0.02578125 0.14140625
0 0.78671875 0.18046875 0.0234375 0.12890625
0 0.61484375 0.14921875 0.01796875 0.10859375
0 0.75625 0.19609375 0.02578125 0.14453125
0 0.73046875 0.16875 0.02109375 0.12109375
0 0.840625 0.2234375 0.03046875 0.16484375
0 0.690625 0.18125 0.02265625 0.13359375
0 0.803125 0.21953125 0.0296875 0.16328125
0 0.965625 0.27578125 0.04140625 0.20546875
0 0.6359375 0.14921875 0.01796875 0.10703125
0 0.91875 0.2546875 0.03671875 0.1890625
0 0.7875 0.1765625 0.02265625 0.125
0 0.81640625 0.178125 0.02265625 0.125
0 0.9359375 0.20078125 0.02734375 0.13984375
0 0.92578125 0.265625 0.03828125 0.1984375
0 0.92265625 0.19375 0.02578125 0.13515625
0 0.58984375 0.15 0.01796875 0.109375