0 0.67265625 0.26171875 0.03515625 0.20546875
0 0.50625 0.24921875 0.03046875 0.20078125
0 0.753125 0.1640625 0.0203125 0.11484375
0 0.8625 0.321875 0.04765625 0.25
0 0.9125 0.34765625 0.053125 0.27109375
0 0.72890625 0.26640625 0.03671875 0.20703125
0 0.9375 0.33125 0.05078125 0.25546875
0 0.940625 0.203125 0.02734375 0.14296875
0 0.44765625 0.2921875 0.03515625 0.24140625
0 0.5765625 0.29609375 0.03828125 0.23984375
0 0.515625 0.284375 0.0359375 0.23125
0 0.52265625 0.30703125 0.0390625 0.2515625
0 0.43203125 0.321875 0.03828125 0.26796875