0 0.81640625 0.15546875 0.01875 0.10546875
0 0.4578125 0.3140625 0.03828125 0.26015625
0 0.8359375 0.196875 0.02578125 0.14140625
0 0.09296875 0.2484375 0.04296875 0.21796875
0 0.5515625 0.1765625 0.02109375 0.134375
0 0.68203125 0.246875 0.0328125 0.19140625
0 0.57265625 0.178125 0.02109375 0.13515625
0 0.51640625 0.284375 0.03515625 0.23203125
0 0.44609375 0.29375 0.03515625 0.24296875
0 0.7515625 0.14609375 0.0171875 0.1
0 0.94296875 0.20390625 0.028125 0.14296875
0 0.921875 0.3203125 0.0484375 0.24609375
0 0.0046875 0.3265625 0.009375 0.290625
0 0.6640625 0.14140625 0.01640625 0.1
0 0.5078125 0.25 0.03046875 0.2015625
0 0.7796875 0.15625 0.01953125 0.10625
0 0.68203125 0.26171875 0.03515625 0.2046875
0 0.53125 0.309375 0.0390625 0.253125
0 0.58359375 0.296875 0.03828125 0.240625
0 0.72421875 0.146875 0.0171875 0.10078125
0 0.70234375 0.14453125 0.01640625 0.10078125
0 0.9078125 0.22109375 0.03046875 0.16015625