0 0.85390625 0.2015625 0.02734375 0.14453125
0 0.79140625 0.16875 0.02109375 0.11796875
0 0.81328125 0.2015625 0.0265625 0.14609375
0 0.71484375 0.171875 0.02109375 0.12421875
0 0.85390625 0.2375 0.0328125 0.1765625
0 0.684375 0.2625 0.03515625 0.20625
0 0.65859375 0.17421875 0.02109375 0.12890625
0 0.10390625 0.24609375 0.04140625 0.21484375
0 0.59921875 0.221875 0.028125 0.1734375
0 0.58984375 0.303125 0.03984375 0.2453125
0 0.31484375 0.20390625 0.02578125 0.16875
0 0.6671875 0.15625 0.01875 0.11171875
0 0.6796875 0.7875 0.14921875 0.4234375
0 0.65 0.1546875 0.01796875 0.1109375
0 0.46328125 0.3125 0.03828125 0.25859375
0 0.6765625 0.16875 0.02109375 0.1234375
0 0.53828125 0.2640625 0.03359375 0.21328125
0 0.53828125 0.30546875 0.0390625 0.25
0 0.75390625 0.1515625 0.01796875 0.1046875
0 0.88828125 0.203125 0.02734375 0.14453125
0 0.415625 0.2234375 0.02578125 0.18203125
0 0.5859375 0.27734375 0.0359375 0.2234375
0 0.7859375 0.2015625 0.0265625 0.146875