0 0.921875 0.32109375 0.0484375 0.246875
0 0.7625 0.15703125 0.01953125 0.109375
0 0.09296875 0.2484375 0.04296875 0.21796875
0 0.50859375 0.2484375 0.03046875 0.20078125
0 0.5421875 0.1921875 0.02265625 0.14921875
0 0.51953125 0.18984375 0.02265625 0.1484375
0 0.58359375 0.296875 0.03828125 0.240625
0 0.80078125 0.16484375 0.02109375 0.11484375
0 0.45390625 0.31484375 0.03828125 0.2609375
0 0.7375 0.15625 0.01875 0.10859375
0 0.52265625 0.30703125 0.0390625 0.2515625
0 0.51640625 0.284375 0.03515625 0.23203125
0 0.84453125 0.1640625 0.02109375 0.11171875
0 0.72421875 0.14453125 0.0171875 0.09921875
0 0.65078125 0.14453125 0.01640625 0.103125
0 0.85234375 0.2640625 0.0375 0.2
0 0.96328125 0.24296875 0.03515625 0.17578125
0 0.44453125 0.29296875 0.03515625 0.24140625
0 0.7109375 0.15390625 0.01875 0.10859375
0 0.0046875 0.3265625 0.009375 0.290625
0 0.68203125 0.26171875 0.03515625 0.2046875
0 0.8671875 0.21171875 0.02890625 0.153125
0 0.94296875 0.203125 0.028125 0.14296875