0 0.44453125 0.29140625 0.03515625 0.240625
0 0.50625 0.25 0.03046875 0.2015625
0 0.9390625 0.203125 0.028125 0.14296875
0 0.72265625 0.14921875 0.01796875 0.10390625
0 0.4109375 0.32578125 0.0390625 0.271875
0 0.959375 0.325 0.04921875 0.25
0 0.67265625 0.26171875 0.03515625 0.20546875
0 0.76171875 0.1515625 0.01875 0.10390625
0 0.8015625 0.15703125 0.01953125 0.10703125
0 0.89453125 0.328125 0.04921875 0.2546875
0 0.52421875 0.309375 0.03984375 0.25390625
0 0.8953125 0.3015625 0.04453125 0.23125
0 0.7046875 0.2734375 0.03671875 0.2140625
0 0.5765625 0.29609375 0.03828125 0.23984375
0 0.515625 0.284375 0.0359375 0.23125
0 0.7453125 0.15078125 0.01796875 0.103125