0 0.8875 0.28671875 0.04140625 0.21875
0 0.77265625 0.18828125 0.02421875 0.1359375
0 0.65546875 0.153125 0.01796875 0.109375
0 0.92421875 0.1984375 0.02734375 0.1390625
0 0.94296875 0.19765625 0.02734375 0.13828125
0 0.93671875 0.2046875 0.028125 0.14453125
0 0.5671875 0.1484375 0.0171875 0.109375
0 0.72890625 0.18984375 0.02421875 0.1390625
0 0.59296875 0.146875 0.01640625 0.10625
0 0.9640625 0.28671875 0.04296875 0.215625
0 0.38359375 0.58125 0.07421875 0.49375
0 0.76796875 0.159375 0.01953125 0.1109375
0 0.57734375 0.153125 0.01796875 0.11328125
0 0.68359375 0.15078125 0.01796875 0.10625
0 0.18984375 0.2625 0.03984375 0.225
0 0.965625 0.2765625 0.04140625 0.20625
0 0.7453125 0.23125 0.03125 0.17578125
0 0.6359375 0.15390625 0.01796875 0.1109375