0 0.76171875 0.25078125 0.034375 0.19140625
0 0.71875 0.15078125 0.01796875 0.1046875
0 0.52421875 0.309375 0.03984375 0.25390625
0 0.82734375 0.1671875 0.02109375 0.115625
0 0.74140625 0.1765625 0.02265625 0.1265625
0 0.453125 0.28359375 0.03359375 0.23359375
0 0.775 0.23671875 0.03203125 0.1796875
0 0.72734375 0.20859375 0.02734375 0.15546875
0 0.80078125 0.4953125 0.075 0.40390625
0 0.87109375 0.22578125 0.03125 0.16484375
0 0.59140625 0.2765625 0.03515625 0.221875
0 0.928125 0.22578125 0.03125 0.16171875
0 0.459375 0.3109375 0.03828125 0.25703125
0 0.88828125 0.55703125 0.0890625 0.45390625
0 0.7390625 0.15078125 0.01796875 0.1046875
0 0.759375 0.15078125 0.01796875 0.10390625
0 0.10078125 0.246875 0.04140625 0.215625
0 0.775 0.21171875 0.028125 0.15703125
0 0.94140625 0.2453125 0.03515625 0.1796875
0 0.7015625 0.14921875 0.01796875 0.10390625
0 0.59296875 0.14375 0.01640625 0.1046875
0 0.5859375 0.140625 0.01640625 0.1015625
0 0.51953125 0.27421875 0.034375 0.2234375
0 0.5953125 0.31484375 0.04140625 0.25546875
0 0.8953125 0.48984375 0.07734375 0.39453125
0 0.71484375 0.23125 0.03046875 0.1765625
0 0.84453125 0.41015625 0.06171875 0.328125
0 0.81328125 0.2140625 0.02890625 0.15703125
0 0.81953125 0.221875 0.03046875 0.16484375
0 0.6875 0.26171875 0.03515625 0.2046875