0 0.86640625 0.26875 0.03828125 0.20390625
0 0.8078125 0.17421875 0.02265625 0.121875
0 0.63046875 0.165625 0.01953125 0.12109375
0 0.1359375 0.24609375 0.03984375 0.2140625
0 0.4671875 0.29296875 0.0359375 0.24140625
0 0.8859375 0.228125 0.03203125 0.16796875
0 0.61875 0.1421875 0.01640625 0.10078125
0 0.73671875 0.21953125 0.02890625 0.165625
0 0.65390625 0.18203125 0.02265625 0.13515625
0 0.48203125 0.31875 0.03984375 0.26328125
0 0.87890625 0.24375 0.034375 0.18046875
0 0.93984375 0.20546875 0.028125 0.14453125
0 0.95703125 0.2015625 0.02734375 0.140625
0 0.87578125 0.2515625 0.03515625 0.18828125
0 0.965625 0.26953125 0.03984375 0.20078125
0 0.72109375 0.17578125 0.021875 0.128125
0 0.83125 0.22109375 0.03046875 0.16328125
0 0.7671875 0.221875 0.0296875 0.16640625
0 0.78359375 0.21796875 0.02890625 0.16171875