0 0.1 0.24609375 0.0421875 0.2140625
0 0.646875 0.1703125 0.02109375 0.12578125
0 0.67109375 0.2640625 0.03515625 0.20859375
0 0.76875 0.16640625 0.02109375 0.11640625
0 0.6046875 0.30625 0.03984375 0.246875
0 0.83359375 0.19140625 0.025 0.13671875
0 0.5171875 0.31171875 0.03984375 0.25546875
0 0.575 0.3171875 0.04140625 0.25859375
0 0.75 0.16875 0.02109375 0.11953125
0 0.72421875 0.23828125 0.03125 0.18203125
0 0.72109375 0.165625 0.0203125 0.11796875
0 0.61640625 0.14453125 0.01640625 0.10390625
0 0.9 0.23203125 0.0328125 0.16953125
0 0.7640625 0.19921875 0.02578125 0.14609375
0 0.81640625 0.16953125 0.021875 0.11796875
0 0.58046875 0.27890625 0.0359375 0.225
0 0.59296875 0.14609375 0.01640625 0.10625
0 0.7734375 0.23671875 0.03203125 0.1796875
0 0.88359375 0.278125 0.03984375 0.21171875
0 0.85703125 0.23046875 0.03203125 0.1703125
0 0.86015625 0.24453125 0.034375 0.18203125
0 0.74140625 0.1984375 0.02578125 0.146875