0 0.7421875 0.175 0.021875 0.12578125
0 0.5265625 0.2859375 0.0359375 0.23203125
0 0.7671875 0.75546875 0.13671875 0.48828125
0 0.6515625 0.209375 0.0265625 0.16015625
0 0.41171875 0.60859375 0.07734375 0.515625
0 0.8171875 0.15703125 0.01953125 0.10625
0 0.78359375 0.1640625 0.0203125 0.11484375
0 0.44296875 0.29375 0.03515625 0.24296875
0 0.9578125 0.31875 0.04921875 0.24375
0 0.49921875 0.25 0.03046875 0.2015625
0 0.734375 0.1640625 0.0203125 0.11640625
0 0.0140625 0.3265625 0.028125 0.290625
0 0.45703125 0.3171875 0.0390625 0.26171875
0 0.084375 0.25 0.04296875 0.21875
0 0.53046875 0.31015625 0.03984375 0.25390625
0 0.7734375 0.15625 0.01953125 0.10703125
0 0.7859375 0.15703125 0.01953125 0.10703125
0 0.88203125 0.22109375 0.03046875 0.16015625
0 0.96796875 0.2578125 0.0375 0.18984375
0 0.684375 0.18671875 0.0234375 0.13828125
0 0.58515625 0.29765625 0.0390625 0.23984375
0 0.71953125 0.6171875 0.09140625 0.51015625
0 0.88125 0.2578125 0.03671875 0.19375
0 0.67890625 0.26171875 0.03515625 0.20546875