0 0.67578125 0.26171875 0.03515625 0.2046875
0 0.7671875 0.75546875 0.13671875 0.48828125
0 0.41328125 0.61171875 0.07734375 0.51875
0 0.7953125 0.153125 0.01796875 0.10390625
0 0.83671875 0.41328125 0.0625 0.33046875
0 0.91953125 0.27890625 0.040625 0.2109375
0 0.08203125 0.24921875 0.04296875 0.21953125
0 0.7203125 0.15703125 0.01953125 0.1109375
0 0.853125 0.21171875 0.02890625 0.15390625
0 0.49921875 0.25 0.03046875 0.2015625
0 0.45546875 0.31640625 0.0390625 0.26328125
0 0.58671875 0.2984375 0.03828125 0.240625
0 0.7640625 0.15546875 0.01953125 0.10625
0 0.678125 0.215625 0.02734375 0.1640625
0 0.01171875 0.325 0.02265625 0.2890625
0 0.96015625 0.31875 0.04921875 0.24375
0 0.78359375 0.15703125 0.01875 0.10859375
0 0.784375 0.1640625 0.0203125 0.11484375
0 0.5234375 0.69765625 0.09453125 0.5859375
0 0.71328125 0.19375 0.025 0.14375
0 0.95390625 0.24921875 0.0359375 0.18203125
0 0.53125 0.309375 0.0390625 0.253125
0 0.44296875 0.29375 0.03515625 0.24296875
0 0.7328125 0.16640625 0.0203125 0.11875
0 0.525 0.28671875 0.0359375 0.23359375
0 0.95859375 0.24140625 0.03515625 0.175
0 0.81328125 0.37265625 0.05546875 0.296875