0 0.52421875 0.30859375 0.03828125 0.2515625
0 0.83046875 0.17578125 0.02265625 0.1234375
0 0.73671875 0.15625 0.01875 0.109375
0 0.45703125 0.315625 0.03828125 0.2609375
0 0.9390625 0.20234375 0.02734375 0.14140625
0 0.65078125 0.1515625 0.01796875 0.10859375
0 0.03359375 0.296875 0.0546875 0.26328125
0 0.51640625 0.284375 0.03515625 0.23203125
0 0.47265625 0.20859375 0.025 0.16640625
0 0.003125 0.32734375 0.00625 0.29140625
0 0.0796875 0.253125 0.04453125 0.221875
0 0.50859375 0.2484375 0.03046875 0.20078125
0 0.44453125 0.29296875 0.03515625 0.24140625
0 0.5015625 0.20859375 0.025 0.165625
0 0.86953125 0.178125 0.02265625 0.121875
0 0.68203125 0.26171875 0.03515625 0.2046875
0 0.94609375 0.2390625 0.034375 0.175
0 0.73125 0.16953125 0.02109375 0.12109375
0 0.58359375 0.296875 0.03828125 0.240625
0 0.8078125 0.1734375 0.02265625 0.12109375
0 0.92421875 0.32109375 0.0484375 0.246875
0 0.7609375 0.17109375 0.02109375 0.12109375