0 0.6953125 0.1921875 0.02421875 0.14375
0 0.73125 0.15703125 0.01875 0.11015625
0 0.84609375 0.22890625 0.03203125 0.16953125
0 0.75546875 0.19296875 0.025 0.140625
0 0.7875 0.19453125 0.02578125 0.140625
0 0.88671875 0.2328125 0.0328125 0.17109375
0 0.77265625 0.209375 0.02734375 0.15546875
0 0.9328125 0.26640625 0.0390625 0.19921875
0 0.66484375 0.19296875 0.02421875 0.14453125
0 0.60390625 0.15 0.0171875 0.109375
0 0.9609375 0.2015625 0.02734375 0.140625
0 0.6921875 0.21953125 0.028125 0.16796875
0 0.9578125 0.2546875 0.03671875 0.18671875
0 0.75078125 0.21484375 0.028125 0.1609375
0 0.1359375 0.24453125 0.03984375 0.21171875
0 0.5984375 0.159375 0.01953125 0.11796875
0 0.1984375 0.32890625 0.05078125 0.284375
0 0.228125 0.35234375 0.05234375 0.303125
0 0.85859375 0.18359375 0.02421875 0.12890625
0 0.73125 0.19375 0.025 0.14296875