0 0.690625 0.159375 0.01953125 0.1140625
0 0.76640625 0.18046875 0.02265625 0.12890625
0 0.62734375 0.17109375 0.02109375 0.1265625
0 0.6328125 0.1609375 0.01953125 0.11796875
0 0.5828125 0.70625 0.09921875 0.5859375
0 0.92421875 0.25859375 0.0375 0.19296875
0 0.94296875 0.19609375 0.0265625 0.1359375
0 0.74140625 0.17890625 0.02265625 0.1296875
0 0.64296875 0.16796875 0.0203125 0.1234375
0 0.81796875 0.16875 0.02109375 0.11796875
0 0.57734375 0.165625 0.01953125 0.12421875
0 0.71328125 0.20625 0.0265625 0.1546875
0 0.60078125 0.15703125 0.01875 0.115625
0 0.12109375 0.24453125 0.040625 0.21328125
0 0.79609375 0.19140625 0.025 0.13828125
0 0.92734375 0.1984375 0.02734375 0.1390625
0 0.796875 0.33046875 0.04765625 0.2609375
0 0.8890625 0.27421875 0.03984375 0.20859375
0 0.7109375 0.1609375 0.01953125 0.1140625
0 0.66015625 0.15859375 0.01953125 0.11484375
0 0.95546875 0.25859375 0.03828125 0.190625