0 0.81484375 0.1890625 0.02421875 0.1359375
0 0.8734375 0.178125 0.0234375 0.1234375
0 0.9671875 0.259375 0.03828125 0.190625
0 0.7578125 0.19609375 0.02578125 0.14453125
0 0.49765625 0.28828125 0.0359375 0.23515625
0 0.828125 0.2265625 0.03046875 0.16875
0 0.440625 0.2890625 0.03515625 0.23984375
0 0.93125 0.22578125 0.03203125 0.16171875
0 0.85078125 0.17890625 0.02265625 0.125
0 0.75234375 0.14921875 0.01796875 0.1015625
0 0.11796875 0.24453125 0.040625 0.2140625
0 0.853125 0.22265625 0.03046875 0.1640625
0 0.7046875 0.2765625 0.0375 0.21796875
0 0.46640625 0.87578125 0.17578125 0.24609375
0 0.56875 0.2015625 0.02421875 0.15625
0 0.8828125 0.2 0.0265625 0.14296875
0 0.6796875 0.20078125 0.02578125 0.15078125
0 0.77890625 0.1921875 0.025 0.13984375
0 0.74140625 0.20625 0.02734375 0.15390625
0 0.6109375 0.15703125 0.01796875 0.11484375
0 0.05859375 0.7703125 0.1171875 0.45625