0 0.515625 0.2859375 0.0359375 0.23203125
0 0.9421875 0.21796875 0.03046875 0.15546875
0 0.2828125 0.55859375 0.07890625 0.47890625
0 0.809375 0.16875 0.02109375 0.11796875
0 0.09140625 0.5390625 0.0953125 0.46953125
0 0.70625 0.60546875 0.08984375 0.50078125
0 0.2515625 0.51484375 0.07578125 0.44296875
0 0.86953125 0.18203125 0.0234375 0.1265625
0 0.4359375 0.31875 0.03828125 0.26484375
0 0.821875 0.715625 0.1171875 0.56640625
0 0.08984375 0.2484375 0.04296875 0.21640625
0 0.5 0.25078125 0.03046875 0.203125
0 0.75625 0.19140625 0.02421875 0.13984375
0 0.0890625 0.61796875 0.109375 0.53515625
0 0.01640625 0.73203125 0.0328125 0.534375
0 0.85 0.22421875 0.03046875 0.16484375
0 0.0390625 0.703125 0.078125 0.590625
0 0.725 0.1921875 0.02421875 0.14140625
0 0.88828125 0.22421875 0.03125 0.1640625
0 0.44609375 0.2921875 0.03515625 0.24140625
0 0.7109375 0.15078125 0.01796875 0.10546875
0 0.771875 0.17421875 0.02265625 0.12421875
0 0.79765625 0.17421875 0.02265625 0.121875
0 0.51484375 0.30546875 0.03828125 0.25
0 0.68671875 0.26171875 0.03515625 0.20546875
0 0.84609375 0.184375 0.02421875 0.13046875
0 0.58203125 0.296875 0.03828125 0.23984375