0 0.684375 0.26171875 0.03515625 0.2046875
0 0.88203125 0.16171875 0.0203125 0.10859375
0 0.78515625 0.18671875 0.02421875 0.13515625
0 0.678125 0.1625 0.01953125 0.11796875
0 0.6546875 0.16171875 0.01953125 0.11796875
0 0.734375 0.14375 0.0171875 0.0984375
0 0.965625 0.2765625 0.04140625 0.20703125
0 0.7578125 0.1859375 0.0234375 0.13515625
0 0.5578125 0.23046875 0.02890625 0.18203125
0 0.58984375 0.303125 0.03984375 0.2453125
0 0.1015625 0.24609375 0.04140625 0.21484375
0 0.5890625 0.278125 0.0359375 0.2234375
0 0.8140625 0.22578125 0.03046875 0.16875
0 0.51328125 0.28359375 0.03515625 0.23125
0 0.32265625 0.21328125 0.0265625 0.17578125
0 0.46015625 0.3171875 0.03828125 0.26171875
0 0.53359375 0.3046875 0.03828125 0.2484375
0 0.6234375 0.146875 0.0171875 0.10546875
0 0.82265625 0.18671875 0.02421875 0.13359375
0 0.7609375 0.15546875 0.01953125 0.10703125
0 0.63203125 0.1625 0.01953125 0.11953125
0 0.85625 0.1890625 0.025 0.134375
0 0.65859375 0.14921875 0.01796875 0.10625