0 0.74140625 0.1546875 0.01796875 0.10703125
0 0.81484375 0.1953125 0.02578125 0.140625
0 0.0046875 0.3140625 0.00859375 0.2796875
0 0.71875 0.21015625 0.02734375 0.15703125
0 0.86875 0.25546875 0.0359375 0.19140625
0 0.6734375 0.20390625 0.02578125 0.1546875
0 0.48515625 0.20859375 0.02421875 0.165625
0 0.715625 0.15390625 0.01875 0.10859375
0 0.67265625 0.2640625 0.03515625 0.20703125
0 0.7359375 0.20546875 0.0265625 0.153125
0 0.12109375 0.246875 0.04140625 0.21484375
0 0.78984375 0.21171875 0.028125 0.15625
0 0.45625 0.23359375 0.028125 0.18984375
0 0.84921875 0.23515625 0.0328125 0.17421875