0 0.7671875 0.19921875 0.02578125 0.14609375
0 0.8265625 0.203125 0.02734375 0.146875
0 0.60546875 0.1515625 0.01796875 0.1109375
0 0.8421875 0.18203125 0.02421875 0.128125
0 0.72734375 0.15546875 0.01875 0.109375
0 0.859375 0.209375 0.02890625 0.15078125
0 0.765625 0.1640625 0.0203125 0.11484375
0 0.67421875 0.2640625 0.03515625 0.20703125
0 0.91171875 0.23359375 0.03359375 0.1703125
0 0.80390625 0.209375 0.02734375 0.15390625
0 0.865625 0.23359375 0.0328125 0.1734375
0 0.5515625 0.15625 0.01796875 0.11640625
0 0.809375 0.165625 0.0203125 0.1140625
0 0.4171875 0.19453125 0.02265625 0.15625
0 0.45234375 0.1984375 0.02265625 0.15859375
0 0.95625 0.21328125 0.0296875 0.15
0 0.88046875 0.203125 0.02734375 0.14453125
0 0.81171875 0.17890625 0.02265625 0.12578125
0 0.703125 0.1546875 0.01875 0.109375
0 0.94375 0.4484375 0.071875 0.35859375
0 0.1234375 0.24453125 0.040625 0.21328125