0 0.70859375 0.146875 0.01796875 0.1015625
0 0.603125 0.15546875 0.01796875 0.1140625
0 0.734375 0.15703125 0.01953125 0.1109375
0 0.11796875 0.24609375 0.040625 0.21484375
0 0.79453125 0.24921875 0.034375 0.18984375
0 0.22890625 0.29140625 0.04296875 0.25
0 0.00546875 0.31015625 0.0109375 0.27578125
0 0.9328125 0.25546875 0.03671875 0.1890625
0 0.7375 0.35390625 0.05078125 0.284375
0 0.84140625 0.22890625 0.03125 0.16953125
0 0.9046875 0.22734375 0.03203125 0.165625
0 0.703125 0.1734375 0.02109375 0.12578125
0 0.61875 0.17265625 0.02109375 0.12890625
0 0.75390625 0.37578125 0.05390625 0.3015625
0 0.64765625 0.175 0.02109375 0.1296875
0 0.8765625 0.259375 0.03671875 0.19453125
0 0.67578125 0.2640625 0.03515625 0.20859375
0 0.9078125 0.1890625 0.02578125 0.13125
0 0.490625 0.23828125 0.02890625 0.19140625
0 0.884375 0.23125 0.03203125 0.1703125
0 0.7859375 0.4171875 0.06171875 0.3359375