0 0.8296875 0.275 0.0390625 0.2109375
0 0.72578125 0.16796875 0.02109375 0.1203125
0 0.24765625 0.20625 0.02890625 0.17421875
0 0.753125 0.16953125 0.02109375 0.12109375
0 0.628125 0.15078125 0.01796875 0.109375
0 0.58984375 0.303125 0.03984375 0.2453125
0 0.484375 0.28984375 0.0359375 0.23671875
0 0.59921875 0.1515625 0.01796875 0.11015625
0 0.775 0.225 0.03046875 0.16875
0 0.92734375 0.25078125 0.03671875 0.18515625
0 0.625 0.140625 0.01640625 0.1
0 0.94921875 0.26328125 0.03828125 0.1953125
0 0.80625 0.17109375 0.021875 0.11953125
0 0.1015625 0.24609375 0.04140625 0.21484375
0 0.5890625 0.278125 0.0359375 0.2234375
0 0.9140625 0.19140625 0.02578125 0.13203125
0 0.86171875 0.3296875 0.04921875 0.25703125
0 0.853125 0.16640625 0.02109375 0.11328125
0 0.78046875 0.16953125 0.02109375 0.11875
0 0.6875 0.26171875 0.03515625 0.2046875
0 0.53671875 0.30390625 0.03828125 0.2484375
0 0.64921875 0.153125 0.01796875 0.11015625
0 0.46484375 0.3171875 0.03828125 0.26171875
0 0.60625 0.13984375 0.01640625 0.1
0 0.51875 0.24375 0.0296875 0.1953125
0 0.85625 0.2609375 0.03671875 0.196875
0 0.87421875 0.24921875 0.03515625 0.1859375