0 0.740625 0.44375 0.06484375 0.3609375
0 0.096875 0.2484375 0.0421875 0.21640625
0 0.7578125 0.178125 0.02265625 0.128125
0 0.9375 0.203125 0.02734375 0.14296875
0 0.509375 0.17890625 0.02109375 0.1390625
0 0.52578125 0.31171875 0.03984375 0.2546875
0 0.7984375 0.5390625 0.08203125 0.440625
0 0.59296875 0.165625 0.01953125 0.12421875
0 0.5125 0.2875 0.0359375 0.234375
0 0.715625 0.1796875 0.02265625 0.13125
0 0.80078125 0.17109375 0.021875 0.11953125
0 0.0125 0.32421875 0.025 0.28828125
0 0.496875 0.25078125 0.03046875 0.20390625
0 0.69765625 0.19140625 0.02421875 0.14296875
0 0.7671875 0.16796875 0.02109375 0.11875
0 0.8640625 0.34453125 0.0515625 0.2703125
0 0.44375 0.290625 0.03515625 0.23984375
0 0.4359375 0.31953125 0.0390625 0.265625
0 0.80078125 0.47109375 0.07109375 0.38359375
0 0.78046875 0.1765625 0.02265625 0.12578125
0 0.5078125 0.1671875 0.01953125 0.12890625
0 0.6875 0.26328125 0.03515625 0.20546875
0 0.5875 0.2984375 0.0390625 0.24140625