0 0.9671875 0.259375 0.03828125 0.190625
0 0.93671875 0.19921875 0.02734375 0.13984375
0 0.76953125 0.1859375 0.02421875 0.134375
0 0.896875 0.184375 0.02421875 0.12890625
0 0.49375 0.21171875 0.02578125 0.16875
0 0.7140625 0.15 0.01796875 0.10390625
0 0.67265625 0.18515625 0.02265625 0.13671875
0 0.80625 0.19375 0.02578125 0.1390625
0 0.83671875 0.2 0.0265625 0.14453125
0 0.8828125 0.2546875 0.03671875 0.190625
0 0.746875 0.19609375 0.02578125 0.14453125
0 0.90546875 0.25078125 0.0359375 0.18671875
0 0.8578125 0.1984375 0.0265625 0.14140625
0 0.4796875 0.19921875 0.0234375 0.15859375