0 0.7453125 0.06484375 0.02265625 0.1296875
0 0.75546875 0.0859375 0.028125 0.17109375
0 0.59765625 0.08125 0.02265625 0.16171875
0 0.76640625 0.0734375 0.025 0.14609375
0 0.5515625 0.10546875 0.02890625 0.2109375
0 0.4890625 0.10078125 0.0296875 0.19921875
0 0.85078125 0.07265625 0.0265625 0.1453125
0 0.85546875 0.084375 0.03046875 0.16875
0 0.8171875 0.07578125 0.0265625 0.15078125
0 0.79375 0.06953125 0.025 0.1390625
0 0.54921875 0.11171875 0.03046875 0.22109375
0 0.8390625 0.04609375 0.01875 0.0921875
0 0.8390625 0.06875 0.02578125 0.13671875
0 0.4828125 0.109375 0.03203125 0.21328125
0 0.62890625 0.08203125 0.02421875 0.1640625
0 0.68828125 0.07109375 0.02265625 0.14140625
0 0.721875 0.084375 0.02734375 0.16875