0 0.465625 0.13671875 0.03984375 0.25625
0 0.0625 0.50078125 0.12421875 0.8234375
0 0.4515625 0.11171875 0.03359375 0.21640625
0 0.22109375 0.4953125 0.17265625 0.82421875
0 0.6390625 0.05859375 0.01796875 0.11640625
0 0.696875 0.08359375 0.025 0.1671875
0 0.99375 0.121875 0.009375 0.24375
0 0.24296875 0.15703125 0.0546875 0.2796875
0 0.2375 0.1921875 0.06640625 0.3359375
0 0.18828125 0.14375 0.05234375 0.25390625
0 0.396875 0.1140625 0.0359375 0.21796875
0 0.38828125 0.146875 0.0453125 0.2703125
0 0.17109375 0.234375 0.084375 0.4015625
0 0.98046875 0.440625 0.03828125 0.77578125
0 0.4734375 0.153125 0.04296875 0.284375
0 0.3625 0.13984375 0.04453125 0.25703125
0 0.0421875 0.3515625 0.08359375 0.58359375