0 0.27734375 0.2859375 0.09453125 0.490625
0 0.9890625 0.103125 0.02109375 0.20625
0 0.446875 0.0921875 0.02890625 0.184375
0 0.40390625 0.29375 0.08515625 0.509375
0 0.3375 0.12109375 0.03984375 0.22578125
0 0.6921875 0.084375 0.0265625 0.16875
0 0.41328125 0.21171875 0.0625 0.3765625
0 0.409375 0.09453125 0.0296875 0.18515625
0 0.29296875 0.165625 0.05546875 0.29609375
0 0.43203125 0.11953125 0.03671875 0.228125
0 0.7359375 0.24296875 0.06953125 0.44296875
0 0.0265625 0.55078125 0.053125 0.8953125
0 0.99140625 0.38671875 0.01640625 0.68984375
0 0.46484375 0.10859375 0.03203125 0.21171875
0 0.3953125 0.11171875 0.03515625 0.21328125
0 0.51328125 0.11953125 0.03359375 0.23125
0 0.13125 0.234375 0.08671875 0.39921875