0 0.8078125 0.075 0.0265625 0.15
0 0.53125 0.1109375 0.03046875 0.21796875
0 0.725 0.053125 0.01875 0.10625
0 0.5515625 0.10546875 0.02890625 0.21015625
0 0.49296875 0.10078125 0.02890625 0.2
0 0.8984375 0.08671875 0.03125 0.1734375
0 0.4078125 0.1125 0.03515625 0.215625
0 0.4953125 0.08046875 0.02421875 0.1609375
0 0.48828125 0.1109375 0.03203125 0.21640625
0 0.7953125 0.0609375 0.021875 0.121875
0 0.7578125 0.0859375 0.02890625 0.17109375
0 0.85546875 0.084375 0.0296875 0.16875
0 0.7671875 0.0734375 0.025 0.146875
0 0.68359375 0.0671875 0.02109375 0.134375
0 0.75703125 0.06328125 0.02265625 0.1265625
0 0.6390625 0.0578125 0.01796875 0.115625
0 0.3640625 0.1140625 0.03671875 0.21484375
0 0.71875 0.084375 0.028125 0.16875
0 0.8328125 0.06796875 0.025 0.1359375
0 0.796875 0.06953125 0.025 0.1390625
0 0.70625 0.05625 0.01875 0.11171875
0 0.54765625 0.0859375 0.02421875 0.17109375
0 0.9140625 0.09296875 0.03515625 0.18515625
0 0.84765625 0.0734375 0.02734375 0.14609375