0 0.1671875 0.15234375 0.05546875 0.26796875
0 0.4296875 0.125 0.0375 0.23671875
0 0.03046875 0.3359375 0.0609375 0.55625
0 0.56328125 0.28125 0.07109375 0.4953125
0 0.790625 0.08125 0.02734375 0.16171875
0 0.80546875 0.05078125 0.01953125 0.1015625
0 0.84375 0.0453125 0.01796875 0.090625
0 0.7703125 0.1796875 0.0546875 0.34296875
0 0.68515625 0.084375 0.0265625 0.16875
0 0.0046875 0.48984375 0.00859375 0.8
0 0.81328125 0.07421875 0.0265625 0.1484375
0 0.36328125 0.15390625 0.0484375 0.28046875
0 0.0453125 0.56171875 0.08984375 0.875
0 0.8234375 0.0484375 0.01875 0.09609375
0 0.625 0.06015625 0.01796875 0.1203125
0 0.4671875 0.0875 0.0265625 0.175
0 0.1171875 0.16171875 0.06171875 0.28046875
0 0.8265625 0.04609375 0.01875 0.0921875
0 0.85078125 0.06953125 0.02578125 0.1390625
0 0.6671875 0.28359375 0.07578125 0.50546875
0 0.41171875 0.15390625 0.04609375 0.28125
0 0.76953125 0.0546875 0.01953125 0.109375
0 0.7515625 0.0703125 0.02421875 0.140625
0 0.93828125 0.04375 0.0203125 0.0875
0 0.98203125 0.046875 0.02109375 0.09375
0 0.79765625 0.0703125 0.025 0.140625
0 0.8625 0.07421875 0.02734375 0.1484375
0 0.8453125 0.29375 0.09140625 0.5296875
0 0.24375 0.2484375 0.08515625 0.428125
0 0.65546875 0.059375 0.01875 0.11875
0 0.95703125 0.04453125 0.0203125 0.0890625
0 0.8359375 0.05078125 0.01953125 0.1015625