0 0.49765625 0.1015625 0.02890625 0.20078125
0 0.7640625 0.07890625 0.028125 0.1578125
0 0.17734375 0.25625 0.0921875 0.43671875
0 0.65 0.13125 0.03671875 0.25625
0 0.79609375 0.04375 0.0171875 0.0875
0 0.86484375 0.46640625 0.14453125 0.809375
0 0.43515625 0.1 0.03125 0.19609375
0 0.51640625 0.0984375 0.028125 0.196875
0 0.709375 0.18671875 0.05390625 0.3515625
0 0.3921875 0.09921875 0.03203125 0.19296875
0 0.5515625 0.096875 0.0265625 0.19375
0 0.640625 0.50546875 0.1296875 0.86015625
0 0.74375 0.0734375 0.02421875 0.146875
0 0.5390625 0.1578125 0.04140625 0.2953125