0 0.5671875 0.13359375 0.03515625 0.25859375
0 0.86640625 0.12421875 0.04296875 0.2484375
0 0.29296875 0.128125 0.04375 0.234375
0 0.9109375 0.37109375 0.1203125 0.659375
0 0.84140625 0.0765625 0.02734375 0.153125
0 0.49140625 0.1578125 0.04375 0.29375
0 0.76171875 0.04296875 0.01640625 0.0859375
0 0.43671875 0.165625 0.0484375 0.30390625
0 0.3078125 0.190625 0.06171875 0.33671875
0 0.48359375 0.08359375 0.025 0.16640625
0 0.21171875 0.16875 0.06015625 0.296875
0 0.059375 0.23828125 0.09296875 0.403125
0 0.48671875 0.1171875 0.03359375 0.2265625
0 0.40078125 0.0984375 0.03125 0.19140625
0 0.6703125 0.140625 0.03984375 0.27421875
0 0.6859375 0.08125 0.02578125 0.16171875
0 0.8765625 0.075 0.028125 0.15
0 0.82109375 0.04453125 0.0171875 0.0890625
0 0.43125 0.1234375 0.03671875 0.234375