0 0.8640625 0.0734375 0.02734375 0.14609375
0 0.72890625 0.0875 0.02734375 0.175
0 0.48984375 0.08125 0.0234375 0.1625
0 0.85625 0.084375 0.03046875 0.16875
0 0.71796875 0.08203125 0.02578125 0.1640625
0 0.75390625 0.0546875 0.01953125 0.109375
0 0.95078125 0.1265625 0.046875 0.253125
0 0.36171875 0.1140625 0.03671875 0.21484375
0 0.79921875 0.07109375 0.025 0.14140625
0 0.753125 0.0515625 0.01875 0.103125
0 0.76875 0.0734375 0.02578125 0.146875
0 0.8140625 0.07578125 0.0265625 0.15078125
0 0.196875 0.15078125 0.05390625 0.26640625
0 0.7890625 0.05546875 0.0203125 0.1109375
0 0.8484375 0.06640625 0.025 0.1328125
0 0.38671875 0.1765625 0.05390625 0.31875