0 0.75390625 0.0859375 0.028125 0.17109375
0 0.85703125 0.084375 0.0296875 0.16875
0 0.2875 0.13984375 0.046875 0.25390625
0 0.778125 0.04609375 0.0171875 0.09140625
0 0.71875 0.084375 0.02734375 0.16875
0 0.5625 0.1046875 0.02890625 0.209375
0 0.9703125 0.0671875 0.028125 0.134375
0 0.2859375 0.1984375 0.065625 0.3484375
0 0.63203125 0.06640625 0.0203125 0.1328125
0 0.7953125 0.06953125 0.025 0.1390625
0 0.8234375 0.04609375 0.01875 0.0921875
0 0.35859375 0.1984375 0.06171875 0.3515625
0 0.83203125 0.06875 0.025 0.13671875
0 0.48125 0.11171875 0.0328125 0.21796875
0 0.809375 0.04453125 0.01875 0.0890625
0 0.90078125 0.06796875 0.0265625 0.1359375
0 0.8109375 0.07578125 0.0265625 0.15078125
0 0.5265625 0.11171875 0.03125 0.21953125
0 0.3234375 0.1265625 0.0421875 0.23359375
0 0.85390625 0.07265625 0.02734375 0.1453125
0 0.77421875 0.096875 0.03203125 0.19375
0 0.4953125 0.1 0.02890625 0.1984375
0 0.76484375 0.0734375 0.025 0.14609375
0 0.7484375 0.04453125 0.015625 0.0890625
0 0.640625 0.06875 0.02109375 0.13671875
0 0.86953125 0.10546875 0.0375 0.2109375
0 0.36796875 0.1296875 0.04140625 0.240625