0 0.98984375 0.04375 0.01953125 0.08671875
0 0.4140625 0.15546875 0.04609375 0.284375
0 0.0953125 0.2625 0.1 0.44375
0 0.9578125 0.0421875 0.01953125 0.084375
0 0.89453125 0.04609375 0.01953125 0.09140625
0 0.590625 0.065625 0.01875 0.13125
0 0.17109375 0.278125 0.1 0.4734375
0 0.79921875 0.04375 0.0171875 0.0875
0 0.7953125 0.06953125 0.025 0.1390625
0 0.51796875 0.2421875 0.0625 0.43046875
0 0.80546875 0.0453125 0.01796875 0.090625
0 0.284375 0.20859375 0.06953125 0.365625
0 0.81328125 0.07421875 0.0265625 0.1484375
0 0.853125 0.084375 0.03125 0.16875
0 0.95859375 0.04375 0.0203125 0.0875
0 0.14921875 0.15390625 0.05703125 0.26953125
0 0.871875 0.04375 0.01796875 0.08671875
0 0.85 0.0734375 0.0265625 0.14609375
0 0.88046875 0.0453125 0.01875 0.090625
0 0.3578125 0.1640625 0.0515625 0.29609375
0 0.546875 0.11796875 0.03203125 0.23046875
0 0.9296875 0.04296875 0.01953125 0.08515625
0 0.84140625 0.06796875 0.025 0.13515625
0 0.23203125 0.19375 0.06640625 0.33828125
0 0.6859375 0.084375 0.025 0.16875
0 0.7609375 0.0734375 0.025 0.14609375