0 0.59296875 0.06875 0.01953125 0.13671875
0 0.83828125 0.0671875 0.025 0.134375
0 0.84765625 0.0859375 0.03046875 0.17109375
0 0.1484375 0.1546875 0.0578125 0.2703125
0 0.85234375 0.07265625 0.02734375 0.1453125
0 0.6609375 0.08671875 0.02578125 0.1734375
0 0.55234375 0.2265625 0.05703125 0.40625
0 0.8140625 0.07578125 0.0265625 0.15078125
0 0.76875 0.0734375 0.02578125 0.146875
0 0.709375 0.08515625 0.0265625 0.1703125
0 0.58828125 0.065625 0.01875 0.13046875
0 0.64375 0.06953125 0.02109375 0.1390625
0 0.7984375 0.07109375 0.025 0.14140625