0 0.165625 0.15390625 0.05703125 0.2703125
0 0.1046875 0.3515625 0.13359375 0.58828125
0 0.95390625 0.04453125 0.0203125 0.0890625
0 0.6953125 0.0484375 0.01640625 0.09609375
0 0.8484375 0.0734375 0.0265625 0.14609375
0 0.8609375 0.06796875 0.02578125 0.1359375
0 0.85390625 0.0859375 0.03046875 0.17109375
0 0.115625 0.16484375 0.0625 0.28515625
0 0.26015625 0.5703125 0.26875 0.85703125
0 0.7046875 0.56796875 0.22265625 0.86171875
0 0.01875 0.3640625 0.0375 0.6
0 0.36171875 0.25546875 0.078125 0.44453125
0 0.84140625 0.0453125 0.01796875 0.090625
0 0.4265625 0.09375 0.0296875 0.1859375
0 0.8265625 0.04609375 0.01875 0.0921875
0 0.60234375 0.08046875 0.02265625 0.1609375
0 0.68359375 0.0515625 0.0171875 0.103125
0 0.7984375 0.06953125 0.025 0.1390625
0 0.69375 0.053125 0.01796875 0.10546875
0 0.73515625 0.053125 0.01796875 0.10546875
0 0.35390625 0.109375 0.0359375 0.20859375
0 0.95546875 0.05 0.021875 0.1
0 0.51953125 0.13203125 0.0359375 0.253125
0 0.39921875 0.09765625 0.03125 0.18984375
0 0.81171875 0.07421875 0.0265625 0.1484375
0 0.6875 0.08515625 0.0265625 0.1703125
0 0.7515625 0.07109375 0.02421875 0.14140625
0 0.70234375 0.04921875 0.0171875 0.0984375
0 0.82421875 0.04765625 0.01875 0.0953125
0 0.6390625 0.0796875 0.0234375 0.159375
0 0.915625 0.04375 0.01953125 0.08671875