0 0.3015625 0.14453125 0.0484375 0.2609375
0 0.85390625 0.04140625 0.0171875 0.0828125
0 0.87578125 0.04296875 0.01796875 0.08515625
0 0.8265625 0.06875 0.025 0.1375
0 0.13359375 0.165625 0.06171875 0.28828125
0 0.5484375 0.21953125 0.05625 0.396875
0 0.88515625 0.07109375 0.0265625 0.1421875
0 0.50625 0.14296875 0.03984375 0.26953125
0 0.84453125 0.0859375 0.03046875 0.17109375
0 0.709375 0.046875 0.015625 0.09375
0 0.48515625 0.08203125 0.0234375 0.1640625
0 0.9140625 0.06875 0.028125 0.1375
0 0.8078125 0.075 0.0265625 0.15
0 0.71640625 0.1109375 0.034375 0.221875
0 0.1796875 0.215625 0.07734375 0.371875
0 0.39296875 0.1 0.03203125 0.19453125
0 0.65859375 0.11796875 0.034375 0.2359375
0 0.76328125 0.0734375 0.025 0.146875
0 0.346875 0.11796875 0.03828125 0.22109375
0 0.8328125 0.0640625 0.0234375 0.128125
0 0.8546875 0.071875 0.028125 0.14375
0 0.79375 0.0703125 0.025 0.140625
0 0.69140625 0.084375 0.0265625 0.16875
0 0.5359375 0.0734375 0.02109375 0.14609375
0 0.41796875 0.1109375 0.034375 0.21328125