0 0.796875 0.0703125 0.025 0.140625
0 0.6078125 0.0765625 0.021875 0.153125
0 0.71640625 0.08359375 0.0265625 0.1671875
0 0.76484375 0.0734375 0.025 0.14609375
0 0.53515625 0.10859375 0.03046875 0.215625
0 0.6578125 0.08046875 0.02421875 0.1609375
0 0.49140625 0.1078125 0.03125 0.21171875
0 0.45625 0.103125 0.03125 0.2015625
0 0.5765625 0.0734375 0.0203125 0.14609375
0 0.75390625 0.0859375 0.02890625 0.17109375
0 0.67421875 0.0640625 0.0203125 0.128125
0 0.815625 0.07578125 0.0265625 0.15078125
0 0.853125 0.084375 0.03046875 0.16875
0 0.725 0.053125 0.01796875 0.10625
0 0.85390625 0.07265625 0.0265625 0.1453125
0 0.65234375 0.11796875 0.034375 0.2359375
0 0.83203125 0.06796875 0.02421875 0.1359375