0 0.69375 0.084375 0.025 0.16875
0 0.5734375 0.11484375 0.03046875 0.228125
0 0.81171875 0.040625 0.01640625 0.08046875
0 0.99609375 0.115625 0.00625 0.23046875
0 0.75390625 0.04140625 0.0171875 0.0828125
0 0.8578125 0.046875 0.01953125 0.09375
0 0.8484375 0.06875 0.025 0.1375
0 0.85 0.08515625 0.03046875 0.1703125
0 0.81640625 0.07421875 0.0265625 0.1484375
0 0.37265625 0.3328125 0.1 0.57109375
0 0.125 0.1609375 0.06015625 0.27890625
0 0.78984375 0.06875 0.0234375 0.1375
0 0.76171875 0.0734375 0.025 0.146875
0 0.015625 0.315625 0.03046875 0.521875
0 0.65546875 0.05546875 0.01796875 0.1109375
0 0.51015625 0.10546875 0.03046875 0.209375
0 0.83984375 0.04453125 0.01796875 0.0890625
0 0.84140625 0.04296875 0.01796875 0.0859375
0 0.5640625 0.08671875 0.025 0.1734375
0 0.6609375 0.0578125 0.01875 0.115625
0 0.85859375 0.0734375 0.02734375 0.146875
0 0.8859375 0.04765625 0.01953125 0.0953125