0 0.5921875 0.19453125 0.04921875 0.35859375
0 0.39453125 0.13359375 0.04140625 0.2484375
0 0.33359375 0.13515625 0.04453125 0.2484375
0 0.1125 0.190625 0.07265625 0.328125
0 0.49765625 0.16875 0.04609375 0.31171875
0 0.67265625 0.1859375 0.0515625 0.346875
0 0.3953125 0.14375 0.04375 0.26484375
0 0.46328125 0.1390625 0.03984375 0.2609375
0 0.32265625 0.14296875 0.046875 0.259375
0 0.61171875 0.2875 0.07265625 0.50859375
0 0.925 0.1125 0.04140625 0.225
0 0.81171875 0.0515625 0.01953125 0.103125
0 0.91640625 0.10625 0.0390625 0.21171875
0 0.9859375 0.0453125 0.02109375 0.090625
0 0.9984375 0.03984375 0.0015625 0.0796875
0 0.240625 0.14140625 0.04921875 0.25390625
0 0.1078125 0.5734375 0.215625 0.8515625
0 0.0203125 0.546875 0.040625 0.89375