0 0.246875 0.275 0.09296875 0.4703125
0 0.35859375 0.26640625 0.08125 0.46171875
0 0.8671875 0.046875 0.01953125 0.09375
0 0.46484375 0.1015625 0.03046875 0.2
0 0.49921875 0.096875 0.0296875 0.19375
0 0.140625 0.38203125 0.140625 0.63828125
0 0.61875 0.103125 0.02890625 0.20625
0 0.92890625 0.125 0.04609375 0.25
0 0.84296875 0.10625 0.03671875 0.21171875
0 0.43125 0.109375 0.03359375 0.21171875
0 0.5125 0.09296875 0.0265625 0.1859375
0 0.834375 0.04609375 0.01796875 0.09140625
0 0.56796875 0.096875 0.0265625 0.19375
0 0.69375 0.08359375 0.02578125 0.16640625