0 0.30859375 0.1421875 0.04765625 0.25859375
0 0.5078125 0.103125 0.0296875 0.2046875
0 0.684375 0.05390625 0.01875 0.1078125
0 0.48046875 0.15078125 0.04296875 0.28125
0 0.25234375 0.16171875 0.05546875 0.28671875
0 0.3921875 0.09765625 0.03125 0.18984375
0 0.821875 0.053125 0.01953125 0.10546875
0 0.92265625 0.11328125 0.04140625 0.22578125
0 0.39453125 0.14296875 0.04375 0.26328125
0 0.4484375 0.16953125 0.0484375 0.309375
0 0.75234375 0.16796875 0.05078125 0.321875
0 0.8015625 0.04921875 0.01875 0.0984375
0 0.934375 0.10859375 0.040625 0.2171875
0 0.40234375 0.12421875 0.03828125 0.234375
0 0.48515625 0.13046875 0.03671875 0.2484375
0 0.87109375 0.07890625 0.02890625 0.15703125
0 0.8 0.0515625 0.01953125 0.103125
0 0.41796875 0.0984375 0.03046875 0.19375
0 0.5375 0.16875 0.04453125 0.3140625
0 0.90625 0.33359375 0.1078125 0.5984375
0 0.38046875 0.22578125 0.06796875 0.396875
0 0.7734375 0.15703125 0.0484375 0.30625
0 0.63359375 0.18828125 0.05 0.34921875
0 0.825 0.07734375 0.02734375 0.1546875
0 0.5984375 0.1546875 0.040625 0.29296875
0 0.33671875 0.13046875 0.04296875 0.240625
0 0.671875 0.13125 0.03828125 0.259375