0 0.55859375 0.08828125 0.02421875 0.1765625
0 0.49296875 0.0859375 0.02578125 0.171875
0 0.89921875 0.14609375 0.0515625 0.2921875
0 0.18125 0.26875 0.09609375 0.45703125
0 0.421875 0.1890625 0.05546875 0.33984375
0 0.69375 0.08359375 0.02578125 0.16640625
0 0.03125 0.33359375 0.0625 0.55390625
0 0.77109375 0.04921875 0.0171875 0.0984375
0 0.41640625 0.11015625 0.034375 0.2109375
0 0.31484375 0.196875 0.06328125 0.3484375
0 0.29765625 0.23671875 0.07734375 0.4109375
0 0.12109375 0.3453125 0.12890625 0.578125
0 0.509375 0.0921875 0.0265625 0.184375
0 0.8046875 0.05078125 0.01953125 0.10078125
0 0.72421875 0.1265625 0.0390625 0.253125