0 0.80234375 0.04921875 0.01875 0.0984375
0 0.56484375 0.190625 0.0484375 0.35
0 0.78671875 0.05390625 0.01953125 0.10703125
0 0.728125 0.06015625 0.0203125 0.1203125
0 0.47109375 0.1171875 0.034375 0.225
0 0.8578125 0.07421875 0.028125 0.1484375
0 0.27578125 0.146875 0.05 0.2640625
0 0.75078125 0.0484375 0.01796875 0.09609375
0 0.8359375 0.06875 0.025 0.1375
0 0.72265625 0.05078125 0.01796875 0.1015625
0 0.7796875 0.04609375 0.01875 0.0921875
0 0.0640625 0.24296875 0.09453125 0.409375
0 0.809375 0.0546875 0.0203125 0.109375
0 0.378125 0.20390625 0.06171875 0.3609375
0 0.66484375 0.14140625 0.03984375 0.27578125
0 0.7203125 0.14921875 0.04453125 0.290625
0 0.3078125 0.184375 0.06015625 0.32578125
0 0.42265625 0.21796875 0.06328125 0.38671875
0 0.7984375 0.04765625 0.01796875 0.0953125
0 0.6 0.1375 0.03671875 0.265625
0 0.7140625 0.05 0.0171875 0.1
0 0.76484375 0.078125 0.0265625 0.15625
0 0.6984375 0.0609375 0.01953125 0.12109375
0 0.71953125 0.0453125 0.01640625 0.090625
0 0.68828125 0.084375 0.0265625 0.16875
0 0.81484375 0.0765625 0.02734375 0.153125
0 0.13671875 0.1625 0.06015625 0.28203125
0 0.73671875 0.046875 0.0171875 0.09375
0 0.94609375 0.11640625 0.04296875 0.23203125
0 0.75078125 0.07109375 0.02421875 0.14140625
0 0.22421875 0.18515625 0.06484375 0.32421875
0 0.765625 0.053125 0.01953125 0.10625
0 0.6453125 0.29296875 0.0765625 0.51953125
0 0.79921875 0.0703125 0.025 0.140625