0 0.325 0.1703125 0.05546875 0.30546875
0 0.0140625 0.22734375 0.028125 0.3828125
0 0.4125 0.09375 0.0296875 0.184375
0 0.49765625 0.14609375 0.03984375 0.27421875
0 0.8234375 0.07421875 0.0265625 0.1484375
0 0.4859375 0.109375 0.03203125 0.2140625
0 0.86015625 0.0734375 0.02734375 0.14609375
0 0.3296875 0.11875 0.0390625 0.2203125
0 0.084375 0.21796875 0.08359375 0.3703125
0 0.43671875 0.115625 0.03515625 0.221875
0 0.6765625 0.08046875 0.02421875 0.1609375
0 0.74296875 0.04375 0.0171875 0.0875
0 0.8375 0.1203125 0.040625 0.240625
0 0.253125 0.153125 0.05234375 0.2734375
0 0.6578125 0.1296875 0.03671875 0.25546875
0 0.4296875 0.15859375 0.04609375 0.290625
0 0.5625 0.1265625 0.03359375 0.2453125
0 0.859375 0.3 0.09453125 0.540625
0 0.803125 0.0453125 0.01796875 0.090625