0 0.5296875 0.11171875 0.03046875 0.21953125
0 0.64140625 0.08671875 0.0265625 0.1734375
0 0.7 0.08359375 0.025 0.1671875
0 0.815625 0.06953125 0.025 0.1390625
0 0.5609375 0.1609375 0.04140625 0.30078125
0 0.34375 0.11171875 0.03671875 0.2109375
0 0.7640625 0.078125 0.02578125 0.15625
0 0.19296875 0.346875 0.12265625 0.58515625
0 0.66796875 0.096875 0.0296875 0.19375
0 0.503125 0.165625 0.04453125 0.30546875
0 0.8921875 0.04296875 0.01875 0.08515625
0 0.41484375 0.1265625 0.03828125 0.23828125
0 0.82734375 0.15859375 0.05234375 0.31171875
0 0.90703125 0.04296875 0.01875 0.0859375
0 0.48125 0.12421875 0.0359375 0.23671875
0 0.7796875 0.0703125 0.02421875 0.140625
0 0.62890625 0.103125 0.0296875 0.20546875
0 0.44375 0.08828125 0.02734375 0.17578125
0 0.28359375 0.38203125 0.125 0.6453125
0 0.75546875 0.071875 0.0234375 0.14375
0 0.040625 0.4015625 0.08125 0.66328125
0 0.1984375 0.2109375 0.07421875 0.36484375