0 0.85546875 0.07265625 0.02734375 0.1453125
0 0.040625 0.39453125 0.08125 0.6515625
0 0.5734375 0.0734375 0.0203125 0.14609375
0 0.8359375 0.06640625 0.025 0.1328125
0 0.675 0.08125 0.025 0.1625
0 0.796875 0.0703125 0.02421875 0.140625
0 0.84765625 0.0859375 0.03046875 0.17109375
0 0.1484375 0.1546875 0.0578125 0.2703125
0 0.06953125 0.42890625 0.13828125 0.709375
0 0.6921875 0.084375 0.0265625 0.16875
0 0.76875 0.0734375 0.02578125 0.146875
0 0.8140625 0.07578125 0.0265625 0.15078125
0 0.5140625 0.078125 0.02265625 0.15546875