0 0.8328125 0.06875 0.025 0.13671875
0 0.915625 0.08203125 0.03125 0.1640625
0 0.9234375 0.065625 0.02578125 0.13125
0 0.94609375 0.08125 0.0328125 0.1625
0 0.79609375 0.0703125 0.025 0.140625
0 0.6921875 0.08515625 0.0265625 0.1703125
0 0.5828125 0.09609375 0.025 0.1921875
0 0.128125 0.16640625 0.0625 0.28828125
0 0.8078125 0.075 0.0265625 0.15
0 0.4390625 0.14140625 0.04140625 0.2640625
0 0.76328125 0.0734375 0.025 0.146875
0 0.53515625 0.10078125 0.028125 0.20078125
0 0.43359375 0.20234375 0.05859375 0.36171875
0 0.85234375 0.071875 0.0265625 0.14375
0 0.1875 0.1515625 0.05546875 0.26875
0 0.33046875 0.13359375 0.04296875 0.24453125
0 0.640625 0.2578125 0.0671875 0.46171875
0 0.84453125 0.0859375 0.03046875 0.17109375
0 0.38046875 0.146875 0.04609375 0.2703125
0 0.553125 0.07421875 0.021875 0.1484375
0 0.09921875 0.2171875 0.0828125 0.36953125
0 0.6921875 0.04765625 0.01640625 0.0953125