0 0.9015625 0.06484375 0.02578125 0.1296875
0 0.10625 0.21875 0.0828125 0.371875
0 0.83203125 0.06875 0.025 0.13671875
0 0.1296875 0.1640625 0.06171875 0.2859375
0 0.43359375 0.13359375 0.03984375 0.25
0 0.79609375 0.0703125 0.025 0.140625
0 0.9390625 0.078125 0.03046875 0.15546875
0 0.56015625 0.10390625 0.028125 0.20703125
0 0.6921875 0.08515625 0.0265625 0.1703125
0 0.91015625 0.0796875 0.03046875 0.159375
0 0.8078125 0.075 0.0265625 0.15
0 0.61796875 0.24765625 0.06328125 0.4453125
0 0.37109375 0.13828125 0.04296875 0.2546875
0 0.6984375 0.046875 0.015625 0.09375
0 0.35234375 0.12265625 0.03984375 0.22890625
0 0.55 0.07421875 0.021875 0.1484375
0 0.76328125 0.0734375 0.025 0.146875
0 0.60703125 0.10078125 0.028125 0.2015625
0 0.85234375 0.071875 0.0265625 0.14375
0 0.2171875 0.14921875 0.05234375 0.265625
0 0.84453125 0.0859375 0.03046875 0.17109375
0 0.45703125 0.18359375 0.05234375 0.334375