0 0.540625 0.08125 0.02265625 0.16171875
0 0.425 0.16640625 0.04921875 0.303125
0 0.615625 0.4015625 0.10078125 0.69375
0 0.1375 0.16328125 0.0609375 0.284375
0 0.08125 0.16796875 0.06484375 0.2890625
0 0.178125 0.14921875 0.0546875 0.2640625
0 0.5328125 0.15703125 0.04140625 0.29453125
0 0.478125 0.08203125 0.025 0.1640625
0 0.7875 0.05078125 0.01953125 0.1015625
0 0.02109375 0.37578125 0.0421875 0.6203125
0 0.87109375 0.04140625 0.01796875 0.08203125
0 0.3515625 0.48984375 0.15078125 0.821875
0 0.45625 0.0859375 0.0265625 0.17109375
0 0.60390625 0.1015625 0.028125 0.203125
0 0.740625 0.3640625 0.10234375 0.6390625