0 0.55625 0.14609375 0.03828125 0.278125
0 0.76796875 0.0734375 0.025 0.146875
0 0.85234375 0.07265625 0.0265625 0.1453125
0 0.35078125 0.1484375 0.04765625 0.2703125
0 0.70546875 0.07890625 0.0265625 0.1578125
0 0.8375 0.06875 0.02578125 0.13671875
0 0.80625 0.05078125 0.01953125 0.10078125
0 0.83359375 0.0515625 0.0203125 0.103125
0 0.72578125 0.08359375 0.0265625 0.1671875
0 0.303125 0.1328125 0.04453125 0.24375
0 0.85703125 0.084375 0.0296875 0.16875
0 0.8046875 0.0484375 0.01875 0.09609375
0 0.503125 0.08359375 0.025 0.16640625
0 0.8140625 0.07578125 0.0265625 0.15078125
0 0.3703125 0.11015625 0.0359375 0.209375
0 0.97109375 0.12734375 0.04765625 0.2546875
0 0.7984375 0.07109375 0.025 0.14140625