0 0.94140625 0.27734375 0.09375 0.50859375
0 0.84140625 0.0671875 0.025 0.134375
0 0.55390625 0.0734375 0.02109375 0.146875
0 0.3328125 0.1640625 0.05234375 0.2953125
0 0.1546875 0.153125 0.05703125 0.26875
0 0.8546875 0.071875 0.028125 0.14375
0 0.8140625 0.075 0.02734375 0.15
0 0.2375 0.228125 0.07890625 0.3953125
0 0.84765625 0.08515625 0.03046875 0.1703125
0 0.93359375 0.090625 0.034375 0.18046875
0 0.6921875 0.08515625 0.0265625 0.1703125
0 0.765625 0.0734375 0.025 0.146875
0 0.8578125 0.2609375 0.0828125 0.478125
0 0.79453125 0.0703125 0.025 0.140625