0 0.7453125 0.05703125 0.01875 0.1140625
0 0.34921875 0.15546875 0.04921875 0.28125
0 0.82890625 0.04765625 0.01875 0.0953125
0 0.40234375 0.1484375 0.04453125 0.271875
0 0.78828125 0.04296875 0.01640625 0.0859375
0 0.43671875 0.253125 0.071875 0.44453125
0 0.09921875 0.16796875 0.0640625 0.28984375
0 0.803125 0.07109375 0.02578125 0.14140625
0 0.84140625 0.06796875 0.025 0.1359375
0 0.82578125 0.04609375 0.0171875 0.0921875
0 0.8515625 0.08515625 0.03046875 0.1703125
0 0.8015625 0.04375 0.0171875 0.08671875
0 0.81875 0.075 0.0265625 0.15
0 0.2515625 0.178125 0.0609375 0.31328125
0 0.82578125 0.04375 0.0171875 0.0875
0 0.75703125 0.053125 0.01953125 0.10625
0 0.56796875 0.11796875 0.03125 0.23203125
0 0.72265625 0.05546875 0.01875 0.11015625
0 0.85390625 0.07265625 0.0265625 0.1453125
0 0.16953125 0.15390625 0.05703125 0.27109375
0 0.75078125 0.0515625 0.0171875 0.103125
0 0.84921875 0.04609375 0.01796875 0.09140625
0 0.6859375 0.084375 0.025 0.16875
0 0.7640625 0.0734375 0.025 0.146875
0 0.625 0.115625 0.0328125 0.23125