0 0.2359375 0.15 0.05234375 0.26640625
0 0.70859375 0.046875 0.01640625 0.09375
0 0.1296875 0.1640625 0.06171875 0.2859375
0 0.79609375 0.0703125 0.025 0.140625
0 0.6421875 0.103125 0.0296875 0.20625
0 0.13828125 0.21875 0.08125 0.37421875
0 0.84453125 0.0859375 0.03046875 0.17109375
0 0.4828125 0.1703125 0.04765625 0.31328125
0 0.36015625 0.13203125 0.0421875 0.24375
0 0.6921875 0.08515625 0.0265625 0.1703125
0 0.8078125 0.075 0.0265625 0.15
0 0.8296875 0.06875 0.025 0.1375
0 0.85234375 0.071875 0.0265625 0.14375
0 0.9375 0.07421875 0.0296875 0.1484375
0 0.596875 0.234375 0.05859375 0.421875
0 0.76328125 0.0734375 0.025 0.146875
0 0.3640625 0.11484375 0.03671875 0.21640625
0 0.59140625 0.10703125 0.02890625 0.2140625
0 0.4359375 0.12421875 0.0375 0.2359375
0 0.9046875 0.07578125 0.02890625 0.1515625
0 0.87734375 0.06484375 0.025 0.1296875
0 0.53984375 0.0734375 0.02109375 0.146875