0 0.86015625 0.04609375 0.01875 0.09140625
0 0.1625 0.24921875 0.08984375 0.42421875
0 0.953125 0.04296875 0.01953125 0.0859375
0 0.84609375 0.071875 0.0265625 0.14375
0 0.88125 0.04609375 0.01875 0.0921875
0 0.43203125 0.14453125 0.04296875 0.26875
0 0.853125 0.08515625 0.03046875 0.1703125
0 0.7953125 0.06953125 0.025 0.1390625
0 0.97734375 0.04375 0.0203125 0.0875
0 0.85234375 0.04296875 0.01796875 0.08515625
0 0.228125 0.265625 0.09140625 0.45546875
0 0.31328125 0.1921875 0.06171875 0.33984375
0 0.13046875 0.1578125 0.059375 0.275
0 0.86875 0.04453125 0.01796875 0.0890625
0 0.5265625 0.265625 0.06796875 0.46953125
0 0.375 0.153125 0.04765625 0.2796875
0 0.81328125 0.07421875 0.0265625 0.1484375
0 0.525 0.11015625 0.03046875 0.21640625
0 0.95 0.04453125 0.0203125 0.0890625
0 0.25546875 0.18359375 0.06171875 0.321875
0 0.78203125 0.04453125 0.01640625 0.0890625
0 0.84140625 0.06796875 0.025 0.13515625
0 0.9234375 0.04375 0.01953125 0.08671875
0 0.790625 0.046875 0.01796875 0.09375
0 0.6859375 0.084375 0.025 0.16875
0 0.7609375 0.0734375 0.025 0.14609375