0 0.1296875 0.15859375 0.06015625 0.27578125
0 0.7921875 0.0703125 0.02421875 0.140625
0 0.79296875 0.053125 0.01953125 0.10546875
0 0.5453125 0.1015625 0.028125 0.203125
0 0.278125 0.178125 0.06015625 0.31484375
0 0.81171875 0.07421875 0.0265625 0.1484375
0 0.36484375 0.11015625 0.0359375 0.209375
0 0.43984375 0.18984375 0.0546875 0.34296875
0 0.85546875 0.0859375 0.03046875 0.17109375
0 0.0203125 0.32265625 0.040625 0.5359375
0 0.8421875 0.06796875 0.025 0.1359375
0 0.7609375 0.0734375 0.025 0.146875
0 0.85625 0.071875 0.028125 0.14375
0 0.703125 0.08515625 0.0265625 0.1703125
0 0.3984375 0.1109375 0.03515625 0.21328125
0 0.990625 0.08828125 0.01796875 0.17578125
0 0.7171875 0.046875 0.01640625 0.09375
0 0.440625 0.09140625 0.02890625 0.18203125
0 0.9609375 0.040625 0.01875 0.08046875
0 0.77578125 0.05078125 0.01875 0.1015625
0 0.32890625 0.1109375 0.03671875 0.209375