0 0.49140625 0.19453125 0.05234375 0.353125
0 0.6765625 0.0578125 0.01875 0.115625
0 0.79609375 0.0703125 0.025 0.140625
0 0.84140625 0.06796875 0.025 0.1359375
0 0.29453125 0.24375 0.0796875 0.421875
0 0.5328125 0.0734375 0.02109375 0.146875
0 0.99140625 0.05703125 0.0140625 0.1140625
0 0.071875 0.17421875 0.06796875 0.29921875
0 0.44609375 0.096875 0.03046875 0.19140625
0 0.66875 0.12265625 0.0359375 0.2453125
0 0.81328125 0.07421875 0.0265625 0.1484375
0 0.02265625 0.32265625 0.04453125 0.534375
0 0.153125 0.24140625 0.08828125 0.41328125
0 0.70390625 0.084375 0.0265625 0.16875
0 0.76328125 0.0734375 0.025 0.146875
0 0.70859375 0.046875 0.0171875 0.09375
0 0.85546875 0.071875 0.0265625 0.14375
0 0.96640625 0.05390625 0.0234375 0.10703125
0 0.25234375 0.23203125 0.07890625 0.4015625
0 0.8484375 0.084375 0.03125 0.16875
0 0.39296875 0.11171875 0.03515625 0.21328125