0 0.90703125 0.06796875 0.0265625 0.13515625
0 0.49453125 0.11328125 0.03203125 0.22109375
0 0.415625 0.09765625 0.03046875 0.19140625
0 0.5359375 0.10703125 0.0296875 0.21171875
0 0.8484375 0.30859375 0.09609375 0.55390625
0 0.540625 0.13359375 0.03515625 0.25546875
0 0.48359375 0.13515625 0.03828125 0.25546875
0 0.77890625 0.21328125 0.06484375 0.39609375
0 0.09375 0.159375 0.0609375 0.27578125
0 0.13203125 0.21171875 0.07890625 0.36328125
0 0.58984375 0.13203125 0.03515625 0.25625
0 0.6125 0.09765625 0.02734375 0.1953125
0 0.87890625 0.0640625 0.0234375 0.128125
0 0.42578125 0.1359375 0.040625 0.253125
0 0.465625 0.09765625 0.02890625 0.19375
0 0.32578125 0.30078125 0.09453125 0.515625
0 0.64453125 0.12890625 0.0359375 0.25390625