0 0.60546875 0.13125 0.03515625 0.2546875
0 0.796875 0.0703125 0.02421875 0.140625
0 0.66015625 0.0609375 0.01953125 0.12109375
0 0.6390625 0.103125 0.0296875 0.20625
0 0.50390625 0.19609375 0.05234375 0.3546875
0 0.6953125 0.05546875 0.01796875 0.11015625
0 0.85625 0.07421875 0.028125 0.1484375
0 0.45625 0.09765625 0.0296875 0.19375
0 0.48828125 0.11953125 0.034375 0.2296875
0 0.83359375 0.06953125 0.025 0.1390625
0 0.009375 0.56171875 0.01796875 0.87421875
0 0.67890625 0.053125 0.01796875 0.10625
0 0.63203125 0.09453125 0.0265625 0.1890625
0 0.76484375 0.078125 0.02578125 0.15625
0 0.75390625 0.0703125 0.02421875 0.140625
0 0.625 0.06015625 0.01796875 0.1203125
0 0.45625 0.12734375 0.0375 0.24140625
0 0.52421875 0.1296875 0.03515625 0.2484375
0 0.43125 0.11796875 0.0359375 0.225
0 0.390625 0.10703125 0.03359375 0.2046875
0 0.578125 0.1015625 0.02734375 0.203125
0 0.81796875 0.07734375 0.02734375 0.1546875
0 0.3296875 0.12578125 0.04140625 0.23359375
0 0.6640625 0.05546875 0.01796875 0.11015625
0 0.68671875 0.08515625 0.02578125 0.1703125