0 0.69609375 0.084375 0.0265625 0.16875
0 0.709375 0.046875 0.015625 0.09375
0 0.77734375 0.05078125 0.01875 0.10078125
0 0.65078125 0.0609375 0.01875 0.121875
0 0.50078125 0.084375 0.025 0.16875
0 0.23828125 0.37109375 0.12578125 0.62578125
0 0.39140625 0.12890625 0.040625 0.240625
0 0.853125 0.08515625 0.03046875 0.1703125
0 0.83203125 0.06875 0.025 0.13671875
0 0.76171875 0.0734375 0.025 0.14609375
0 0.67265625 0.11171875 0.0328125 0.2234375
0 0.528125 0.07421875 0.02109375 0.1484375
0 0.04453125 0.31640625 0.08828125 0.5265625
0 0.75 0.04921875 0.01796875 0.0984375
0 0.5828125 0.14453125 0.03828125 0.27578125
0 0.39765625 0.09921875 0.03203125 0.19296875
0 0.7921875 0.0703125 0.02421875 0.140625
0 0.85390625 0.071875 0.0265625 0.14375
0 0.3453125 0.26640625 0.0828125 0.46171875
0 0.80625 0.075 0.0265625 0.15
0 0.36171875 0.10546875 0.034375 0.20078125
0 0.646875 0.0640625 0.01875 0.128125