0 0.76796875 0.0734375 0.025 0.146875
0 0.71796875 0.08203125 0.0265625 0.1640625
0 0.85234375 0.07265625 0.0265625 0.1453125
0 0.81953125 0.046875 0.0171875 0.09375
0 0.503125 0.08359375 0.025 0.16640625
0 0.34375 0.1609375 0.05078125 0.28984375
0 0.8375 0.06875 0.02578125 0.13671875
0 0.84765625 0.05078125 0.01953125 0.1015625
0 0.8 0.0703125 0.025 0.140625
0 0.9828125 0.1265625 0.03359375 0.253125
0 0.590625 0.14140625 0.0375 0.271875
0 0.31796875 0.13125 0.04375 0.240625
0 0.85703125 0.084375 0.0296875 0.16875
0 0.81484375 0.07578125 0.0265625 0.15078125
0 0.81640625 0.04921875 0.0203125 0.0984375
0 0.37890625 0.1171875 0.03671875 0.22109375
0 0.69921875 0.078125 0.025 0.15625