0 0.69375 0.084375 0.025 0.16875
0 0.82265625 0.04609375 0.01796875 0.09140625
0 0.125 0.1609375 0.06015625 0.27890625
0 0.8703125 0.04921875 0.01953125 0.0984375
0 0.5125 0.1109375 0.03125 0.21796875
0 0.8484375 0.06875 0.025 0.1375
0 0.85 0.08515625 0.03046875 0.1703125
0 0.85859375 0.0734375 0.02734375 0.146875
0 0.3640625 0.3640625 0.11015625 0.62109375
0 0.034375 0.5484375 0.06875 0.896875
0 0.98828125 0.45859375 0.021875 0.80625
0 0.59921875 0.11953125 0.03203125 0.23515625
0 0.015625 0.315625 0.03046875 0.521875
0 0.81484375 0.040625 0.01640625 0.08046875
0 0.84375 0.0484375 0.01953125 0.09609375
0 0.63671875 0.05859375 0.01796875 0.11640625
0 0.76171875 0.0734375 0.025 0.146875
0 0.78984375 0.06875 0.0234375 0.1375
0 0.57109375 0.0859375 0.02421875 0.17109375
0 0.99140625 0.11875 0.0140625 0.2375
0 0.75859375 0.04140625 0.0171875 0.0828125
0 0.81484375 0.07421875 0.0265625 0.1484375
0 0.825 0.04453125 0.01796875 0.0890625