0 0.4953125 0.09609375 0.028125 0.1921875
0 0.478125 0.12109375 0.03515625 0.23203125
0 0.94375 0.05859375 0.02421875 0.11640625
0 0.125 0.184375 0.06953125 0.31640625
0 0.6921875 0.12109375 0.0375 0.2421875
0 0.08359375 0.16328125 0.06328125 0.28125
0 0.4890625 0.17109375 0.046875 0.31484375
0 0.43671875 0.11875 0.03515625 0.22578125
0 0.71015625 0.16484375 0.04765625 0.31484375
0 0.63671875 0.1640625 0.04453125 0.31015625
0 0.41875 0.10625 0.0328125 0.2046875
0 0.4265625 0.17421875 0.05078125 0.31640625
0 0.98671875 0.0609375 0.02578125 0.12109375
0 0.553125 0.13671875 0.0359375 0.26328125
0 0.553125 0.16171875 0.04140625 0.303125
0 0.19375 0.14375 0.05234375 0.25546875
0 0.584375 0.12890625 0.034375 0.25078125
0 0.60703125 0.06328125 0.01875 0.1265625