0 0.7375 0.04453125 0.01640625 0.0890625
0 0.81875 0.075 0.0265625 0.15
0 0.48046875 0.09296875 0.02734375 0.18515625
0 0.409375 0.0953125 0.03046875 0.18671875
0 0.125 0.1609375 0.06015625 0.27890625
0 0.88359375 0.04140625 0.0171875 0.0828125
0 0.85625 0.084375 0.03125 0.16875
0 0.99375 0.1015625 0.01171875 0.203125
0 0.85859375 0.0734375 0.02734375 0.146875
0 0.92578125 0.04375 0.0203125 0.0875
0 0.90234375 0.04375 0.01875 0.08671875
0 0.33671875 0.13671875 0.04453125 0.25078125
0 0.38984375 0.24921875 0.07421875 0.43515625
0 0.50546875 0.10078125 0.02890625 0.2015625
0 0.7203125 0.05390625 0.01875 0.1078125
0 0.54375 0.09375 0.025 0.1875
0 0.7 0.084375 0.02578125 0.16875
0 0.01796875 0.3171875 0.03515625 0.525
0 0.784375 0.06875 0.025 0.1375
0 0.840625 0.06875 0.02578125 0.13671875
0 0.72578125 0.05546875 0.01953125 0.1109375
0 0.80859375 0.040625 0.01640625 0.08125
0 0.7625 0.0734375 0.025 0.146875