0 0.615625 0.1859375 0.04921875 0.34453125
0 0.6140625 0.5234375 0.134375 0.88828125
0 0.8375 0.0671875 0.02421875 0.134375
0 0.79140625 0.2171875 0.06640625 0.4046875
0 0.08125 0.16796875 0.06484375 0.2890625
0 0.35 0.140625 0.04453125 0.25703125
0 0.55078125 0.17890625 0.04609375 0.3296875
0 0.42734375 0.10859375 0.03359375 0.21015625
0 0.74453125 0.0484375 0.01796875 0.096875
0 0.7734375 0.54453125 0.1703125 0.909375
0 0.7171875 0.2359375 0.0671875 0.43125
0 0.1390625 0.16015625 0.06015625 0.2796875
0 0.08125 0.42578125 0.1625 0.70546875
0 0.26796875 0.14609375 0.05 0.26171875
0 0.4875 0.196875 0.05390625 0.35703125
0 0.47421875 0.10546875 0.03125 0.20703125