0 0.796875 0.0703125 0.025 0.140625
0 0.4671875 0.11171875 0.03359375 0.215625
0 0.49140625 0.10078125 0.02890625 0.19921875
0 0.821875 0.06796875 0.02421875 0.13515625
0 0.8515625 0.084375 0.03046875 0.16875
0 0.7578125 0.0859375 0.02890625 0.17109375
0 0.6328125 0.0578125 0.01796875 0.115625
0 0.84765625 0.07265625 0.02734375 0.1453125
0 0.8953125 0.040625 0.01796875 0.08046875
0 0.71484375 0.084375 0.0265625 0.16875
0 0.69765625 0.06640625 0.02109375 0.13203125
0 0.63984375 0.06328125 0.01953125 0.12578125
0 0.53515625 0.1109375 0.03046875 0.21875
0 0.55 0.10546875 0.02890625 0.21015625
0 0.6125 0.09296875 0.0265625 0.18515625
0 0.8125 0.07578125 0.0265625 0.15078125
0 0.65859375 0.090625 0.02734375 0.18046875
0 0.7328125 0.06640625 0.021875 0.13203125
0 0.76875 0.0734375 0.025 0.146875