0 0.3265625 0.1140625 0.03828125 0.21328125
0 0.49296875 0.10390625 0.03046875 0.20625
0 0.815625 0.06953125 0.025 0.1390625
0 0.98515625 0.128125 0.028125 0.25625
0 0.79140625 0.08984375 0.03046875 0.1796875
0 0.7640625 0.078125 0.02578125 0.15625
0 0.7828125 0.07109375 0.02421875 0.14140625
0 0.040625 0.30625 0.08125 0.5109375
0 0.41875 0.10625 0.03359375 0.20546875
0 0.3734375 0.1046875 0.034375 0.2
0 0.7546875 0.071875 0.025 0.14375
0 0.75078125 0.09453125 0.0296875 0.1890625
0 0.84375 0.04140625 0.01875 0.0828125
0 0.51015625 0.15546875 0.0421875 0.28984375
0 0.5078125 0.22109375 0.05859375 0.39609375
0 0.69765625 0.08359375 0.0265625 0.1671875
0 0.425 0.15859375 0.046875 0.290625
0 0.69921875 0.10703125 0.0328125 0.2140625
0 0.56015625 0.1390625 0.03671875 0.265625
0 0.6125 0.2078125 0.05390625 0.38046875
0 0.30234375 0.153125 0.05078125 0.2765625