0 0.9875 0.4125 0.02421875 0.73203125
0 0.57265625 0.0859375 0.02421875 0.17109375
0 0.6 0.0734375 0.02109375 0.146875
0 0.02734375 0.2 0.05390625 0.33671875
0 0.2765625 0.27421875 0.08984375 0.47109375
0 0.37421875 0.278125 0.08359375 0.48203125
0 0.4421875 0.09921875 0.03046875 0.1953125
0 0.578125 0.1046875 0.02890625 0.209375
0 0.76484375 0.078125 0.0265625 0.15546875
0 0.759375 0.071875 0.025 0.14375
0 0.1453125 0.28671875 0.10546875 0.48515625
0 0.68671875 0.08515625 0.02578125 0.1703125
0 0.8453125 0.0859375 0.03046875 0.17109375
0 0.84609375 0.07421875 0.0265625 0.1484375
0 0.86328125 0.46875 0.1453125 0.8140625
0 0.790625 0.07109375 0.025 0.1421875
0 0.73359375 0.40703125 0.11328125 0.70703125
0 0.49296875 0.0984375 0.02890625 0.19609375
0 0.53359375 0.09375 0.02578125 0.18671875
0 0.82734375 0.06875 0.025 0.13671875
0 0.0609375 0.28515625 0.11171875 0.478125
0 0.453125 0.09453125 0.02890625 0.18671875