0 0.11015625 0.546875 0.19453125 0.88671875
0 0.340625 0.13828125 0.04765625 0.27109375
0 0.19765625 0.24453125 0.075 0.37578125
0 0.7234375 0.08828125 0.03671875 0.16796875
0 0.26875 0.140625 0.0484375 0.2609375
0 0.48203125 0.121875 0.03515625 0.2
0 0.95 0.07109375 0.04375 0.1421875
0 0.13203125 0.165625 0.06484375 0.20625
0 0.53125 0.121875 0.03671875 0.2
0 0.56015625 0.1140625 0.0359375 0.19609375
0 0.853125 0.0859375 0.03828125 0.171875
0 0.63515625 0.05703125 0.0453125 0.1140625
0 0.76015625 0.0875 0.028125 0.175
0 0.22890625 0.0609375 0.04296875 0.12109375
0 0.02890625 0.15859375 0.03203125 0.14609375
0 0.79140625 0.071875 0.028125 0.14375
0 0.89140625 0.03984375 0.04140625 0.0796875
0 0.415625 0.0390625 0.0203125 0.078125
0 0.81171875 0.07734375 0.03828125 0.1546875
0 0.50234375 0.103125 0.03671875 0.19453125