0 0.590625 0.07734375 0.021875 0.1546875
0 0.4828125 0.10078125 0.0296875 0.2
0 0.6140625 0.07890625 0.021875 0.1578125
0 0.4953125 0.10859375 0.03125 0.21328125
0 0.54375 0.10546875 0.02890625 0.21015625
0 0.71328125 0.084375 0.02734375 0.16875
0 0.6796875 0.0734375 0.0234375 0.146875
0 0.803125 0.0484375 0.01796875 0.096875
0 0.815625 0.07578125 0.0265625 0.15078125
0 0.75234375 0.0859375 0.028125 0.17109375
0 0.8375 0.06875 0.025 0.13671875
0 0.553125 0.115625 0.03125 0.2265625
0 0.85390625 0.07265625 0.0265625 0.1453125
0 0.7984375 0.0703125 0.02421875 0.140625
0 0.7640625 0.0734375 0.02421875 0.14609375
0 0.72578125 0.06484375 0.02109375 0.1296875
0 0.853125 0.084375 0.03046875 0.16875