0 0.7109375 0.27421875 0.07578125 0.49375
0 0.4796875 0.12578125 0.0359375 0.240625
0 0.25703125 0.184375 0.06328125 0.32421875
0 0.48828125 0.1 0.02890625 0.1984375
0 0.321875 0.165625 0.05390625 0.296875
0 0.08203125 0.17578125 0.06796875 0.3015625
0 0.334375 0.18828125 0.06015625 0.334375
0 0.38984375 0.20703125 0.06171875 0.36796875
0 0.86953125 0.29296875 0.09296875 0.53046875
0 0.5515625 0.13828125 0.0359375 0.26328125
0 0.13125 0.159375 0.06015625 0.27890625
0 0.428125 0.1296875 0.03984375 0.24453125
0 0.4296875 0.1015625 0.03203125 0.1984375