0 0.85234375 0.08515625 0.03046875 0.1703125
0 0.81171875 0.07421875 0.0265625 0.1484375
0 0.7109375 0.046875 0.015625 0.09375
0 0.24921875 0.15390625 0.053125 0.27421875
0 0.346875 0.1515625 0.0484375 0.275
0 0.85390625 0.071875 0.0265625 0.14375
0 0.31171875 0.14765625 0.04921875 0.26796875
0 0.09921875 0.34453125 0.13046875 0.57578125
0 0.87734375 0.046875 0.0203125 0.09375
0 0.70390625 0.084375 0.0265625 0.16875
0 0.5359375 0.0734375 0.02109375 0.14609375
0 0.96875 0.06875 0.028125 0.1375
0 0.44140625 0.13671875 0.040625 0.25625
0 0.31328125 0.4234375 0.134375 0.7140625
0 0.13125 0.15859375 0.059375 0.27578125
0 0.57890625 0.1140625 0.03046875 0.22578125
0 0.0203125 0.32265625 0.040625 0.5359375
0 0.79375 0.0703125 0.025 0.140625
0 0.76328125 0.0734375 0.025 0.146875
0 0.8421875 0.06796875 0.025 0.1359375
0 0.85859375 0.0453125 0.01875 0.090625