0 0.52265625 0.1359375 0.03671875 0.25859375
0 0.5140625 0.3 0.07734375 0.52421875
0 0.734375 0.0640625 0.021875 0.128125
0 0.2203125 0.565625 0.26015625 0.86640625
0 0.046875 0.52109375 0.09375 0.8546875
0 0.5609375 0.18671875 0.04765625 0.34453125
0 0.08359375 0.1671875 0.06484375 0.28828125
0 0.678125 0.053125 0.01796875 0.10625
0 0.459375 0.0890625 0.028125 0.178125
0 0.61015625 0.32109375 0.08046875 0.56328125
0 0.4875 0.14453125 0.03984375 0.2703125
0 0.6484375 0.18046875 0.04921875 0.33671875
0 0.12109375 0.16328125 0.06171875 0.284375
0 0.1171875 0.54921875 0.21640625 0.89921875
0 0.55859375 0.13671875 0.03671875 0.26328125
0 0.34296875 0.17734375 0.05625 0.31796875