0 0.4046875 0.21328125 0.06328125 0.37890625
0 0.93046875 0.04765625 0.02109375 0.0953125
0 0.1546875 0.15390625 0.05703125 0.26953125
0 0.44921875 0.1125 0.034375 0.21796875
0 0.8796875 0.04765625 0.01953125 0.0953125
0 0.84609375 0.071875 0.0265625 0.14375
0 0.84296875 0.0453125 0.01796875 0.090625
0 0.0859375 0.265625 0.1015625 0.446875
0 0.490625 0.0875 0.0265625 0.175
0 0.346875 0.14453125 0.04609375 0.2640625
0 0.90390625 0.04609375 0.0203125 0.0921875
0 0.32734375 0.19921875 0.06328125 0.3515625
0 0.81328125 0.07421875 0.0265625 0.1484375
0 0.840625 0.046875 0.01875 0.09375
0 0.46640625 0.44140625 0.11953125 0.74921875
0 0.40625 0.14375 0.04375 0.265625
0 0.90078125 0.0484375 0.0203125 0.09609375
0 0.68671875 0.084375 0.02578125 0.16875
0 0.83046875 0.04609375 0.0171875 0.0921875
0 0.77734375 0.04609375 0.0171875 0.09140625
0 0.09140625 0.34140625 0.13046875 0.5703125
0 0.7953125 0.06953125 0.025 0.1390625
0 0.7203125 0.0484375 0.01640625 0.096875
0 0.84140625 0.06796875 0.025 0.13515625
0 0.72421875 0.05078125 0.01796875 0.1015625
0 0.403125 0.11796875 0.03671875 0.2234375
0 0.8546875 0.08515625 0.03046875 0.1703125
0 0.7609375 0.0734375 0.025 0.14609375