0 0.51171875 0.1359375 0.0375 0.259375
0 0.57421875 0.2796875 0.07109375 0.49453125
0 0.08125 0.16796875 0.06484375 0.2890625
0 0.44453125 0.31484375 0.0875 0.54453125
0 0.1375 0.16328125 0.0609375 0.284375
0 0.421875 0.140625 0.0421875 0.26015625
0 0.5515625 0.09375 0.02578125 0.18671875
0 0.70546875 0.328125 0.08984375 0.57890625
0 0.8765625 0.34609375 0.10859375 0.615625
0 0.49921875 0.0796875 0.02421875 0.159375
0 0.17890625 0.15 0.0546875 0.26484375
0 0.975 0.071875 0.0296875 0.14375
0 0.99921875 0.33125 0.00078125 0.6015625
0 0.65234375 0.26953125 0.07109375 0.48125
0 0.19296875 0.23515625 0.08359375 0.40390625
0 0.67109375 0.05546875 0.01796875 0.11015625
0 0.82421875 0.04375 0.01796875 0.08671875