0 0.74375 0.08203125 0.0265625 0.1640625
0 0.48125 0.08671875 0.0265625 0.1734375
0 0.853125 0.146875 0.05 0.29375
0 0.87109375 0.04375 0.01796875 0.08671875
0 0.54375 0.0875 0.02421875 0.175
0 0.70859375 0.08046875 0.02578125 0.1609375
0 0.22578125 0.2578125 0.08828125 0.44140625
0 0.35625 0.11953125 0.0390625 0.225
0 0.89140625 0.046875 0.01953125 0.09375
0 0.8375 0.06875 0.02578125 0.13671875
0 0.85859375 0.0453125 0.01875 0.090625
0 0.43203125 0.115625 0.03515625 0.221875
0 0.85703125 0.084375 0.0296875 0.16875
0 0.85390625 0.07265625 0.02734375 0.1453125
0 0.7921875 0.06953125 0.02421875 0.1390625
0 0.58515625 0.06796875 0.01953125 0.1359375
0 0.8140625 0.07578125 0.0265625 0.15078125
0 0.45625 0.0890625 0.02734375 0.178125
0 0.34453125 0.16328125 0.05234375 0.2953125
0 0.76953125 0.0734375 0.025 0.146875