0 0.709375 0.046875 0.015625 0.09375
0 0.79921875 0.07109375 0.025 0.14140625
0 0.790625 0.04921875 0.01875 0.0984375
0 0.49296875 0.109375 0.03203125 0.21484375
0 0.55234375 0.11640625 0.03125 0.22890625
0 0.85078125 0.071875 0.0265625 0.14375
0 0.22265625 0.14140625 0.05 0.253125
0 0.76328125 0.06015625 0.02109375 0.1203125
0 0.69375 0.08515625 0.0265625 0.1703125
0 0.5296875 0.07421875 0.02109375 0.1484375
0 0.8078125 0.075 0.0265625 0.15
0 0.76171875 0.0734375 0.025 0.14609375
0 0.83125 0.06875 0.025 0.13671875
0 0.67421875 0.06328125 0.01953125 0.1265625
0 0.42734375 0.16796875 0.04921875 0.30546875
0 0.41875 0.0953125 0.03046875 0.18671875
0 0.3421875 0.14296875 0.04609375 0.26171875
0 0.7734375 0.06171875 0.021875 0.1234375
0 0.7625 0.04921875 0.01875 0.0984375
0 0.8484375 0.0859375 0.03046875 0.171875