0 0.396875 0.20703125 0.06171875 0.36875
0 0.87734375 0.065625 0.025 0.13046875
0 0.49921875 0.134375 0.0375 0.25546875
0 0.403125 0.11953125 0.03671875 0.22578125
0 0.25078125 0.16484375 0.05625 0.29296875
0 0.90546875 0.065625 0.02578125 0.13046875
0 0.15390625 0.27578125 0.10078125 0.46875
0 0.47421875 0.14453125 0.04140625 0.27109375
0 0.49609375 0.209375 0.05625 0.3765625
0 0.7734375 0.04921875 0.01875 0.0984375
0 0.92421875 0.10625 0.0390625 0.2125
0 0.509375 0.16171875 0.04375 0.3
0 0.734375 0.04609375 0.015625 0.0921875
0 0.8828125 0.04921875 0.01953125 0.0984375
0 0.75078125 0.04296875 0.01640625 0.0859375
0 0.96328125 0.346875 0.07265625 0.6234375
0 0.84296875 0.27890625 0.08671875 0.50546875
0 0.3953125 0.14296875 0.04453125 0.2640625
0 0.7875 0.29296875 0.08671875 0.5265625
0 0.38671875 0.134375 0.04140625 0.25
0 0.31171875 0.13671875 0.04453125 0.24921875
0 0.92421875 0.11328125 0.04140625 0.22578125
0 0.46875 0.1109375 0.03203125 0.215625
0 0.78671875 0.16953125 0.05234375 0.32578125
0 0.60703125 0.21953125 0.05546875 0.3984375
0 0.459375 0.10078125 0.03046875 0.1984375
0 0.834375 0.04609375 0.01875 0.0921875
0 0.30859375 0.14296875 0.04765625 0.259375
0 0.85390625 0.04765625 0.01953125 0.0953125