0 0.79765625 0.0703125 0.025 0.140625
0 0.08984375 0.234375 0.08984375 0.39609375
0 0.08359375 0.40546875 0.15703125 0.67421875
0 0.83203125 0.06875 0.025 0.13671875
0 0.14296875 0.15625 0.05859375 0.2734375
0 0.640625 0.43359375 0.1109375 0.7453125
0 0.8125 0.075 0.0265625 0.15
0 0.953125 0.10859375 0.04140625 0.21640625
0 0.84609375 0.0859375 0.03046875 0.171875
0 0.85390625 0.071875 0.0265625 0.14375
0 0.9171875 0.109375 0.03984375 0.21875
0 0.01484375 0.23125 0.0296875 0.38671875
0 0.690625 0.08515625 0.0265625 0.1703125
0 0.37109375 0.10625 0.034375 0.203125
0 0.39453125 0.240625 0.07109375 0.42109375
0 0.7640625 0.0734375 0.025 0.146875
0 0.14296875 0.2390625 0.08828125 0.40859375
0 0.55390625 0.0734375 0.02109375 0.14609375
0 0.29453125 0.23984375 0.078125 0.41640625