0 0.81875 0.075 0.0265625 0.15
0 0.853125 0.0421875 0.0171875 0.084375
0 0.50546875 0.10078125 0.02890625 0.20078125
0 0.8484375 0.06875 0.025 0.1375
0 0.75 0.04296875 0.01640625 0.08515625
0 0.85 0.08515625 0.03046875 0.1703125
0 0.85859375 0.0734375 0.02734375 0.146875
0 0.55 0.0890625 0.025 0.178125
0 0.678125 0.05703125 0.01875 0.1140625
0 0.55 0.109375 0.0296875 0.21796875
0 0.9 0.046875 0.01953125 0.09375
0 0.4046875 0.28828125 0.08359375 0.50078125
0 0.67734375 0.05546875 0.01796875 0.11015625
0 0.7 0.084375 0.02578125 0.16875
0 0.8765625 0.0453125 0.01875 0.090625
0 0.78984375 0.06875 0.0234375 0.1375
0 0.76171875 0.0734375 0.025 0.146875
0 0.809375 0.040625 0.01640625 0.08046875
0 0.125 0.1609375 0.06015625 0.27890625
0 0.3609375 0.1125 0.03671875 0.21171875
0 0.01796875 0.3171875 0.03515625 0.525
0 0.8546875 0.04375 0.01796875 0.08671875