0 0.040625 0.3390625 0.08125 0.565625
0 0.684375 0.084375 0.025 0.16875
0 0.62109375 0.115625 0.03203125 0.23125
0 0.7515625 0.0703125 0.02421875 0.140625
0 0.75703125 0.078125 0.02578125 0.15625
0 0.81328125 0.07421875 0.0265625 0.1484375
0 0.00078125 0.3296875 0.0015625 0.54453125
0 0.80390625 0.05390625 0.0203125 0.1078125
0 0.81015625 0.04375 0.0171875 0.0875
0 0.375 0.1703125 0.05234375 0.30703125
0 0.175 0.153125 0.05546875 0.26953125
0 0.41640625 0.1109375 0.034375 0.21171875
0 0.1171875 0.16171875 0.06171875 0.28046875
0 0.84765625 0.04453125 0.0171875 0.0890625
0 0.79296875 0.04375 0.0171875 0.0875
0 0.81015625 0.046875 0.01796875 0.09375
0 0.8234375 0.0421875 0.0171875 0.084375
0 0.91328125 0.05078125 0.02109375 0.10078125
0 0.1875 0.31875 0.11328125 0.5390625
0 0.67265625 0.20859375 0.05703125 0.38359375
0 0.653125 0.05625 0.01875 0.1125
0 0.7765625 0.20390625 0.06171875 0.38203125
0 0.596875 0.20625 0.05234375 0.3765625
0 0.2625 0.33125 0.11015625 0.56171875
0 0.215625 0.4375 0.15234375 0.73046875
0 0.40546875 0.0953125 0.03046875 0.18671875
0 0.79765625 0.0703125 0.025 0.140625
0 0.8625 0.07421875 0.02734375 0.1484375
0 0.890625 0.04921875 0.0203125 0.0984375
0 0.81953125 0.0484375 0.01875 0.09609375
0 0.8703125 0.0484375 0.01953125 0.09609375
0 0.4515625 0.10703125 0.03203125 0.209375
0 0.77890625 0.053125 0.01953125 0.10546875