0 0.709375 0.046875 0.015625 0.09375
0 0.35390625 0.12421875 0.03984375 0.23203125
0 0.8234375 0.04375 0.01875 0.0875
0 0.05234375 0.496875 0.10390625 0.815625
0 0.5953125 0.10859375 0.03125 0.2171875
0 0.528125 0.07421875 0.02109375 0.1484375
0 0.846875 0.0859375 0.03046875 0.17109375
0 0.5375 0.121875 0.0328125 0.23671875
0 0.6921875 0.08515625 0.0265625 0.1703125
0 0.7984375 0.07109375 0.025 0.14140625
0 0.32109375 0.1171875 0.0390625 0.21796875
0 0.71328125 0.0515625 0.0171875 0.103125
0 0.76171875 0.0734375 0.025 0.14609375
0 0.83125 0.06875 0.025 0.13671875
0 0.39453125 0.15 0.04609375 0.27578125
0 0.7140625 0.0609375 0.0203125 0.121875
0 0.71328125 0.06328125 0.02109375 0.1265625
0 0.8546875 0.071875 0.028125 0.14375
0 0.01953125 0.3703125 0.0390625 0.6125
0 0.80625 0.075 0.0265625 0.15
0 0.77734375 0.05078125 0.01875 0.10078125