0 0.7921875 0.0703125 0.02421875 0.140625
0 0.82734375 0.0484375 0.01875 0.09609375
0 0.3328125 0.13046875 0.04296875 0.240625
0 0.85234375 0.08515625 0.03046875 0.1703125
0 0.8484375 0.04921875 0.01875 0.0984375
0 0.81171875 0.07421875 0.0265625 0.1484375
0 0.3640625 0.13359375 0.0421875 0.246875
0 0.13046875 0.5578125 0.24765625 0.88203125
0 0.27734375 0.13359375 0.04609375 0.24296875
0 0.44140625 0.15859375 0.04609375 0.29140625
0 0.8421875 0.06796875 0.025 0.1359375
0 0.98359375 0.07578125 0.03125 0.1515625
0 0.21484375 0.25390625 0.08828125 0.4359375
0 0.71015625 0.046875 0.0171875 0.09375
0 0.70390625 0.084375 0.0265625 0.16875
0 0.5359375 0.0734375 0.02109375 0.14609375
0 0.55390625 0.11015625 0.0296875 0.21875
0 0.13125 0.15859375 0.059375 0.27578125
0 0.76328125 0.0734375 0.025 0.146875
0 0.85390625 0.071875 0.0265625 0.14375
0 0.0203125 0.32265625 0.040625 0.5359375