0 0.028125 0.45703125 0.05546875 0.75
0 0.37109375 0.1546875 0.0484375 0.28125
0 0.60703125 0.1203125 0.0328125 0.23671875
0 0.91484375 0.04296875 0.01875 0.08515625
0 0.5046875 0.09296875 0.02734375 0.18515625
0 0.671875 0.1234375 0.0359375 0.24609375
0 0.9375 0.10859375 0.040625 0.2171875
0 0.17421875 0.43515625 0.15703125 0.72578125
0 0.69921875 0.08359375 0.0265625 0.1671875
0 0.56875 0.128125 0.034375 0.24921875
0 0.496875 0.1234375 0.03515625 0.23671875
0 0.884375 0.0421875 0.01796875 0.084375
0 0.9140625 0.09140625 0.034375 0.18203125
0 0.48125 0.10390625 0.03046875 0.2046875