0 0.6828125 0.08828125 0.02734375 0.1765625
0 0.709375 0.08515625 0.0265625 0.1703125
0 0.80078125 0.07109375 0.025 0.14140625
0 0.84765625 0.0859375 0.03046875 0.17109375
0 0.1484375 0.1546875 0.0578125 0.2703125
0 0.85234375 0.07265625 0.02734375 0.1453125
0 0.61953125 0.06171875 0.01796875 0.1234375
0 0.67734375 0.06484375 0.02109375 0.1296875
0 0.76875 0.0734375 0.02578125 0.146875
0 0.8140625 0.07578125 0.0265625 0.15078125
0 0.8453125 0.06640625 0.025 0.1328125
0 0.63671875 0.06484375 0.01953125 0.1296875
0 0.70859375 0.184375 0.053125 0.34609375