0 0.91328125 0.321875 0.10546875 0.57890625
0 0.14921875 0.378125 0.13828125 0.63203125
0 0.57265625 0.09296875 0.02578125 0.1859375
0 0.98203125 0.06953125 0.0296875 0.1390625
0 0.43828125 0.09453125 0.02890625 0.18671875
0 0.67890625 0.06640625 0.02109375 0.13203125
0 0.47578125 0.10859375 0.03203125 0.2109375
0 0.37890625 0.1140625 0.03671875 0.215625
0 0.52890625 0.209375 0.05390625 0.37890625
0 0.784375 0.19375 0.05859375 0.365625
0 0.6765625 0.0640625 0.0203125 0.128125
0 0.7015625 0.18984375 0.05390625 0.35546875
0 0.50546875 0.090625 0.0265625 0.18125
0 0.69609375 0.08359375 0.0265625 0.1671875
0 0.05703125 0.1890625 0.07421875 0.321875
0 0.875 0.090625 0.0328125 0.18046875
0 0.425 0.10859375 0.03359375 0.21015625
0 0.671875 0.06015625 0.01953125 0.1203125