0 0.59453125 0.06875 0.01953125 0.13671875
0 0.91328125 0.04375 0.0203125 0.0875
0 0.7140625 0.08203125 0.02578125 0.1640625
0 0.76875 0.0734375 0.025 0.146875
0 0.81484375 0.07578125 0.0265625 0.15078125
0 0.059375 0.38984375 0.11875 0.64609375
0 0.3375 0.1515625 0.04921875 0.275
0 0.884375 0.04296875 0.01796875 0.08515625
0 0.8875 0.04140625 0.01796875 0.08203125
0 0.2203125 0.2109375 0.0734375 0.36640625
0 0.80078125 0.0703125 0.025 0.140625
0 0.85703125 0.084375 0.0296875 0.16875
0 0.85390625 0.07265625 0.02734375 0.1453125
0 0.74609375 0.08203125 0.02734375 0.1640625
0 0.4984375 0.10625 0.03046875 0.209375
0 0.8375 0.06875 0.02578125 0.13671875
0 0.478125 0.09453125 0.028125 0.1890625
0 0.50546875 0.0921875 0.02734375 0.184375
0 0.578125 0.09375 0.025 0.1875