0 0.2859375 0.234375 0.07734375 0.40859375
0 0.915625 0.134375 0.0484375 0.26875
0 0.80234375 0.046875 0.0171875 0.09375
0 0.4625 0.0875 0.02734375 0.175
0 0.059375 0.3484375 0.11875 0.58125
0 0.8375 0.0484375 0.01953125 0.096875
0 0.00234375 0.46953125 0.00390625 0.76796875
0 0.7875 0.11484375 0.0375 0.2296875
0 0.58828125 0.09453125 0.0265625 0.1890625
0 0.3875 0.21796875 0.065625 0.3859375
0 0.53984375 0.08984375 0.025 0.1796875
0 0.51171875 0.09296875 0.02734375 0.18515625
0 0.428125 0.09453125 0.0296875 0.18828125
0 0.41484375 0.1109375 0.034375 0.21171875
0 0.25546875 0.29765625 0.1 0.50859375
0 0.69375 0.08359375 0.02578125 0.16640625