0 0.9015625 0.35390625 0.1140625 0.63046875
0 0.42109375 0.14609375 0.04375 0.2703125
0 0.13671875 0.20390625 0.07578125 0.35
0 0.5984375 0.140625 0.03671875 0.26953125
0 0.55234375 0.1390625 0.03671875 0.265625
0 0.6625 0.134375 0.03828125 0.2640625
0 0.89921875 0.06328125 0.025 0.1265625
0 0.55546875 0.11015625 0.0296875 0.21875
0 0.2359375 0.33359375 0.11328125 0.565625
0 0.628125 0.103125 0.02890625 0.20546875
0 0.84453125 0.2421875 0.0765625 0.446875
0 0.51875 0.11875 0.0328125 0.2296875
0 0.09375 0.159375 0.0609375 0.27578125
0 0.4859375 0.140625 0.0390625 0.2640625
0 0.47265625 0.10234375 0.03046875 0.20078125
0 0.42421875 0.1015625 0.03125 0.196875
0 0.9328125 0.065625 0.0265625 0.13125