0 0.1203125 0.16328125 0.06171875 0.284375
0 0.115625 0.3609375 0.1359375 0.60390625
0 0.53671875 0.1140625 0.03125 0.22421875
0 0.49921875 0.12265625 0.03515625 0.2359375
0 0.4109375 0.41171875 0.11875 0.7
0 0.08203125 0.1671875 0.06484375 0.28828125
0 0.478125 0.1171875 0.03359375 0.2265625
0 0.028125 0.384375 0.05625 0.634375
0 0.659375 0.06328125 0.01953125 0.12578125
0 0.86171875 0.36015625 0.1125 0.6390625
0 0.5140625 0.15 0.040625 0.28125
0 0.575 0.1484375 0.03828125 0.28125
0 0.2640625 0.34296875 0.1140625 0.58203125
0 0.49765625 0.22265625 0.059375 0.39921875
0 0.56015625 0.2265625 0.05703125 0.40859375
0 0.409375 0.22890625 0.0671875 0.4046875