0 0.46484375 0.3171875 0.08671875 0.54921875
0 0.37890625 0.19375 0.059375 0.3453125
0 0.76015625 0.2015625 0.06015625 0.3765625
0 0.753125 0.27734375 0.0796875 0.49921875
0 0.7390625 0.04921875 0.0171875 0.0984375
0 0.4546875 0.0921875 0.02890625 0.184375
0 0.0546875 0.1734375 0.06875 0.29609375
0 0.44453125 0.19375 0.05546875 0.3484375
0 0.7125 0.221875 0.06328125 0.40859375
0 0.02265625 0.2796875 0.0453125 0.465625
0 0.934375 0.21796875 0.07421875 0.41328125
0 0.609375 0.12421875 0.03359375 0.24453125
0 0.9109375 0.29765625 0.09765625 0.53984375
0 0.3875 0.1625 0.04921875 0.2953125
0 0.1265625 0.1640625 0.06171875 0.2859375
0 0.63828125 0.06953125 0.0203125 0.1390625
0 0.5203125 0.084375 0.025 0.16875
0 0.3640625 0.31875 0.09609375 0.54609375
0 0.61796875 0.315625 0.0796875 0.5546875
0 0.42265625 0.09375 0.0296875 0.18515625