0 0.76484375 0.0734375 0.025 0.14609375
0 0.65625 0.05625 0.01875 0.1125
0 0.6203125 0.08828125 0.02578125 0.1765625
0 0.20625 0.3 0.1046875 0.509375
0 0.834375 0.06796875 0.025 0.1359375
0 0.79453125 0.0703125 0.02421875 0.140625
0 0.55703125 0.07265625 0.02109375 0.1453125
0 0.62734375 0.11328125 0.03203125 0.2265625
0 0.48515625 0.10546875 0.03046875 0.20703125
0 0.45390625 0.10234375 0.03046875 0.20078125
0 0.85078125 0.071875 0.0265625 0.14375
0 0.75390625 0.0859375 0.02890625 0.17109375
0 0.815625 0.07578125 0.0265625 0.15078125
0 0.6015625 0.0734375 0.02109375 0.146875
0 0.853125 0.084375 0.03046875 0.16875
0 0.60390625 0.0625 0.01796875 0.125
0 0.70859375 0.08359375 0.0265625 0.1671875
0 0.534375 0.10546875 0.02890625 0.209375