0 0.9015625 0.084375 0.03125 0.16875
0 0.51796875 0.09375 0.0265625 0.18671875
0 0.0140625 0.33515625 0.028125 0.5546875
0 0.87109375 0.0421875 0.01796875 0.084375
0 0.38125 0.1171875 0.0375 0.22109375
0 0.76875 0.184375 0.05625 0.35078125
0 0.984375 0.13828125 0.0296875 0.2765625
0 0.4 0.196875 0.05859375 0.3515625
0 0.18359375 0.1546875 0.05625 0.271875
0 0.0375 0.22890625 0.07421875 0.3859375
0 0.60078125 0.165625 0.04296875 0.3109375
0 0.4984375 0.13984375 0.0390625 0.26484375
0 0.48984375 0.1890625 0.05078125 0.34296875
0 0.93828125 0.08359375 0.0328125 0.1671875
0 0.68203125 0.08203125 0.0265625 0.1640625
0 0.4453125 0.09453125 0.02890625 0.18828125
0 0.209375 0.26953125 0.09453125 0.46015625
0 0.37734375 0.15546875 0.04765625 0.28203125