0 0.76953125 0.046875 0.0171875 0.09375
0 0.66328125 0.06171875 0.0203125 0.1234375
0 0.69609375 0.084375 0.0265625 0.16875
0 0.709375 0.046875 0.015625 0.09375
0 0.190625 0.45 0.16015625 0.75
0 0.65390625 0.11015625 0.03203125 0.2203125
0 0.528125 0.07421875 0.02109375 0.1484375
0 0.05390625 0.321875 0.1078125 0.5359375
0 0.83125 0.06875 0.025 0.13671875
0 0.29296875 0.30234375 0.09765625 0.51796875
0 0.853125 0.08515625 0.03046875 0.1703125
0 0.384375 0.10234375 0.0328125 0.196875
0 0.76171875 0.0734375 0.025 0.14609375
0 0.778125 0.05078125 0.01875 0.10078125
0 0.35859375 0.109375 0.0359375 0.20859375
0 0.38359375 0.13515625 0.0421875 0.25
0 0.49453125 0.08125 0.0234375 0.1625
0 0.8546875 0.071875 0.028125 0.14375
0 0.57578125 0.13671875 0.0359375 0.26171875
0 0.66796875 0.0640625 0.01953125 0.128125
0 0.79453125 0.0703125 0.025 0.140625
0 0.80625 0.075 0.0265625 0.15