0 0.51171875 0.12890625 0.03515625 0.24609375
0 0.9609375 0.3015625 0.0765625 0.54921875
0 0.94765625 0.07109375 0.0296875 0.1421875
0 0.65703125 0.24765625 0.06640625 0.446875
0 0.1375 0.16328125 0.0609375 0.284375
0 0.52578125 0.09140625 0.02578125 0.18203125
0 0.57109375 0.259375 0.065625 0.46171875
0 0.4234375 0.1328125 0.03984375 0.24921875
0 0.46015625 0.278125 0.07578125 0.48515625
0 0.8296875 0.31875 0.09765625 0.57109375
0 0.23359375 0.209375 0.07265625 0.3640625
0 0.18046875 0.15 0.0546875 0.26484375
0 0.80546875 0.04453125 0.0171875 0.0890625
0 0.08125 0.16796875 0.06484375 0.2890625
0 0.57734375 0.34375 0.08671875 0.5984375