0 0.3625 0.1390625 0.04453125 0.25546875
0 0.4046875 0.1984375 0.05859375 0.3546875
0 0.81640625 0.0484375 0.01875 0.096875
0 0.45078125 0.09453125 0.02890625 0.18828125
0 0.7 0.08359375 0.025 0.1671875
0 0.45703125 0.1234375 0.03671875 0.2359375
0 0.53984375 0.0953125 0.0265625 0.190625
0 0.6203125 0.0953125 0.02734375 0.190625
0 0.7984375 0.04765625 0.01796875 0.0953125
0 0.46484375 0.08671875 0.0265625 0.1734375
0 0.984375 0.41328125 0.03046875 0.73203125
0 0.25546875 0.190625 0.06484375 0.334375
0 0.76015625 0.06953125 0.02421875 0.1390625
0 0.85625 0.45234375 0.1390625 0.7859375
0 0.49453125 0.26328125 0.06953125 0.46328125
0 0.2921875 0.215625 0.07109375 0.378125
0 0.74375 0.0734375 0.02421875 0.14609375
0 0.48046875 0.19609375 0.05390625 0.35546875
0 0.40625 0.09609375 0.03046875 0.18828125
0 0.503125 0.12265625 0.03515625 0.2359375
0 0.7765625 0.06796875 0.0234375 0.13515625
0 0.79140625 0.078125 0.02734375 0.15625