0 0.63828125 0.12109375 0.034375 0.23984375
0 0.34765625 0.15703125 0.05 0.28515625
0 0.09765625 0.20078125 0.0765625 0.34296875
0 0.7265625 0.0453125 0.01640625 0.090625
0 0.55234375 0.1203125 0.03203125 0.23515625
0 0.8328125 0.06953125 0.025 0.1390625
0 0.7828125 0.04609375 0.01875 0.0921875
0 0.828125 0.27421875 0.084375 0.4984375
0 0.34296875 0.11171875 0.03671875 0.2109375
0 0.025 0.21328125 0.05 0.359375
0 0.78828125 0.1171875 0.03828125 0.234375
0 0.42890625 0.153125 0.0453125 0.28125
0 0.80859375 0.07265625 0.02578125 0.1453125
0 0.67265625 0.08046875 0.02421875 0.16015625
0 0.43046875 0.1078125 0.03359375 0.20859375
0 0.50546875 0.140625 0.0390625 0.26640625
0 0.47890625 0.10390625 0.03046875 0.20390625
0 0.28828125 0.14375 0.0484375 0.259375
0 0.89296875 0.04140625 0.01796875 0.08203125