0 0.175 0.31953125 0.11484375 0.53984375
0 0.584375 0.10078125 0.02734375 0.20078125
0 0.478125 0.10625 0.03125 0.209375
0 0.0625 0.45390625 0.125 0.7484375
0 0.32265625 0.29609375 0.09375 0.50859375
0 0.9296875 0.11875 0.04375 0.2375
0 0.87734375 0.04609375 0.01953125 0.09140625
0 0.53046875 0.1015625 0.0296875 0.203125
0 0.8703125 0.103125 0.03671875 0.20625
0 0.51171875 0.09296875 0.02734375 0.18515625
0 0.446875 0.10859375 0.03359375 0.21015625
0 0.84921875 0.04453125 0.0171875 0.0890625
0 0.628125 0.10859375 0.03046875 0.21640625
0 0.69375 0.08359375 0.02578125 0.16640625