0 0.81171875 0.215625 0.06640625 0.403125
0 0.14921875 0.19921875 0.0734375 0.34375
0 0.4890625 0.2296875 0.06171875 0.409375
0 0.0953125 0.16171875 0.06171875 0.27890625
0 0.5796875 0.23515625 0.059375 0.421875
0 0.415625 0.1546875 0.04609375 0.28359375
0 0.6265625 0.06796875 0.0203125 0.13515625
0 0.565625 0.10859375 0.0296875 0.21640625
0 0.103125 0.16796875 0.0640625 0.2890625
0 0.3953125 0.24140625 0.07109375 0.4234375
0 0.6453125 0.17109375 0.04609375 0.32109375
0 0.628125 0.178125 0.046875 0.33125
0 0.9984375 0.053125 0.00234375 0.10546875
0 0.45 0.1546875 0.04453125 0.28515625
0 0.80546875 0.15859375 0.05078125 0.31015625
0 0.68984375 0.22265625 0.06171875 0.40859375
0 0.40078125 0.13359375 0.040625 0.2484375