0 0.8328125 0.06875 0.025 0.13671875
0 0.79765625 0.0703125 0.025 0.140625
0 0.91328125 0.1140625 0.0421875 0.228125
0 0.04765625 0.475 0.0953125 0.78125
0 0.04921875 0.253125 0.0984375 0.425
0 0.94921875 0.1140625 0.0421875 0.228125
0 0.09609375 0.27109375 0.103125 0.45703125
0 0.1515625 0.1546875 0.05703125 0.2703125
0 0.8125 0.075 0.0265625 0.15
0 0.26171875 0.26640625 0.0890625 0.45703125
0 0.36171875 0.27265625 0.08359375 0.4734375
0 0.84609375 0.0859375 0.03046875 0.171875
0 0.690625 0.08515625 0.0265625 0.1703125
0 0.3765625 0.1109375 0.0359375 0.2109375
0 0.6234375 0.48828125 0.12421875 0.83203125
0 0.7640625 0.0734375 0.025 0.146875
0 0.8546875 0.071875 0.028125 0.14375
0 0.55390625 0.0734375 0.02109375 0.14609375