0 0.3734375 0.12421875 0.03984375 0.23203125
0 0.796875 0.06953125 0.025 0.1390625
0 0.84921875 0.046875 0.0203125 0.09375
0 0.76875 0.0734375 0.025 0.146875
0 0.81484375 0.07578125 0.0265625 0.15078125
0 0.36796875 0.1046875 0.03359375 0.2
0 0.38046875 0.140625 0.04375 0.25859375
0 0.696875 0.078125 0.02421875 0.15625
0 0.72578125 0.08046875 0.02578125 0.1609375
0 0.7390625 0.134375 0.04140625 0.26796875
0 0.87421875 0.0484375 0.01953125 0.09609375
0 0.47734375 0.08203125 0.0265625 0.1640625
0 0.85703125 0.084375 0.0296875 0.16875
0 0.85390625 0.07265625 0.02734375 0.1453125
0 0.8609375 0.04453125 0.01875 0.0890625
0 0.51484375 0.084375 0.0234375 0.16875
0 0.8375 0.06875 0.02578125 0.13671875
0 0.56640625 0.06796875 0.01953125 0.1359375
0 0.29921875 0.20703125 0.06796875 0.36328125