0 0.85546875 0.07265625 0.02734375 0.1453125
0 0.15 0.1546875 0.05703125 0.2703125
0 0.68828125 0.05625 0.0171875 0.1125
0 0.734375 0.059375 0.0203125 0.11875
0 0.853125 0.146875 0.05 0.29375
0 0.85625 0.084375 0.03046875 0.16875
0 0.715625 0.0828125 0.0265625 0.165625
0 0.69375 0.059375 0.01953125 0.11875
0 0.84765625 0.06640625 0.0234375 0.1328125
0 0.80078125 0.07109375 0.025 0.14140625
0 0.1390625 0.2265625 0.08359375 0.3859375
0 0.76875 0.0734375 0.02578125 0.146875
0 0.8140625 0.07578125 0.0265625 0.15078125
0 0.70859375 0.0890625 0.0265625 0.178125