0 0.36328125 0.21875 0.0671875 0.3859375
0 0.51953125 0.171875 0.04609375 0.31875
0 0.1515625 0.15546875 0.0578125 0.27109375
0 0.7953125 0.06953125 0.025 0.1390625
0 0.9109375 0.04296875 0.01875 0.08515625
0 0.7015625 0.053125 0.01796875 0.10625
0 0.85703125 0.0734375 0.02734375 0.14609375
0 0.6328125 0.1703125 0.04609375 0.3203125
0 0.7171875 0.05703125 0.01875 0.1140625
0 0.81328125 0.07421875 0.0265625 0.1484375
0 0.853125 0.084375 0.03125 0.16875
0 0.99453125 0.14375 0.01015625 0.28671875
0 0.9515625 0.04296875 0.01953125 0.08515625
0 0.8359375 0.19453125 0.06171875 0.3703125
0 0.2796875 0.228125 0.07578125 0.39609375
0 0.7 0.05625 0.01875 0.1125
0 0.61875 0.0703125 0.02109375 0.140625
0 0.184375 0.284375 0.1015625 0.484375
0 0.84140625 0.06796875 0.025 0.13515625
0 0.6859375 0.084375 0.025 0.16875
0 0.7609375 0.0734375 0.025 0.14609375