0 0.81328125 0.075 0.0265625 0.15
0 0.45 0.10234375 0.03125 0.20078125
0 0.15703125 0.221875 0.08125 0.38046875
0 0.53046875 0.1390625 0.0375 0.26484375
0 0.67109375 0.05546875 0.01796875 0.11015625
0 0.79375 0.05 0.01953125 0.1
0 0.4125 0.10390625 0.0328125 0.20078125
0 0.82578125 0.04140625 0.01640625 0.08203125
0 0.821875 0.05234375 0.0203125 0.1046875
0 0.84140625 0.06796875 0.025 0.1359375
0 0.3 0.35078125 0.1125 0.5953125
0 0.8515625 0.08515625 0.03046875 0.1703125
0 0.80390625 0.07109375 0.025 0.14140625
0 0.17265625 0.17109375 0.0625 0.2984375
0 0.34921875 0.1890625 0.059375 0.33671875
0 0.7421875 0.04375 0.015625 0.0875
0 0.128125 0.18203125 0.06796875 0.31484375
0 0.85390625 0.07265625 0.0265625 0.1453125
0 0.284375 0.19375 0.0640625 0.340625
0 0.33828125 0.11640625 0.03828125 0.21796875
0 0.8609375 0.04296875 0.01796875 0.08515625
0 0.8421875 0.0453125 0.01796875 0.090625
0 0.82734375 0.04609375 0.0171875 0.0921875
0 0.5890625 0.134375 0.0359375 0.26015625
0 0.7796875 0.053125 0.01953125 0.10546875
0 0.6859375 0.084375 0.025 0.16875
0 0.82734375 0.04765625 0.01875 0.0953125
0 0.7640625 0.0734375 0.025 0.146875
0 0.7984375 0.05390625 0.01875 0.1078125