0 0.653125 0.0625 0.01953125 0.125
0 0.85234375 0.0421875 0.01796875 0.084375
0 0.409375 0.1609375 0.0484375 0.29375
0 0.74140625 0.0609375 0.02109375 0.121875
0 0.84453125 0.0859375 0.03046875 0.171875
0 0.69375 0.08515625 0.0265625 0.1703125
0 0.346875 0.13828125 0.04453125 0.25390625
0 0.5296875 0.07421875 0.02109375 0.1484375
0 0.76171875 0.0734375 0.025 0.14609375
0 0.83125 0.06875 0.025 0.13671875
0 0.70859375 0.046875 0.0171875 0.09375
0 0.78671875 0.05 0.01875 0.1
0 0.85234375 0.071875 0.0265625 0.14375
0 0.75 0.05078125 0.01796875 0.10078125
0 0.75078125 0.0625 0.02109375 0.125
0 0.79921875 0.07109375 0.025 0.14140625
0 0.51953125 0.11171875 0.03125 0.2203125
0 0.265625 0.13359375 0.04609375 0.24296875
0 0.57265625 0.1125 0.03046875 0.2234375
0 0.80625 0.075 0.0265625 0.15