0 0.80859375 0.075 0.0265625 0.15
0 0.55546875 0.10390625 0.0296875 0.2078125
0 0.98671875 0.0828125 0.02578125 0.165625
0 0.56875 0.08515625 0.0234375 0.1703125
0 0.484375 0.11171875 0.0328125 0.21796875
0 0.80546875 0.07109375 0.025 0.14140625
0 0.528125 0.1109375 0.03046875 0.21796875
0 0.76875 0.0734375 0.025 0.146875
0 0.675 0.05078125 0.0171875 0.10078125
0 0.85390625 0.07265625 0.0265625 0.1453125
0 0.70546875 0.053125 0.01796875 0.10625
0 0.85390625 0.084375 0.0296875 0.16875
0 0.753125 0.05078125 0.01796875 0.10078125
0 0.396875 0.13046875 0.03984375 0.24375
0 0.75703125 0.05234375 0.01875 0.1046875
0 0.49375 0.10078125 0.0296875 0.19921875
0 0.95 0.078125 0.03125 0.15625
0 0.63984375 0.0921875 0.02734375 0.184375
0 0.8328125 0.06875 0.025 0.13671875
0 0.75625 0.0859375 0.028125 0.17109375
0 0.67890625 0.053125 0.01796875 0.10546875
0 0.35625 0.1328125 0.0421875 0.2453125
0 0.853125 0.06328125 0.02421875 0.12578125
0 0.80859375 0.0640625 0.0234375 0.128125
0 0.64375 0.06796875 0.0203125 0.1359375
0 0.72421875 0.084375 0.0265625 0.16875