0 0.4546875 0.20625 0.0578125 0.36953125
0 0.81875 0.06953125 0.025 0.1390625
0 0.753125 0.04453125 0.015625 0.0890625
0 0.6890625 0.084375 0.02578125 0.16875
0 0.765625 0.078125 0.0265625 0.15625
0 0.7625 0.10546875 0.03359375 0.21015625
0 0.9390625 0.09296875 0.03515625 0.1859375
0 0.28515625 0.13828125 0.046875 0.25078125
0 0.34140625 0.1375 0.04453125 0.253125
0 0.56171875 0.2 0.05078125 0.36484375
0 0.5546875 0.31640625 0.0796875 0.553125
0 0.465625 0.1015625 0.03046875 0.19921875
0 0.80234375 0.084375 0.02890625 0.16875
0 0.7875 0.07109375 0.02421875 0.14140625
0 0.1796875 0.23359375 0.08359375 0.40078125
0 0.41328125 0.134375 0.040625 0.25
0 0.63046875 0.1875 0.05 0.346875
0 0.63203125 0.31953125 0.08203125 0.56171875
0 0.75703125 0.071875 0.0234375 0.14375
0 0.47734375 0.13125 0.0375 0.25