0 0.8125 0.0515625 0.01875 0.103125
0 0.79609375 0.05 0.01875 0.1
0 0.81171875 0.07421875 0.0265625 0.1484375
0 0.54140625 0.10546875 0.02890625 0.21015625
0 0.7921875 0.0703125 0.02421875 0.140625
0 0.2875 0.12265625 0.0421875 0.225
0 0.85546875 0.0859375 0.03046875 0.17109375
0 0.353125 0.11796875 0.03828125 0.22109375
0 0.0203125 0.32265625 0.040625 0.5359375
0 0.8421875 0.06796875 0.025 0.1359375
0 0.4328125 0.0890625 0.028125 0.178125
0 0.3859375 0.11796875 0.03671875 0.2234375
0 0.98671875 0.08359375 0.02578125 0.16640625
0 0.13125 0.15859375 0.059375 0.27578125
0 0.70390625 0.084375 0.0265625 0.16875
0 0.76328125 0.0734375 0.025 0.146875
0 0.7171875 0.046875 0.01640625 0.09375
0 0.43828125 0.18203125 0.05234375 0.32890625
0 0.85859375 0.071875 0.0265625 0.14375
0 0.2625 0.1984375 0.0671875 0.346875