0 0.428125 0.16640625 0.0484375 0.303125
0 0.22265625 0.2765625 0.0953125 0.47109375
0 0.32109375 0.2015625 0.06484375 0.35546875
0 0.03203125 0.26171875 0.06328125 0.4390625
0 0.1390625 0.25625 0.09453125 0.434375
0 0.90546875 0.1609375 0.05625 0.31875
0 0.64296875 0.1421875 0.03984375 0.275
0 0.40703125 0.10390625 0.03203125 0.2
0 0.7703125 0.05234375 0.01953125 0.1046875
0 0.69921875 0.084375 0.0265625 0.16875
0 0.7359375 0.0515625 0.01796875 0.103125
0 0.34296875 0.16640625 0.053125 0.29921875
0 0.51875 0.08359375 0.025 0.1671875
0 0.2484375 0.2078125 0.07109375 0.36171875
0 0.5078125 0.09140625 0.0265625 0.18203125