0 0.428125 0.16875 0.04921875 0.30859375
0 0.72890625 0.0875 0.02734375 0.175
0 0.71171875 0.08125 0.0265625 0.1625
0 0.85625 0.084375 0.03046875 0.16875
0 0.4953125 0.0828125 0.02421875 0.165625
0 0.95078125 0.1265625 0.046875 0.253125
0 0.35703125 0.121875 0.0390625 0.228125
0 0.76796875 0.05078125 0.01796875 0.1015625
0 0.8 0.0546875 0.0203125 0.109375
0 0.209375 0.14765625 0.05234375 0.26171875
0 0.865625 0.07265625 0.02734375 0.1453125
0 0.79921875 0.07109375 0.025 0.14140625
0 0.83828125 0.0671875 0.025 0.134375
0 0.76875 0.0734375 0.02578125 0.146875
0 0.8140625 0.07578125 0.0265625 0.15078125
0 0.7640625 0.05390625 0.01953125 0.10703125