0 0.69296875 0.05859375 0.01953125 0.11640625
0 0.38203125 0.203125 0.06171875 0.3609375
0 0.1515625 0.15546875 0.0578125 0.27109375
0 0.95234375 0.04296875 0.01953125 0.0859375
0 0.99375 0.153125 0.01171875 0.30546875
0 0.7953125 0.06953125 0.025 0.1390625
0 0.6859375 0.05390625 0.01796875 0.10703125
0 0.88203125 0.21875 0.071875 0.4109375
0 0.81328125 0.07421875 0.0265625 0.1484375
0 0.5234375 0.184375 0.0484375 0.33828125
0 0.12265625 0.25546875 0.09609375 0.43359375
0 0.92265625 0.04296875 0.01953125 0.08515625
0 0.853125 0.084375 0.03125 0.16875
0 0.609375 0.14765625 0.03984375 0.28203125
0 0.2125 0.2671875 0.09296875 0.45625
0 0.60859375 0.06875 0.0203125 0.13671875
0 0.85703125 0.0734375 0.02734375 0.14609375
0 0.84140625 0.06796875 0.025 0.13515625
0 0.6765625 0.05703125 0.01796875 0.1140625
0 0.30078125 0.2109375 0.06875 0.3703125
0 0.6859375 0.084375 0.025 0.16875
0 0.7609375 0.0734375 0.025 0.14609375