0 0.184375 0.1484375 0.05390625 0.26171875
0 0.52734375 0.190625 0.04921875 0.346875
0 0.48828125 0.56796875 0.21875 0.86171875
0 0.48515625 0.0828125 0.025 0.165625
0 0.971875 0.540625 0.05546875 0.91640625
0 0.08984375 0.16328125 0.06328125 0.28203125
0 0.07734375 0.19453125 0.07578125 0.33125
0 0.67265625 0.1125 0.03359375 0.225
0 0.48125 0.09140625 0.02734375 0.18203125
0 0.44140625 0.2015625 0.0578125 0.3609375
0 0.53671875 0.090625 0.02578125 0.18125
0 0.5765625 0.08046875 0.02265625 0.16015625
0 0.8546875 0.046875 0.01875 0.09375