0 0.165625 0.15390625 0.05703125 0.2703125
0 0.95234375 0.04140625 0.01875 0.08203125
0 0.85234375 0.0734375 0.02734375 0.14609375
0 0.76171875 0.0734375 0.025 0.14609375
0 0.115625 0.16484375 0.0625 0.28515625
0 0.76640625 0.04921875 0.01796875 0.0984375
0 0.73046875 0.04921875 0.01796875 0.0984375
0 0.85390625 0.0859375 0.03046875 0.17109375
0 0.82578125 0.04765625 0.01875 0.0953125
0 0.63515625 0.090625 0.02578125 0.18046875
0 0.74296875 0.046875 0.01640625 0.09375
0 0.96875 0.04140625 0.01875 0.0828125
0 0.38828125 0.11171875 0.03515625 0.21328125
0 0.51171875 0.16171875 0.04375 0.3
0 0.84140625 0.0453125 0.01796875 0.090625
0 0.73125 0.04453125 0.015625 0.0890625
0 0.8453125 0.06875 0.02578125 0.13671875
0 0.74765625 0.05 0.01796875 0.1
0 0.590625 0.09140625 0.02578125 0.18203125
0 0.63203125 0.0609375 0.01875 0.121875
0 0.19375 0.41015625 0.1453125 0.68671875
0 0.79921875 0.06953125 0.02421875 0.1390625
0 0.9984375 0.0484375 0.0015625 0.096875
0 0.8265625 0.04609375 0.01875 0.0921875
0 0.68828125 0.08515625 0.0265625 0.1703125
0 0.81171875 0.07421875 0.0265625 0.1484375
0 0.02890625 0.503125 0.0578125 0.8234375
0 0.33125 0.13125 0.04296875 0.24296875
0 0.66953125 0.0578125 0.01796875 0.115625
0 0.4234375 0.109375 0.03359375 0.2109375