0 0.3859375 0.2203125 0.06640625 0.3890625
0 0.0515625 0.38125 0.103125 0.63046875
0 0.8875 0.046875 0.01953125 0.09375
0 0.44375 0.11875 0.0359375 0.2265625
0 0.84609375 0.071875 0.0265625 0.14375
0 0.79140625 0.04453125 0.0171875 0.0890625
0 0.853125 0.08515625 0.03046875 0.1703125
0 0.7953125 0.06953125 0.025 0.1390625
0 0.14609375 0.15625 0.05859375 0.2734375
0 0.734375 0.04765625 0.0171875 0.0953125
0 0.81328125 0.07421875 0.0265625 0.1484375
0 0.30546875 0.2046875 0.06640625 0.359375
0 0.39921875 0.15078125 0.04609375 0.2765625
0 0.73828125 0.05 0.01796875 0.1
0 0.48203125 0.39453125 0.10546875 0.67578125
0 0.9171875 0.0453125 0.01953125 0.090625
0 0.840625 0.046875 0.01875 0.09375
0 0.93984375 0.046875 0.0203125 0.09375
0 0.05390625 0.2828125 0.1078125 0.4734375
0 0.396875 0.12421875 0.0390625 0.23359375
0 0.9125 0.04765625 0.01953125 0.0953125
0 0.84453125 0.0453125 0.01875 0.090625
0 0.83203125 0.04609375 0.0171875 0.0921875
0 0.334375 0.1515625 0.04921875 0.275
0 0.84140625 0.06796875 0.025 0.13515625
0 0.49453125 0.09140625 0.0265625 0.1828125
0 0.6859375 0.084375 0.025 0.16875
0 0.7609375 0.0734375 0.025 0.14609375