0 0.6984375 0.084375 0.025 0.16875
0 0.846875 0.0859375 0.03046875 0.17109375
0 0.20078125 0.30078125 0.10546875 0.51015625
0 0.59375 0.071875 0.021875 0.14375
0 0.58359375 0.06875 0.01953125 0.13671875
0 0.65234375 0.084375 0.025 0.16875
0 0.55546875 0.071875 0.01953125 0.14375
0 0.1484375 0.1546875 0.0578125 0.2703125
0 0.85234375 0.07265625 0.02734375 0.1453125
0 0.76875 0.0734375 0.02578125 0.146875
0 0.8140625 0.07578125 0.0265625 0.15078125
0 0.7984375 0.07109375 0.025 0.14140625
0 0.8421875 0.0671875 0.02421875 0.134375