0 0.7 0.084375 0.0265625 0.16875
0 0.70390625 0.05625 0.01875 0.11171875
0 0.303125 0.165625 0.0546875 0.29609375
0 0.9671875 0.209375 0.0640625 0.4
0 0.05234375 0.3109375 0.1046875 0.51875
0 0.6484375 0.05546875 0.01796875 0.11015625
0 0.421875 0.0921875 0.02890625 0.18203125
0 0.41484375 0.19453125 0.05703125 0.3484375
0 0.46953125 0.0859375 0.02578125 0.171875
0 0.4390625 0.13359375 0.0390625 0.25
0 0.4203125 0.15703125 0.04609375 0.28828125
0 0.28359375 0.1765625 0.05859375 0.31171875
0 0.09609375 0.17890625 0.06875 0.30703125
0 0.4453125 0.16875 0.0484375 0.30703125
0 0.17578125 0.18828125 0.06796875 0.3265625
0 0.35703125 0.13515625 0.04375 0.25