0 0.165625 0.15390625 0.05703125 0.2703125
0 0.31015625 0.146875 0.0484375 0.265625
0 0.76171875 0.0734375 0.025 0.14609375
0 0.70859375 0.05625 0.01875 0.11171875
0 0.58359375 0.1 0.02734375 0.2
0 0.84140625 0.0453125 0.01796875 0.090625
0 0.75859375 0.04375 0.01640625 0.08671875
0 0.76796875 0.046875 0.0171875 0.09375
0 0.67578125 0.059375 0.0203125 0.11875
0 0.85625 0.08515625 0.03046875 0.1703125
0 0.38515625 0.1265625 0.03984375 0.2359375
0 0.7859375 0.046875 0.01796875 0.09375
0 0.8265625 0.04609375 0.01875 0.0921875
0 0.77109375 0.04453125 0.0171875 0.0890625
0 0.0828125 0.53203125 0.16484375 0.875
0 0.8453125 0.06875 0.02578125 0.13671875
0 0.7453125 0.04609375 0.015625 0.0921875
0 0.5015625 0.1921875 0.0515625 0.34921875
0 0.98984375 0.03984375 0.01875 0.0796875
0 0.79921875 0.06953125 0.02421875 0.1390625
0 0.84921875 0.071875 0.02578125 0.14375
0 0.41171875 0.121875 0.0375 0.23125
0 0.634375 0.1 0.02890625 0.2
0 0.82734375 0.04765625 0.01875 0.0953125
0 0.81171875 0.07421875 0.0265625 0.1484375
0 0.65859375 0.05859375 0.01875 0.11640625
0 0.69765625 0.05390625 0.01796875 0.10703125
0 0.68828125 0.08515625 0.0265625 0.1703125
0 0.11640625 0.165625 0.0625 0.2859375