0 0.79140625 0.04921875 0.01796875 0.0984375
0 0.79140625 0.0515625 0.01953125 0.103125
0 0.76796875 0.0734375 0.025 0.146875
0 0.2625 0.1390625 0.04765625 0.25
0 0.353125 0.1046875 0.03515625 0.2
0 0.83984375 0.06796875 0.025 0.1359375
0 0.95234375 0.1265625 0.046875 0.253125
0 0.70703125 0.08046875 0.02578125 0.16015625
0 0.51640625 0.15078125 0.04140625 0.28359375
0 0.85625 0.084375 0.03046875 0.16875
0 0.853125 0.07265625 0.0265625 0.1453125
0 0.80078125 0.07109375 0.025 0.14140625
0 0.503125 0.08359375 0.025 0.16640625
0 0.8140625 0.07578125 0.0265625 0.15078125
0 0.821875 0.053125 0.01953125 0.10546875
0 0.73203125 0.084375 0.0265625 0.16875
0 0.3515625 0.13828125 0.04453125 0.2546875