0 0.88828125 0.14140625 0.04921875 0.28203125
0 0.15 0.1546875 0.05703125 0.2703125
0 0.84765625 0.06640625 0.0234375 0.1328125
0 0.70859375 0.0546875 0.01875 0.109375
0 0.85625 0.084375 0.03046875 0.16875
0 0.86015625 0.07265625 0.02734375 0.1453125
0 0.715625 0.08203125 0.025 0.1640625
0 0.70859375 0.05859375 0.01953125 0.11640625
0 0.74921875 0.0578125 0.0203125 0.115625
0 0.80078125 0.07109375 0.025 0.14140625
0 0.2234375 0.209375 0.07265625 0.36328125
0 0.76875 0.0734375 0.02578125 0.146875
0 0.8140625 0.07578125 0.0265625 0.15078125
0 0.70859375 0.0890625 0.0265625 0.178125