0 0.78359375 0.0828125 0.028125 0.165625
0 0.4046875 0.11640625 0.03671875 0.22109375
0 0.546875 0.15546875 0.040625 0.29140625
0 0.9890625 0.240625 0.0203125 0.453125
0 0.30859375 0.1421875 0.04765625 0.25859375
0 0.25625 0.159375 0.0546875 0.28359375
0 0.4484375 0.196875 0.05546875 0.3546875
0 0.92109375 0.10703125 0.0390625 0.2140625
0 0.75390625 0.1453125 0.0453125 0.28515625
0 0.8421875 0.0859375 0.03046875 0.171875
0 0.925 0.1109375 0.040625 0.221875
0 0.4859375 0.09375 0.028125 0.1875
0 0.65625 0.178125 0.0484375 0.33359375
0 0.4859375 0.14140625 0.03984375 0.26640625
0 0.346875 0.12109375 0.03984375 0.22578125
0 0.77265625 0.0546875 0.01953125 0.109375
0 0.79140625 0.26171875 0.07890625 0.47578125
0 0.39296875 0.1421875 0.04375 0.26171875
0 0.66171875 0.15625 0.04375 0.3
0 0.7609375 0.053125 0.01953125 0.10546875
0 0.63828125 0.16328125 0.04453125 0.309375
0 0.453125 0.14375 0.04140625 0.26875
0 0.65 0.12265625 0.03515625 0.24375
0 0.48359375 0.12109375 0.03515625 0.23203125
0 0.5984375 0.1546875 0.040625 0.29296875
0 0.77734375 0.05078125 0.01875 0.1015625