0 0.56171875 0.30078125 0.07578125 0.5265625
0 0.46875 0.1 0.03046875 0.1984375
0 0.70625 0.2359375 0.06640625 0.4296875
0 0.61171875 0.0625 0.01875 0.125
0 0.23203125 0.2796875 0.09609375 0.478125
0 0.53671875 0.13046875 0.03515625 0.25078125
0 0.43359375 0.18203125 0.053125 0.3296875
0 0.46171875 0.1328125 0.03828125 0.25078125
0 0.11171875 0.28828125 0.10859375 0.4859375
0 0.46796875 0.10703125 0.03203125 0.209375
0 0.509375 0.0984375 0.028125 0.19609375
0 0.08671875 0.16953125 0.065625 0.290625
0 0.11875 0.16328125 0.06171875 0.28359375
0 0.40546875 0.31953125 0.09296875 0.55078125
0 0.51484375 0.1859375 0.04921875 0.33984375
0 0.30859375 0.24453125 0.07890625 0.425