0 0.78203125 0.0640625 0.0234375 0.128125
0 0.85546875 0.04296875 0.01796875 0.0859375
0 0.403125 0.12578125 0.0390625 0.23671875
0 0.36015625 0.1140625 0.03671875 0.21484375
0 0.43671875 0.13359375 0.03984375 0.25
0 0.45625 0.08984375 0.02734375 0.1796875
0 0.42109375 0.09296875 0.02890625 0.184375
0 0.725 0.0484375 0.0171875 0.096875
0 0.5 0.12421875 0.03515625 0.23984375
0 0.01875 0.51796875 0.0375 0.84609375
0 0.15078125 0.478125 0.17578125 0.79296875
0 0.0671875 0.1734375 0.06796875 0.296875
0 0.7546875 0.06640625 0.021875 0.1328125
0 0.1390625 0.16328125 0.0609375 0.28359375
0 0.5921875 0.0984375 0.02734375 0.196875
0 0.70859375 0.215625 0.0609375 0.396875
0 0.6578125 0.07734375 0.0234375 0.1546875
0 0.53359375 0.103125 0.02890625 0.20625
0 0.69453125 0.10625 0.0328125 0.2125
0 0.04296875 0.35234375 0.0859375 0.5859375