0 0.55 0.15390625 0.03984375 0.28984375
0 0.41640625 0.1203125 0.03671875 0.228125
0 0.9890625 0.56171875 0.02109375 0.87421875
0 0.7796875 0.0703125 0.02421875 0.140625
0 0.765625 0.078125 0.0265625 0.15625
0 0.815625 0.06953125 0.025 0.1390625
0 0.35625 0.10546875 0.03515625 0.2015625
0 0.50078125 0.15703125 0.04296875 0.29296875
0 0.878125 0.04375 0.01796875 0.08671875
0 0.89375 0.04375 0.01875 0.0875
0 0.7 0.08359375 0.025 0.1671875
0 0.23359375 0.3171875 0.10859375 0.53828125
0 0.31015625 0.34140625 0.10859375 0.58046875
0 0.6125 0.1015625 0.02890625 0.203125
0 0.5140625 0.10625 0.03046875 0.21015625
0 0.4734375 0.11953125 0.03515625 0.2296875
0 0.06328125 0.359375 0.1265625 0.59921875
0 0.23125 0.19453125 0.0671875 0.33984375
0 0.75390625 0.071875 0.0234375 0.14375
0 0.79296875 0.16875 0.053125 0.3265625
0 0.65390625 0.096875 0.02890625 0.19375
0 0.60390625 0.0859375 0.02421875 0.171875