0 0.42109375 0.165625 0.04921875 0.30078125
0 0.85 0.084375 0.03125 0.16875
0 0.3859375 0.10859375 0.03515625 0.20859375
0 0.76640625 0.05078125 0.01875 0.10078125
0 0.0453125 0.3140625 0.08984375 0.5234375
0 0.6984375 0.08515625 0.0265625 0.1703125
0 0.50390625 0.1078125 0.03046875 0.21171875
0 0.790625 0.0703125 0.02421875 0.140625
0 0.83125 0.06875 0.025 0.13671875
0 0.70859375 0.046875 0.0171875 0.09375
0 0.76328125 0.0734375 0.025 0.146875
0 0.6453125 0.1953125 0.05234375 0.3609375
0 0.81328125 0.075 0.0265625 0.15
0 0.85234375 0.071875 0.0265625 0.14375
0 0.534375 0.0734375 0.02109375 0.146875
0 0.99453125 0.03984375 0.01015625 0.0796875
0 0.37734375 0.20625 0.06328125 0.36640625
0 0.72265625 0.12265625 0.0375 0.2453125
0 0.66640625 0.05390625 0.0171875 0.10703125