0 0.05234375 0.3234375 0.10390625 0.5390625
0 0.4265625 0.15625 0.04609375 0.2859375
0 0.95859375 0.42578125 0.08203125 0.75
0 0.1375 0.16328125 0.0609375 0.284375
0 0.753125 0.0515625 0.01875 0.103125
0 0.178125 0.14921875 0.0546875 0.2640625
0 0.59921875 0.33984375 0.08515625 0.59296875
0 0.86015625 0.04140625 0.0171875 0.0828125
0 0.3953125 0.4171875 0.12265625 0.70859375
0 0.5734375 0.09921875 0.02734375 0.1984375
0 0.53125 0.15078125 0.03984375 0.28359375
0 0.91171875 0.31328125 0.10234375 0.565625
0 0.08125 0.16796875 0.06484375 0.2890625
0 0.68046875 0.31796875 0.08515625 0.56171875
0 0.52734375 0.08125 0.0234375 0.1625