0 0.16015625 0.4765625 0.17421875 0.79140625
0 0.8640625 0.28671875 0.09140625 0.5203125
0 0.415625 0.1046875 0.0328125 0.2015625
0 0.30234375 0.14453125 0.04765625 0.26171875
0 0.346875 0.25859375 0.0796875 0.4484375
0 0.37578125 0.5640625 0.2234375 0.8703125
0 0.884375 0.04375 0.01875 0.0875
0 0.4140625 0.15546875 0.04609375 0.284375
0 0.3328125 0.13828125 0.0453125 0.253125
0 0.109375 0.16328125 0.0625 0.28203125
0 0.4171875 0.1375 0.04140625 0.25625
0 0.92109375 0.10625 0.0390625 0.2125
0 0.28984375 0.196875 0.06484375 0.34609375
0 0.52578125 0.11171875 0.03125 0.2203125
0 0.73125 0.3140625 0.08828125 0.55703125
0 0.90703125 0.11171875 0.040625 0.2234375