0 0.84375 0.16796875 0.05546875 0.32578125
0 0.57890625 0.11328125 0.03046875 0.22421875
0 0.6984375 0.23359375 0.06484375 0.4265625
0 0.453125 0.16640625 0.04765625 0.3046875
0 0.66328125 0.1875 0.0515625 0.34921875
0 0.84921875 0.22890625 0.07265625 0.4265625
0 0.40546875 0.165625 0.04921875 0.30078125
0 0.11015625 0.225 0.08515625 0.38359375
0 0.0953125 0.16171875 0.06171875 0.27890625
0 0.5859375 0.25 0.06328125 0.44609375
0 0.7 0.18046875 0.0515625 0.340625
0 0.10078125 0.1671875 0.0640625 0.28828125
0 0.390625 0.26796875 0.0796875 0.46640625
0 0.4953125 0.24453125 0.06484375 0.43359375
0 0.4015625 0.14140625 0.04296875 0.26171875
0 0.63046875 0.06875 0.02109375 0.13671875