0 0.11953125 0.4859375 0.18359375 0.8046875
0 0.684375 0.084375 0.025 0.16875
0 0.1671875 0.15234375 0.05546875 0.26796875
0 0.7515625 0.0703125 0.02421875 0.140625
0 0.9609375 0.0484375 0.02109375 0.09609375
0 0.81328125 0.07421875 0.0265625 0.1484375
0 0.296875 0.20625 0.0671875 0.36171875
0 0.8234375 0.046875 0.01796875 0.09375
0 0.84375 0.0453125 0.01796875 0.090625
0 0.82421875 0.05234375 0.01953125 0.1046875
0 0.1171875 0.16171875 0.06171875 0.28046875
0 0.0421875 0.4109375 0.08359375 0.678125
0 0.428125 0.10859375 0.03359375 0.21015625
0 0.04296875 0.2609375 0.08515625 0.43671875
0 0.6515625 0.05625 0.01875 0.1125
0 0.66796875 0.2484375 0.06640625 0.4484375
0 0.91171875 0.0453125 0.01953125 0.090625
0 0.81875 0.0484375 0.01875 0.096875
0 0.43359375 0.13359375 0.03984375 0.25
0 0.69765625 0.1484375 0.04296875 0.28828125
0 0.79296875 0.0515625 0.0203125 0.103125
0 0.3875 0.1359375 0.0421875 0.2515625
0 0.81484375 0.25625 0.078125 0.46875
0 0.79765625 0.0703125 0.025 0.140625
0 0.8625 0.07421875 0.02734375 0.1484375
0 0.59765625 0.24609375 0.06171875 0.44140625
0 0.72734375 0.05546875 0.01875 0.11015625
0 0.93515625 0.04609375 0.0203125 0.0921875
0 0.75859375 0.078125 0.02578125 0.15625
0 0.84140625 0.06953125 0.0265625 0.1390625