0 0.36015625 0.31796875 0.096875 0.5453125
0 0.1875 0.209375 0.075 0.3609375
0 0.60625 0.128125 0.03515625 0.25078125
0 0.12265625 0.17578125 0.06640625 0.30390625
0 0.45703125 0.0984375 0.03046875 0.1953125
0 0.3546875 0.109375 0.0359375 0.20703125
0 0.40625 0.1 0.03203125 0.19453125
0 0.16484375 0.165625 0.06015625 0.2890625
0 0.84140625 0.06796875 0.025 0.1359375
0 0.8421875 0.0453125 0.01796875 0.090625
0 0.8515625 0.08515625 0.03046875 0.1703125
0 0.80390625 0.07109375 0.025 0.14140625
0 0.8328125 0.04296875 0.0171875 0.08515625
0 0.653125 0.05546875 0.0171875 0.11015625
0 0.771875 0.05078125 0.01875 0.10078125
0 0.5453125 0.1328125 0.03515625 0.2546875
0 0.85390625 0.07265625 0.0265625 0.1453125
0 0.365625 0.17265625 0.05390625 0.31015625
0 0.76015625 0.05390625 0.0203125 0.1078125
0 0.8171875 0.075 0.0265625 0.15
0 0.72734375 0.04453125 0.015625 0.0890625
0 0.78125 0.05546875 0.0203125 0.11015625
0 0.86015625 0.04296875 0.01796875 0.08515625
0 0.82734375 0.04609375 0.0171875 0.0921875
0 0.6859375 0.084375 0.025 0.16875
0 0.82734375 0.04765625 0.01875 0.0953125
0 0.7640625 0.0734375 0.025 0.146875
0 0.815625 0.04140625 0.015625 0.0828125
0 0.31171875 0.17890625 0.05859375 0.31875
0 0.79921875 0.0515625 0.0203125 0.103125