0 0.409375 0.09921875 0.03203125 0.19296875
0 0.47265625 0.096875 0.02890625 0.19296875
0 0.08046875 0.17578125 0.06796875 0.3015625
0 0.425 0.12265625 0.0375 0.23203125
0 0.82734375 0.2703125 0.08359375 0.49296875
0 0.9859375 0.11328125 0.02734375 0.22578125
0 0.3296875 0.16328125 0.05234375 0.29375
0 0.278125 0.1765625 0.05859375 0.31171875
0 0.54609375 0.128125 0.034375 0.246875
0 0.6625 0.23515625 0.06328125 0.42578125
0 0.13203125 0.159375 0.06015625 0.278125
0 0.3875 0.2 0.06015625 0.35546875
0 0.3515625 0.18046875 0.05703125 0.321875
0 0.471875 0.11953125 0.034375 0.2296875