0 0.184375 0.1484375 0.05390625 0.26171875
0 0.73671875 0.08125 0.0265625 0.1625
0 0.47578125 0.0984375 0.02890625 0.1953125
0 0.5828125 0.4171875 0.10546875 0.715625
0 0.4265625 0.096875 0.03046875 0.18984375
0 0.703125 0.17421875 0.05078125 0.33046875
0 0.55234375 0.14296875 0.0375 0.27109375
0 0.7859375 0.38203125 0.11171875 0.66953125
0 0.16875 0.25078125 0.090625 0.4265625
0 0.71796875 0.07578125 0.02421875 0.15078125
0 0.634375 0.1234375 0.03515625 0.24453125
0 0.50546875 0.09453125 0.02734375 0.1890625
0 0.53203125 0.09296875 0.02578125 0.18515625
0 0.0875 0.16328125 0.06328125 0.28125
0 0.76953125 0.04453125 0.0171875 0.0890625