0 0.76875 0.0546875 0.01953125 0.109375
0 0.8578125 0.07421875 0.028125 0.1484375
0 0.78515625 0.04921875 0.0171875 0.0984375
0 0.8359375 0.06875 0.025 0.1375
0 0.31875 0.171875 0.05546875 0.30703125
0 0.68828125 0.084375 0.0265625 0.16875
0 0.69921875 0.046875 0.01640625 0.09375
0 0.4109375 0.190625 0.05703125 0.34296875
0 0.76953125 0.046875 0.0171875 0.09375
0 0.7046875 0.0515625 0.01875 0.103125
0 0.928125 0.11953125 0.04375 0.2390625
0 0.67421875 0.06171875 0.01953125 0.1234375
0 0.79453125 0.05625 0.02109375 0.11171875
0 0.5671875 0.16328125 0.0421875 0.30546875
0 0.76484375 0.078125 0.0265625 0.15625
0 0.73359375 0.05 0.01796875 0.1
0 0.4453125 0.2046875 0.05859375 0.36640625
0 0.74765625 0.05390625 0.01875 0.10703125
0 0.7140625 0.06171875 0.0203125 0.1234375
0 0.696875 0.05078125 0.0171875 0.1015625
0 0.321875 0.14375 0.04765625 0.26171875
0 0.60859375 0.13359375 0.0359375 0.26015625
0 0.81484375 0.0765625 0.02734375 0.153125
0 0.6609375 0.1359375 0.03828125 0.265625
0 0.71484375 0.140625 0.0421875 0.27578125
0 0.25 0.16875 0.0578125 0.2984375
0 0.79921875 0.0703125 0.025 0.140625
0 0.75078125 0.07109375 0.02421875 0.14140625
0 0.48203125 0.11015625 0.03203125 0.21484375
0 0.15 0.16640625 0.06171875 0.28984375
0 0.12890625 0.215625 0.08046875 0.36875
0 0.7890625 0.04765625 0.01796875 0.0953125
0 0.64921875 0.26875 0.07109375 0.48046875
0 0.7171875 0.0484375 0.01640625 0.096875