0 0.9125 0.04140625 0.01875 0.0828125
0 0.934375 0.0421875 0.01953125 0.084375
0 0.96328125 0.0578125 0.025 0.115625
0 0.01953125 0.3234375 0.03828125 0.53515625
0 0.85078125 0.0859375 0.03046875 0.17109375
0 0.4578125 0.240625 0.0671875 0.42578125
0 0.5328125 0.0734375 0.02109375 0.146875
0 0.8421875 0.06796875 0.025 0.1359375
0 0.63671875 0.12109375 0.03359375 0.23984375
0 0.43046875 0.11015625 0.03359375 0.21328125
0 0.81328125 0.07421875 0.0265625 0.1484375
0 0.98984375 0.0625 0.01953125 0.125
0 0.17890625 0.20703125 0.07421875 0.35625
0 0.25703125 0.19921875 0.06796875 0.3484375
0 0.70390625 0.084375 0.0265625 0.16875
0 0.76328125 0.0734375 0.025 0.146875
0 0.70859375 0.046875 0.0171875 0.09375
0 0.30546875 0.196875 0.0640625 0.3484375
0 0.85546875 0.071875 0.0265625 0.14375
0 0.13125 0.15859375 0.059375 0.27578125
0 0.79375 0.0703125 0.025 0.140625