0 0.4828125 0.11171875 0.03203125 0.21796875
0 0.85703125 0.084375 0.0296875 0.16875
0 0.825 0.04296875 0.01796875 0.0859375
0 0.2734375 0.14140625 0.0484375 0.25546875
0 0.84765625 0.10078125 0.03515625 0.20078125
0 0.49609375 0.10078125 0.0296875 0.19921875
0 0.7953125 0.06953125 0.025 0.1390625
0 0.83203125 0.06875 0.025 0.13671875
0 0.2453125 0.234375 0.0796875 0.4046875
0 0.75546875 0.0859375 0.028125 0.17109375
0 0.32890625 0.228125 0.071875 0.39921875
0 0.8109375 0.07578125 0.0265625 0.15078125
0 0.5265625 0.11171875 0.03125 0.21953125
0 0.834375 0.04453125 0.01796875 0.0890625
0 0.5609375 0.1046875 0.02890625 0.209375
0 0.928125 0.06953125 0.02734375 0.1390625
0 0.66484375 0.065625 0.02109375 0.13046875
0 0.76484375 0.0734375 0.025 0.14609375
0 0.96015625 0.1109375 0.04140625 0.22109375
0 0.29375 0.1484375 0.04921875 0.26796875
0 0.99609375 0.06875 0.00703125 0.13671875
0 0.846875 0.07265625 0.0265625 0.1453125
0 0.67890625 0.06640625 0.0203125 0.1328125
0 0.721875 0.084375 0.02734375 0.16875