0 0.62578125 0.14296875 0.0390625 0.27421875
0 0.12421875 0.17109375 0.06484375 0.2953125
0 0.18828125 0.165625 0.059375 0.28984375
0 0.49921875 0.1984375 0.053125 0.36015625
0 0.5234375 0.1015625 0.028125 0.203125
0 0.6578125 0.1796875 0.04921875 0.33671875
0 0.4390625 0.134375 0.03984375 0.2515625
0 0.7421875 0.1375 0.0421875 0.2734375
0 0.08359375 0.16328125 0.06328125 0.28125
0 0.6171875 0.065625 0.01953125 0.13046875
0 0.409375 0.203125 0.06015625 0.36171875
0 0.55703125 0.2015625 0.05078125 0.36796875
0 0.590625 0.159375 0.04140625 0.3
0 0.98125 0.05625 0.02421875 0.11171875
0 0.759375 0.18125 0.0546875 0.34375
0 0.4703125 0.1359375 0.0390625 0.25703125
0 0.409375 0.11953125 0.03671875 0.22578125