0 0.39453125 0.1109375 0.03515625 0.21171875
0 0.83203125 0.08359375 0.0296875 0.1671875
0 0.93125 0.30625 0.1015625 0.55546875
0 0.43359375 0.13203125 0.03984375 0.2484375
0 0.740625 0.0640625 0.02109375 0.128125
0 0.78125 0.2890625 0.08515625 0.51953125
0 0.0171875 0.38671875 0.034375 0.6390625
0 0.7203125 0.05078125 0.01796875 0.1015625
0 0.34609375 0.16328125 0.05234375 0.29453125
0 0.70625 0.0734375 0.02421875 0.146875
0 0.75390625 0.06875 0.0234375 0.13671875
0 0.74453125 0.053125 0.01875 0.10546875
0 0.41953125 0.10390625 0.03203125 0.2015625
0 0.45625 0.15234375 0.04375 0.28203125
0 0.48046875 0.10234375 0.03046875 0.203125
0 0.72890625 0.428125 0.11875 0.74140625
0 0.584375 0.09140625 0.025 0.1828125
0 0.50703125 0.09140625 0.0265625 0.1828125
0 0.69765625 0.08359375 0.02578125 0.16640625
0 0.5078125 0.15078125 0.04140625 0.28203125