0 0.43046875 0.39609375 0.11171875 0.675
0 0.82890625 0.34921875 0.10625 0.61875
0 0.6453125 0.06171875 0.01953125 0.1234375
0 0.65390625 0.384375 0.1 0.66796875
0 0.76953125 0.046875 0.0171875 0.09375
0 0.47421875 0.0984375 0.02890625 0.19453125
0 0.8515625 0.2390625 0.07578125 0.44375
0 0.66953125 0.059375 0.01875 0.11875
0 0.43203125 0.10234375 0.03125 0.19921875
0 0.32734375 0.23203125 0.0734375 0.40546875
0 0.634375 0.13828125 0.03828125 0.26875
0 0.79453125 0.259375 0.07734375 0.471875
0 0.6390625 0.071875 0.02109375 0.14375
0 0.5578125 0.0890625 0.025 0.178125
0 0.9609375 0.3703125 0.07734375 0.6609375
0 0.24921875 0.43671875 0.14765625 0.73125
0 0.1265625 0.1640625 0.06171875 0.2859375
0 0.35703125 0.18359375 0.05703125 0.32890625
0 0.415625 0.23359375 0.06796875 0.4109375
0 0.05625 0.1734375 0.06796875 0.296875