0 0.921875 0.10625 0.0390625 0.21171875
0 0.1578125 0.51328125 0.18828125 0.85078125
0 0.17109375 0.1671875 0.0609375 0.29140625
0 0.98984375 0.040625 0.01875 0.08125
0 0.33515625 0.1359375 0.04453125 0.24921875
0 0.775 0.05390625 0.01953125 0.10703125
0 0.31875 0.121875 0.040625 0.225
0 0.32265625 0.14296875 0.046875 0.26015625
0 0.5609375 0.16875 0.04375 0.31328125
0 0.30703125 0.5453125 0.17578125 0.90703125
0 0.99140625 0.04921875 0.01640625 0.0984375
0 0.61171875 0.24921875 0.06328125 0.44609375
0 0.9265625 0.11328125 0.04140625 0.22578125
0 0.41484375 0.140625 0.04296875 0.2609375
0 0.63515625 0.16796875 0.0453125 0.31796875
0 0.44921875 0.12265625 0.03671875 0.234375
0 0.396875 0.13359375 0.04140625 0.2484375
0 0.96484375 0.0484375 0.021875 0.09609375
0 0.06171875 0.38125 0.12265625 0.63203125
0 0.48984375 0.14453125 0.040625 0.27109375
0 0.06484375 0.465625 0.12890625 0.76796875