0 0.42109375 0.0984375 0.03046875 0.19296875
0 0.81953125 0.04296875 0.0171875 0.08515625
0 0.684375 0.084375 0.025 0.16875
0 0.80234375 0.0421875 0.01640625 0.084375
0 0.40546875 0.11796875 0.03671875 0.2234375
0 0.228125 0.38359375 0.13203125 0.6453125
0 0.7515625 0.0703125 0.02421875 0.140625
0 0.03203125 0.3671875 0.0640625 0.60625
0 0.4421875 0.115625 0.03515625 0.221875
0 0.8453125 0.0453125 0.01796875 0.090625
0 0.75703125 0.078125 0.02578125 0.15625
0 0.92578125 0.04921875 0.0203125 0.0984375
0 0.81328125 0.07421875 0.0265625 0.1484375
0 0.67265625 0.21171875 0.0578125 0.38984375
0 0.1171875 0.16171875 0.06171875 0.28046875
0 0.14453125 0.3390625 0.12421875 0.56875
0 0.5984375 0.21484375 0.0546875 0.390625
0 0.81015625 0.046875 0.01796875 0.09375
0 0.1671875 0.15234375 0.05546875 0.26796875
0 0.778125 0.21328125 0.06484375 0.396875
0 0.88203125 0.046875 0.0203125 0.09375
0 0.8125 0.053125 0.0203125 0.10625
0 0.81875 0.0484375 0.01875 0.096875
0 0.78515625 0.05234375 0.01953125 0.1046875
0 0.6796875 0.05625 0.01875 0.1125
0 0.63984375 0.12734375 0.0359375 0.25078125
0 0.9015625 0.0484375 0.0203125 0.096875
0 0.79765625 0.0703125 0.025 0.140625
0 0.8625 0.07421875 0.02734375 0.1484375
0 0.3578125 0.17890625 0.05546875 0.32109375
0 0.0875 0.5484375 0.175 0.90078125