0 0.90625 0.04921875 0.0203125 0.0984375
0 0.76640625 0.0734375 0.025 0.146875
0 0.740625 0.04453125 0.015625 0.0890625
0 0.40859375 0.534375 0.15546875 0.896875
0 0.840625 0.046875 0.01875 0.09375
0 0.05234375 0.30390625 0.10390625 0.50859375
0 0.46796875 0.18828125 0.05234375 0.340625
0 0.84140625 0.06796875 0.025 0.1359375
0 0.8515625 0.08515625 0.03046875 0.1703125
0 0.13046875 0.23828125 0.08828125 0.40625
0 0.8296875 0.04609375 0.01875 0.0921875
0 0.003125 0.35234375 0.00625 0.58046875
0 0.42265625 0.13515625 0.040625 0.2515625
0 0.44375 0.10625 0.03203125 0.20625
0 0.365625 0.134375 0.04296875 0.24921875
0 0.875 0.05 0.0203125 0.1
0 0.7046875 0.053125 0.01796875 0.10546875
0 0.375 0.18671875 0.05703125 0.33515625
0 0.84453125 0.0453125 0.01875 0.090625
0 0.8859375 0.04765625 0.01953125 0.0953125
0 0.75703125 0.046875 0.0171875 0.09375
0 0.68828125 0.084375 0.0265625 0.16875
0 0.86171875 0.04921875 0.01953125 0.0984375
0 0.16484375 0.153125 0.05625 0.26875
0 0.15390625 0.296875 0.10859375 0.5015625
0 0.80390625 0.07109375 0.025 0.14140625
0 0.0234375 0.25546875 0.046875 0.4265625
0 0.4140625 0.109375 0.034375 0.21015625
0 0.8140625 0.075 0.0265625 0.15
0 0.846875 0.07265625 0.0265625 0.1453125
0 0.69609375 0.05 0.01640625 0.1