0 0.8390625 0.06875 0.025 0.1375
0 0.13203125 0.259375 0.09609375 0.4390625
0 0.4359375 0.09609375 0.0296875 0.18984375
0 0.503125 0.09609375 0.028125 0.1921875
0 0.478125 0.09921875 0.0296875 0.19609375
0 0.71953125 0.0828125 0.0265625 0.165625
0 0.76875 0.0734375 0.025 0.146875
0 0.81484375 0.07578125 0.0265625 0.15078125
0 0.59765625 0.09921875 0.02734375 0.1984375
0 0.8 0.0703125 0.025 0.140625
0 0.8984375 0.04140625 0.01796875 0.08203125
0 0.328125 0.18359375 0.05859375 0.3265625
0 0.85703125 0.084375 0.0296875 0.16875
0 0.85390625 0.07265625 0.02734375 0.1453125
0 0.753125 0.084375 0.02734375 0.16875
0 0.93203125 0.04296875 0.01953125 0.08515625
0 0.59375 0.06953125 0.01953125 0.1390625
0 0.54453125 0.09921875 0.0265625 0.1984375