0 0.7515625 0.053125 0.01953125 0.10625
0 0.275 0.246875 0.08203125 0.428125
0 0.33515625 0.159375 0.05078125 0.28671875
0 0.43671875 0.15390625 0.0453125 0.284375
0 0.18046875 0.2328125 0.08359375 0.39921875
0 0.50625 0.08984375 0.0265625 0.1796875
0 0.5984375 0.1515625 0.03984375 0.2890625
0 0.7171875 0.053125 0.01796875 0.10546875
0 0.3390625 0.184375 0.05859375 0.32890625
0 0.69921875 0.084375 0.0265625 0.16875
0 0.05390625 0.24296875 0.09609375 0.41015625
0 0.41328125 0.0984375 0.03125 0.19296875
0 0.003125 0.22734375 0.00625 0.37890625
0 0.91953125 0.17109375 0.06015625 0.33671875
0 0.26484375 0.1953125 0.065625 0.34296875