0 0.4640625 0.1203125 0.03515625 0.23125
0 0.24921875 0.234375 0.07890625 0.40546875
0 0.653125 0.396875 0.10234375 0.68671875
0 0.50078125 0.121875 0.03515625 0.23515625
0 0.1546875 0.24140625 0.08828125 0.41328125
0 0.45703125 0.0890625 0.0265625 0.178125
0 0.45625 0.0984375 0.0296875 0.19453125
0 0.0828125 0.17578125 0.06796875 0.3015625
0 0.40625 0.26796875 0.078125 0.46640625
0 0.47578125 0.09296875 0.028125 0.18515625
0 0.44296875 0.16015625 0.04609375 0.29453125
0 0.12734375 0.159375 0.06015625 0.278125
0 0.9421875 0.50859375 0.11484375 0.88203125
0 0.50625 0.15625 0.0421875 0.290625
0 0.6375 0.1890625 0.05078125 0.35078125
0 0.31953125 0.209375 0.0671875 0.36875