0 0.5484375 0.1109375 0.03046875 0.2203125
0 0.59765625 0.08671875 0.02421875 0.1734375
0 0.76796875 0.0734375 0.025 0.146875
0 0.4890625 0.1 0.0296875 0.1984375
0 0.55 0.10546875 0.02890625 0.21015625
0 0.8328125 0.06796875 0.025 0.1359375
0 0.46875 0.11015625 0.0328125 0.21484375
0 0.80859375 0.075 0.0265625 0.15
0 0.85234375 0.084375 0.03046875 0.16875
0 0.86640625 0.04375 0.0171875 0.0875
0 0.85 0.07265625 0.0265625 0.1453125
0 0.75859375 0.0859375 0.02890625 0.171875
0 0.7390625 0.065625 0.02265625 0.13125
0 0.71640625 0.084375 0.0265625 0.16875
0 0.615625 0.0625 0.01875 0.125
0 0.64453125 0.08671875 0.0265625 0.1734375
0 0.6890625 0.06796875 0.021875 0.13515625
0 0.79140625 0.06953125 0.0234375 0.1390625