0 0.159375 0.15234375 0.05625 0.26796875
0 0.8328125 0.06875 0.025 0.13671875
0 0.34453125 0.18359375 0.0578125 0.3265625
0 0.66328125 0.32421875 0.08515625 0.5703125
0 0.25703125 0.1734375 0.059375 0.30546875
0 0.96640625 0.09296875 0.03671875 0.1859375
0 0.79609375 0.0703125 0.025 0.140625
0 0.84453125 0.0859375 0.03046875 0.17109375
0 0.43046875 0.18125 0.05234375 0.3265625
0 0.8078125 0.075 0.0265625 0.15
0 0.0859375 0.184375 0.07109375 0.31484375
0 0.91875 0.09375 0.034375 0.1875
0 0.99453125 0.06640625 0.009375 0.13203125
0 0.55703125 0.0734375 0.02109375 0.146875
0 0.85234375 0.071875 0.0265625 0.14375
0 0.51328125 0.08671875 0.025 0.1734375
0 0.3 0.27421875 0.0890625 0.4734375
0 0.690625 0.08515625 0.0265625 0.1703125
0 0.7640625 0.0734375 0.025 0.146875
0 0.47734375 0.090625 0.02734375 0.18125
0 0.09375 0.2140625 0.08203125 0.36484375