0 0.46953125 0.090625 0.02734375 0.18046875
0 0.5875 0.06796875 0.01953125 0.1359375
0 0.87109375 0.04296875 0.01796875 0.08515625
0 0.796875 0.06953125 0.02421875 0.1390625
0 0.7671875 0.0734375 0.02578125 0.146875
0 0.55078125 0.08984375 0.025 0.1796875
0 0.7078125 0.08125 0.025 0.1625
0 0.4953125 0.0890625 0.02578125 0.178125
0 0.87265625 0.04453125 0.01875 0.0890625
0 0.8375 0.06875 0.02578125 0.13671875
0 0.3046875 0.17578125 0.0578125 0.31328125
0 0.92265625 0.15234375 0.05390625 0.3046875
0 0.85703125 0.084375 0.0296875 0.16875
0 0.74296875 0.08125 0.0265625 0.16171875
0 0.85390625 0.07265625 0.02734375 0.1453125
0 0.3515625 0.12890625 0.04140625 0.23984375
0 0.8140625 0.07578125 0.0265625 0.15078125
0 0.18515625 0.2890625 0.103125 0.490625
0 0.8984375 0.04609375 0.01953125 0.09140625
0 0.4578125 0.11171875 0.03359375 0.21640625