0 0.1203125 0.16328125 0.06171875 0.284375
0 0.58359375 0.2765625 0.06953125 0.490625
0 0.70859375 0.06328125 0.02109375 0.1265625
0 0.31171875 0.55078125 0.19296875 0.896875
0 0.48203125 0.1390625 0.03984375 0.26171875
0 0.08203125 0.1671875 0.06484375 0.28828125
0 0.50078125 0.27578125 0.07265625 0.48515625
0 0.06484375 0.465625 0.12890625 0.76796875
0 0.52890625 0.17578125 0.04609375 0.3234375
0 0.51875 0.128125 0.03515625 0.24609375
0 0.00078125 0.47421875 0.0015625 0.775
0 0.625 0.165625 0.04453125 0.31171875
0 0.54453125 0.1296875 0.034375 0.25
0 0.97265625 0.4921875 0.05390625 0.85859375
0 0.2109375 0.4765625 0.16640625 0.79375
0 0.371875 0.18828125 0.0578125 0.3359375