0 0.93984375 0.084375 0.0328125 0.16875
0 0.4453125 0.0875 0.02734375 0.175
0 0.3859375 0.184375 0.05546875 0.33046875
0 0.515625 0.09921875 0.028125 0.1984375
0 0.93828125 0.040625 0.01875 0.08125
0 0.584375 0.15390625 0.03984375 0.29140625
0 0.0640625 0.55546875 0.12734375 0.88671875
0 0.71328125 0.13515625 0.040625 0.26640625
0 0.62734375 0.13515625 0.0375 0.26328125
0 0.903125 0.040625 0.01796875 0.08125
0 0.503125 0.1390625 0.03828125 0.26328125
0 0.51171875 0.09140625 0.0265625 0.1828125
0 0.696875 0.08359375 0.025 0.1671875
0 0.63671875 0.0609375 0.01875 0.121875
0 0.93359375 0.10234375 0.03828125 0.2046875