0 0.73359375 0.04453125 0.01640625 0.0890625
0 0.24140625 0.146875 0.05078125 0.26328125
0 0.75859375 0.046875 0.0171875 0.09375
0 0.60390625 0.146875 0.0390625 0.28125
0 0.81171875 0.0484375 0.01875 0.096875
0 0.82890625 0.05390625 0.0203125 0.1078125
0 0.75 0.05859375 0.021875 0.1171875
0 0.45859375 0.1234375 0.03671875 0.23515625
0 0.8359375 0.06875 0.025 0.1375
0 0.75390625 0.04609375 0.0171875 0.0921875
0 0.8015625 0.046875 0.01875 0.09375
0 0.73046875 0.159375 0.04765625 0.30859375
0 0.6703125 0.15234375 0.04296875 0.29375
0 0.74375 0.05 0.01796875 0.1
0 0.20078125 0.1984375 0.07109375 0.3453125
0 0.72890625 0.0484375 0.0171875 0.096875
0 0.80546875 0.053125 0.01953125 0.10546875
0 0.39765625 0.22890625 0.06796875 0.4046875
0 0.78515625 0.0515625 0.0203125 0.103125
0 0.76484375 0.078125 0.0265625 0.15625
0 0.33515625 0.1140625 0.03828125 0.2140625
0 0.8578125 0.07421875 0.028125 0.1484375
0 0.71328125 0.05859375 0.01953125 0.11640625
0 0.5421875 0.21171875 0.05390625 0.38359375
0 0.81484375 0.0765625 0.02734375 0.153125
0 0.0375 0.26015625 0.07421875 0.43515625
0 0.27421875 0.19921875 0.06640625 0.34921875
0 0.79921875 0.0703125 0.025 0.140625
0 0.9640625 0.1109375 0.0421875 0.221875
0 0.75078125 0.07109375 0.02421875 0.14140625
0 0.115625 0.16328125 0.06171875 0.28359375
0 0.36171875 0.21953125 0.06796875 0.38671875
0 0.79453125 0.0453125 0.01796875 0.090625
0 0.62734375 0.3390625 0.0859375 0.59375
0 0.68671875 0.08515625 0.02578125 0.1703125