0 0.7890625 0.10078125 0.03359375 0.2015625
0 0.46875 0.14921875 0.0421875 0.278125
0 0.6921875 0.08515625 0.0265625 0.1703125
0 0.7890625 0.07109375 0.025 0.1421875
0 0.4890625 0.10390625 0.03046875 0.2046875
0 0.75859375 0.071875 0.0234375 0.14375
0 0.6140625 0.23671875 0.0609375 0.4265625
0 0.7140625 0.39296875 0.1078125 0.68359375
0 0.76328125 0.078125 0.02578125 0.15546875
0 0.565625 0.384375 0.09765625 0.6640625
0 0.49609375 0.2359375 0.0625 0.41953125
0 0.07421875 0.31328125 0.12109375 0.525
0 0.8296875 0.06875 0.025 0.13671875
0 0.25859375 0.15625 0.05390625 0.2796875
0 0.70078125 0.04609375 0.0171875 0.0921875
0 0.8125 0.07890625 0.028125 0.1578125
0 0.31640625 0.15703125 0.0515625 0.28359375
0 0.3953125 0.1515625 0.04609375 0.278125
0 0.68046875 0.215625 0.05859375 0.3953125