0 0.165625 0.15390625 0.05703125 0.2703125
0 0.67109375 0.05546875 0.01796875 0.11015625
0 0.76171875 0.0734375 0.025 0.14609375
0 0.63828125 0.09453125 0.0265625 0.1890625
0 0.50859375 0.17578125 0.046875 0.3234375
0 0.778125 0.0484375 0.01796875 0.09609375
0 0.65703125 0.0609375 0.01875 0.12109375
0 0.115625 0.16484375 0.0625 0.28515625
0 0.584375 0.09609375 0.0265625 0.19140625
0 0.63828125 0.05859375 0.0171875 0.1171875
0 0.32421875 0.13828125 0.0453125 0.2515625
0 0.828125 0.04765625 0.01875 0.0953125
0 0.4203125 0.115625 0.03515625 0.2203125
0 0.98203125 0.040625 0.01953125 0.08125
0 0.84140625 0.0453125 0.01796875 0.090625
0 0.7453125 0.04375 0.01640625 0.08671875
0 0.75703125 0.04765625 0.0171875 0.0953125
0 0.8453125 0.06875 0.02578125 0.13671875
0 0.37734375 0.12109375 0.03828125 0.228125
0 0.7609375 0.04609375 0.01640625 0.09140625
0 0.79921875 0.06953125 0.02421875 0.1390625
0 0.14609375 0.465625 0.171875 0.7734375
0 0.8265625 0.04609375 0.01875 0.0921875
0 0.68828125 0.08515625 0.0265625 0.1703125
0 0.81171875 0.07421875 0.0265625 0.1484375
0 0.68984375 0.05703125 0.01875 0.1140625
0 0.8546875 0.08515625 0.03046875 0.1703125
0 0.7375 0.046875 0.015625 0.09375
0 0.85 0.071875 0.0265625 0.14375