0 0.43828125 0.115625 0.03515625 0.221875
0 0.2734375 0.18515625 0.06171875 0.32578125
0 0.85078125 0.0859375 0.03046875 0.17109375
0 0.5328125 0.0734375 0.02109375 0.146875
0 0.965625 0.06015625 0.02578125 0.1203125
0 0.0203125 0.32265625 0.040625 0.5359375
0 0.8421875 0.06796875 0.025 0.1359375
0 0.20703125 0.19140625 0.0671875 0.33203125
0 0.8953125 0.0421875 0.01796875 0.084375
0 0.81328125 0.07421875 0.0265625 0.1484375
0 0.4375 0.271875 0.0765625 0.47578125
0 0.99140625 0.06484375 0.01640625 0.1296875
0 0.921875 0.04375 0.01953125 0.08671875
0 0.31328125 0.18984375 0.0609375 0.33515625
0 0.70390625 0.084375 0.0265625 0.16875
0 0.76328125 0.0734375 0.025 0.146875
0 0.70859375 0.046875 0.0171875 0.09375
0 0.13125 0.15859375 0.059375 0.27578125
0 0.79375 0.0703125 0.025 0.140625
0 0.625 0.11875 0.03359375 0.2359375
0 0.85390625 0.071875 0.0265625 0.14375