0 0.69375 0.08359375 0.02578125 0.16640625
0 0.51875 0.0875 0.02578125 0.175
0 0.82421875 0.04921875 0.0203125 0.0984375
0 0.41796875 0.1109375 0.034375 0.21171875
0 0.134375 0.29609375 0.11015625 0.5
0 0.30703125 0.2109375 0.06796875 0.3703125
0 0.57265625 0.0921875 0.02578125 0.184375
0 0.2984375 0.26328125 0.08515625 0.4546875
0 0.3984375 0.20703125 0.06171875 0.36796875
0 0.51171875 0.0921875 0.02734375 0.184375
0 0.78515625 0.0484375 0.01796875 0.096875
0 0.0671875 0.39296875 0.134375 0.6515625
0 0.76015625 0.12109375 0.03828125 0.24140625
0 0.9046875 0.14140625 0.05 0.2828125
0 0.42109375 0.0921875 0.0296875 0.18203125