0 0.16015625 0.15546875 0.05703125 0.27109375
0 0.34921875 0.146875 0.046875 0.26796875
0 0.66484375 0.05859375 0.01875 0.11640625
0 0.309375 0.184375 0.06015625 0.3265625
0 0.4640625 0.16328125 0.04609375 0.30078125
0 0.2296875 0.16953125 0.059375 0.2984375
0 0.4421875 0.11875 0.0359375 0.2265625
0 0.31796875 0.16328125 0.053125 0.29375
0 0.3875 0.12109375 0.03828125 0.228125
0 0.1265625 0.25625 0.09609375 0.43515625
0 0.0203125 0.55546875 0.040625 0.8859375
0 0.696875 0.08359375 0.025 0.1671875
0 0.99296875 0.1265625 0.0125 0.253125
0 0.11953125 0.55390625 0.23203125 0.890625
0 0.46328125 0.14296875 0.04140625 0.26796875
0 0.0421875 0.3515625 0.08359375 0.58359375