0 0.81328125 0.075 0.0265625 0.15
0 0.725 0.05078125 0.01796875 0.10078125
0 0.76640625 0.0734375 0.025 0.146875
0 0.16796875 0.203125 0.0734375 0.35
0 0.8578125 0.04921875 0.01953125 0.0984375
0 0.2609375 0.24453125 0.08203125 0.4234375
0 0.05 0.55546875 0.1 0.8859375
0 0.23359375 0.13671875 0.04765625 0.24609375
0 0.4328125 0.12109375 0.03671875 0.23046875
0 0.71328125 0.04765625 0.01640625 0.0953125
0 0.84140625 0.06796875 0.025 0.1359375
0 0.159375 0.24609375 0.0890625 0.41953125
0 0.45078125 0.16171875 0.04609375 0.296875
0 0.8515625 0.08515625 0.03046875 0.1703125
0 0.80390625 0.07109375 0.025 0.14140625
0 0.8296875 0.04609375 0.01875 0.0921875
0 0.390625 0.11953125 0.0375 0.2265625
0 0.8765625 0.05078125 0.02109375 0.1015625
0 0.08046875 0.2140625 0.08203125 0.36328125
0 0.8515625 0.0515625 0.021875 0.103125
0 0.8375 0.04765625 0.01953125 0.0953125
0 0.8359375 0.05078125 0.01953125 0.1015625
0 0.6578125 0.0546875 0.0171875 0.109375
0 0.44453125 0.0953125 0.02890625 0.1890625
0 0.84375 0.0453125 0.01796875 0.090625
0 0.403125 0.1 0.03203125 0.19453125
0 0.5234375 0.16640625 0.04453125 0.309375
0 0.6859375 0.084375 0.025 0.16875
0 0.02578125 0.29375 0.0515625 0.4890625
0 0.78125 0.04140625 0.01640625 0.08203125
0 0.2625 0.578125 0.29296875 0.84296875
0 0.846875 0.07265625 0.0265625 0.1453125