0 0.18828125 0.2953125 0.1046875 0.5015625
0 0.5265625 0.096875 0.02734375 0.19375
0 0.5125 0.15078125 0.04140625 0.28203125
0 0.41015625 0.09609375 0.03046875 0.18828125
0 0.3875 0.2125 0.0640625 0.3765625
0 0.9234375 0.0875 0.03359375 0.175
0 0.0140625 0.2515625 0.028125 0.4203125
0 0.68359375 0.0828125 0.02578125 0.165625
0 0.14453125 0.16328125 0.0609375 0.284375
0 0.4578125 0.0890625 0.02734375 0.178125
0 0.440625 0.09921875 0.03046875 0.19453125
0 0.96328125 0.08828125 0.034375 0.17578125
0 0.359375 0.125 0.040625 0.23359375
0 0.4765625 0.196875 0.05390625 0.3546875
0 0.33359375 0.16953125 0.0546875 0.30390625
0 0.81328125 0.20546875 0.0640625 0.3859375
0 0.61953125 0.17421875 0.04609375 0.3265625