0 0.83203125 0.06875 0.025 0.13671875
0 0.8796875 0.178125 0.06015625 0.3453125
0 0.85390625 0.071875 0.0265625 0.14375
0 0.7375 0.09296875 0.0296875 0.18515625
0 0.8125 0.075 0.0265625 0.15
0 0.1515625 0.153125 0.05703125 0.26796875
0 0.5546875 0.0734375 0.02109375 0.146875
0 0.31796875 0.16953125 0.05546875 0.30390625
0 0.93828125 0.17890625 0.06328125 0.35
0 0.3421875 0.1296875 0.0421875 0.2390625
0 0.84609375 0.0859375 0.03046875 0.17109375
0 0.690625 0.08515625 0.0265625 0.1703125
0 0.7921875 0.0703125 0.02421875 0.140625
0 0.7640625 0.0734375 0.025 0.146875