0 0.528125 0.478125 0.1234375 0.8109375
0 0.77265625 0.046875 0.0171875 0.09375
0 0.8140625 0.04453125 0.01875 0.0890625
0 0.76015625 0.04296875 0.01640625 0.0859375
0 0.43125 0.13828125 0.04140625 0.25703125
0 0.8359375 0.06875 0.025 0.1375
0 0.01875 0.28984375 0.03671875 0.48125
0 0.7875 0.0453125 0.0171875 0.090625
0 0.809375 0.046875 0.01875 0.09375
0 0.7421875 0.05546875 0.01953125 0.1109375
0 0.82109375 0.05078125 0.01953125 0.1015625
0 0.29921875 0.24921875 0.08125 0.43203125
0 0.45078125 0.09296875 0.02890625 0.1859375
0 0.82265625 0.0765625 0.02734375 0.153125
0 0.28515625 0.1359375 0.04609375 0.246875
0 0.35234375 0.2609375 0.08046875 0.453125
0 0.415625 0.09453125 0.03046875 0.1859375
0 0.74453125 0.16875 0.05078125 0.3234375
0 0.76484375 0.078125 0.0265625 0.15625
0 0.1625 0.15078125 0.05546875 0.26484375
0 0.4703125 0.27109375 0.0734375 0.475
0 0.20703125 0.2375 0.08359375 0.40859375
0 0.75625 0.046875 0.0171875 0.09375
0 0.81640625 0.0484375 0.01875 0.09609375
0 0.6875 0.08515625 0.0265625 0.1703125
0 0.7796875 0.05703125 0.0203125 0.1140625
0 0.1328125 0.2375 0.08828125 0.4046875
0 0.84375 0.0515625 0.0203125 0.103125
0 0.54921875 0.09453125 0.0265625 0.1890625
0 0.79375 0.04375 0.015625 0.0875
0 0.8640625 0.05234375 0.02109375 0.1046875
0 0.984375 0.10078125 0.03046875 0.20078125
0 0.75078125 0.07109375 0.02421875 0.14140625
0 0.59375 0.16328125 0.0421875 0.30625
0 0.671875 0.171875 0.04765625 0.325
0 0.11328125 0.1625 0.06171875 0.28203125
0 0.8578125 0.07421875 0.028125 0.1484375
0 0.79921875 0.0703125 0.025 0.140625