0 0.41640625 0.23984375 0.06953125 0.421875
0 0.121875 0.23515625 0.08828125 0.4
0 0.7 0.08359375 0.025 0.1671875
0 0.84765625 0.046875 0.01953125 0.09375
0 0.31953125 0.15703125 0.05078125 0.28203125
0 0.6375 0.096875 0.028125 0.19375
0 0.76015625 0.06953125 0.02421875 0.1390625
0 0.634375 0.22578125 0.05859375 0.41015625
0 0.49453125 0.08203125 0.0234375 0.1640625
0 0.45390625 0.103125 0.03125 0.203125
0 0.8921875 0.5390625 0.17734375 0.91953125
0 0.2171875 0.25390625 0.08828125 0.4359375
0 0.46953125 0.1359375 0.0390625 0.25625
0 0.79609375 0.06875 0.0234375 0.1375
0 0.7484375 0.071875 0.02421875 0.14375
0 0.8296875 0.04609375 0.01796875 0.09140625
0 0.53046875 0.13515625 0.0359375 0.25703125
0 0.3953125 0.10546875 0.03359375 0.203125
0 0.7703125 0.078125 0.0265625 0.15546875
0 0.490625 0.09296875 0.02734375 0.1859375
0 0.56328125 0.09765625 0.02734375 0.1953125
0 0.34765625 0.23046875 0.07109375 0.403125