0 0.9859375 0.07890625 0.025 0.1578125
0 0.7921875 0.0703125 0.02421875 0.140625
0 0.2921875 0.12578125 0.04296875 0.23046875
0 0.85234375 0.08515625 0.03046875 0.1703125
0 0.85859375 0.071875 0.0265625 0.14375
0 0.7109375 0.046875 0.015625 0.09375
0 0.0203125 0.32265625 0.040625 0.5359375
0 0.8421875 0.06796875 0.025 0.1359375
0 0.3890625 0.1234375 0.0390625 0.23203125
0 0.346875 0.12265625 0.03984375 0.22890625
0 0.45078125 0.16640625 0.04765625 0.3046875
0 0.834375 0.05078125 0.01953125 0.10078125
0 0.2375 0.22265625 0.07578125 0.3859375
0 0.70390625 0.084375 0.0265625 0.16875
0 0.5359375 0.0734375 0.02109375 0.14609375
0 0.76328125 0.0734375 0.025 0.146875
0 0.13125 0.15859375 0.059375 0.27578125
0 0.81171875 0.07421875 0.0265625 0.1484375
0 0.80859375 0.0484375 0.01875 0.096875
0 0.54765625 0.1078125 0.0296875 0.2140625