0 0.6640625 0.08125 0.025 0.1625
0 0.5734375 0.0734375 0.0203125 0.14609375
0 0.165625 0.240625 0.08671875 0.41015625
0 0.796875 0.0703125 0.02421875 0.140625
0 0.85234375 0.071875 0.0265625 0.14375
0 0.84765625 0.0859375 0.03046875 0.17109375
0 0.82890625 0.06875 0.0265625 0.1375
0 0.76875 0.0734375 0.02578125 0.146875
0 0.6921875 0.08515625 0.0265625 0.1703125
0 0.3109375 0.24609375 0.07890625 0.428125
0 0.8125 0.075 0.0265625 0.15
0 0.23984375 0.2375 0.08125 0.41015625
0 0.15 0.153125 0.05703125 0.26796875