0 0.76796875 0.0734375 0.025 0.146875
0 0.1484375 0.153125 0.05703125 0.26796875
0 0.0875 0.33203125 0.12734375 0.55546875
0 0.3171875 0.146875 0.0484375 0.265625
0 0.82890625 0.06875 0.0265625 0.1375
0 0.38046875 0.140625 0.04375 0.25859375
0 0.85390625 0.071875 0.0265625 0.14375
0 0.46796875 0.5765625 0.24453125 0.8453125
0 0.42578125 0.14140625 0.0421875 0.26328125
0 0.84765625 0.08515625 0.03046875 0.1703125
0 0.246875 0.56875 0.26484375 0.8609375
0 0.6921875 0.08515625 0.0265625 0.1703125
0 0.7953125 0.0703125 0.02421875 0.140625
0 0.575 0.0734375 0.0203125 0.14609375
0 0.8125 0.075 0.0265625 0.15