0 0.62421875 0.0609375 0.01875 0.121875
0 0.65390625 0.31875 0.08359375 0.5609375
0 0.97109375 0.04375 0.0203125 0.0875
0 0.85234375 0.33125 0.103125 0.59140625
0 0.7515625 0.0703125 0.02421875 0.140625
0 0.4828125 0.090625 0.02734375 0.18125
0 0.18359375 0.28125 0.1 0.4765625
0 0.428125 0.13359375 0.03984375 0.25
0 0.84375 0.0453125 0.01796875 0.090625
0 0.38359375 0.17109375 0.05234375 0.30859375
0 0.559375 0.31328125 0.07890625 0.54921875
0 0.85078125 0.05 0.01953125 0.1
0 0.68515625 0.084375 0.0265625 0.16875
0 0.82578125 0.18984375 0.06015625 0.3609375
0 0.815625 0.05 0.01953125 0.1
0 0.1671875 0.15234375 0.05546875 0.26796875
0 0.8578125 0.06796875 0.02578125 0.1359375
0 0.1171875 0.16171875 0.06171875 0.28046875
0 0.8265625 0.04609375 0.01875 0.0921875
0 0.94453125 0.04296875 0.01953125 0.0859375
0 0.01796875 0.3765625 0.03515625 0.6203125
0 0.653125 0.06171875 0.01875 0.1234375
0 0.79765625 0.0703125 0.025 0.140625
0 0.8625 0.07421875 0.02734375 0.1484375
0 0.79765625 0.08203125 0.028125 0.1640625
0 0.82734375 0.0484375 0.01875 0.09609375
0 0.79453125 0.05390625 0.0203125 0.1078125
0 0.81015625 0.07421875 0.0265625 0.1484375
0 0.990625 0.04609375 0.01796875 0.09140625
0 0.3390625 0.17109375 0.0546875 0.30625