0 0.6984375 0.084375 0.025 0.16875
0 0.0375 0.4765625 0.07421875 0.78203125
0 0.03828125 0.31796875 0.0765625 0.528125
0 0.79765625 0.0703125 0.025 0.140625
0 0.7515625 0.05078125 0.01796875 0.1015625
0 0.5328125 0.0734375 0.02109375 0.146875
0 0.709375 0.046875 0.015625 0.09375
0 0.83125 0.06796875 0.025 0.13515625
0 0.3921875 0.1625 0.04921875 0.2953125
0 0.38359375 0.13359375 0.04140625 0.24921875
0 0.38671875 0.0984375 0.03203125 0.19140625
0 0.50078125 0.1265625 0.03515625 0.24140625
0 0.98828125 0.04375 0.0203125 0.08671875
0 0.65859375 0.05390625 0.0171875 0.10703125
0 0.0734375 0.54921875 0.146875 0.8984375
0 0.71328125 0.1265625 0.03828125 0.253125
0 0.66796875 0.2484375 0.06640625 0.4484375
0 0.85546875 0.071875 0.0265625 0.14375
0 0.81328125 0.075 0.0265625 0.15
0 0.7640625 0.0734375 0.025 0.146875
0 0.8484375 0.084375 0.03125 0.16875