0 0.765625 0.078125 0.0265625 0.15625
0 0.815625 0.06953125 0.025 0.1390625
0 0.51953125 0.23828125 0.06171875 0.42421875
0 0.359375 0.1140625 0.03671875 0.21484375
0 0.75703125 0.0921875 0.03046875 0.184375
0 0.60546875 0.23515625 0.06015625 0.42421875
0 0.42265625 0.09140625 0.02890625 0.18125
0 0.8265625 0.04296875 0.0171875 0.08515625
0 0.4296875 0.11171875 0.03359375 0.21484375
0 0.49609375 0.10859375 0.03125 0.2140625
0 0.69765625 0.08359375 0.0265625 0.1671875
0 0.82734375 0.090625 0.03125 0.18046875
0 0.425 0.16875 0.04921875 0.30703125
0 0.01953125 0.3359375 0.0390625 0.55625
0 0.58046875 0.14609375 0.03828125 0.27890625
0 0.3171875 0.11953125 0.03984375 0.221875
0 0.78359375 0.07109375 0.02421875 0.14140625
0 0.69921875 0.10703125 0.0328125 0.2140625
0 0.51484375 0.16796875 0.04453125 0.31015625
0 0.7546875 0.071875 0.025 0.14375
0 0.27109375 0.16953125 0.05703125 0.30078125