0 0.796875 0.06953125 0.025 0.1390625
0 0.696875 0.078125 0.02421875 0.15625
0 0.3875 0.1234375 0.03828125 0.23203125
0 0.85234375 0.07265625 0.0265625 0.1453125
0 0.83046875 0.0484375 0.01875 0.096875
0 0.503125 0.08359375 0.025 0.16640625
0 0.83203125 0.046875 0.01875 0.09375
0 0.99140625 0.1203125 0.01640625 0.240625
0 0.8375 0.06875 0.02578125 0.13671875
0 0.62578125 0.13671875 0.0375 0.26640625
0 0.76640625 0.0734375 0.025 0.146875
0 0.85703125 0.084375 0.0296875 0.16875
0 0.81484375 0.07578125 0.0265625 0.15078125
0 0.85625 0.05 0.01953125 0.1
0 0.7125 0.08125 0.02578125 0.16171875
0 0.334375 0.175 0.05546875 0.31328125
0 0.33671875 0.1296875 0.0421875 0.2390625