0 0.35078125 0.12890625 0.04140625 0.2390625
0 0.765625 0.078125 0.0265625 0.15625
0 0.815625 0.06953125 0.025 0.1390625
0 0.775 0.04453125 0.015625 0.0890625
0 0.903125 0.09296875 0.034375 0.18515625
0 0.78984375 0.08671875 0.0296875 0.1734375
0 0.78515625 0.07109375 0.025 0.14140625
0 0.42109375 0.12578125 0.03828125 0.23671875
0 0.45625 0.0984375 0.03046875 0.19453125
0 0.29921875 0.13359375 0.04453125 0.24375
0 0.54609375 0.1875 0.04765625 0.34375
0 0.2203125 0.20703125 0.071875 0.359375
0 0.44296875 0.1984375 0.05625 0.35546875
0 0.53671875 0.28515625 0.071875 0.5015625
0 0.6953125 0.084375 0.0265625 0.16875
0 0.6171875 0.28984375 0.0734375 0.51328125
0 0.73828125 0.10703125 0.03359375 0.2140625
0 0.48515625 0.1234375 0.03515625 0.23671875
0 0.75546875 0.071875 0.0234375 0.14375
0 0.6109375 0.17578125 0.04609375 0.3265625