0 0.98125 0.3890625 0.0359375 0.69375
0 0.50234375 0.109375 0.03125 0.215625
0 0.809375 0.37578125 0.11171875 0.66015625
0 0.89375 0.53125 0.16796875 0.9140625
0 0.384375 0.22421875 0.0671875 0.3953125
0 0.57421875 0.16328125 0.0421875 0.30625
0 0.21328125 0.2015625 0.07109375 0.35
0 0.45625 0.109375 0.0328125 0.21171875
0 0.4375 0.1453125 0.04296875 0.2703125
0 0.290625 0.2078125 0.06796875 0.3640625
0 0.50078125 0.1390625 0.03828125 0.2640625
0 0.13125 0.159375 0.06015625 0.27890625
0 0.08203125 0.17578125 0.06796875 0.3015625
0 0.4734375 0.08515625 0.02578125 0.1703125
0 0.43984375 0.090625 0.02890625 0.18046875
0 0.30078125 0.17890625 0.05859375 0.31796875