0 0.684375 0.1328125 0.0390625 0.26171875
0 0.796875 0.06953125 0.025 0.1390625
0 0.39609375 0.13125 0.040625 0.24453125
0 0.86796875 0.0484375 0.01953125 0.096875
0 0.84296875 0.04609375 0.01875 0.09140625
0 0.3171875 0.1890625 0.0609375 0.3359375
0 0.7140625 0.08046875 0.02578125 0.16015625
0 0.8375 0.06875 0.02578125 0.13671875
0 0.6921875 0.078125 0.02421875 0.15625
0 0.353125 0.12578125 0.040625 0.23359375
0 0.85390625 0.07265625 0.02734375 0.1453125
0 0.85703125 0.084375 0.0296875 0.16875
0 0.81484375 0.07578125 0.0265625 0.15078125
0 0.83984375 0.0484375 0.01875 0.09609375
0 0.509375 0.08359375 0.025 0.1671875
0 0.76875 0.0734375 0.025 0.146875