0 0.8125 0.07578125 0.0265625 0.1515625
0 0.85703125 0.084375 0.0296875 0.16875
0 0.75546875 0.0859375 0.028125 0.17109375
0 0.4875 0.1 0.0296875 0.1984375
0 0.70234375 0.09453125 0.02890625 0.1890625
0 0.71015625 0.0640625 0.02109375 0.128125
0 0.8375 0.06796875 0.025 0.1359375
0 0.79609375 0.0703125 0.025 0.140625
0 0.7171875 0.084375 0.0265625 0.16875
0 0.47734375 0.109375 0.03203125 0.2140625
0 0.85078125 0.07265625 0.0265625 0.1453125
0 0.53046875 0.11171875 0.03125 0.21953125
0 0.73515625 0.06640625 0.0234375 0.1328125
0 0.66484375 0.0625 0.01953125 0.125
0 0.76953125 0.0734375 0.025 0.146875
0 0.55078125 0.10546875 0.02890625 0.21015625
0 0.66640625 0.0984375 0.02890625 0.19609375
0 0.66015625 0.05625 0.01796875 0.11171875