0 0.203125 0.21484375 0.07578125 0.3703125
0 0.8390625 0.04296875 0.01796875 0.08515625
0 0.13359375 0.165625 0.06171875 0.28828125
0 0.49296875 0.1359375 0.03828125 0.25703125
0 0.40234375 0.10546875 0.03359375 0.203125
0 0.75703125 0.1171875 0.03671875 0.234375
0 0.3359375 0.140625 0.0453125 0.25625
0 0.82734375 0.06875 0.025 0.13671875
0 0.84453125 0.0859375 0.03046875 0.17109375
0 0.709375 0.046875 0.015625 0.09375
0 0.81171875 0.0640625 0.0234375 0.128125
0 0.8640625 0.06875 0.025 0.1375
0 0.8078125 0.075 0.0265625 0.15
0 0.53515625 0.2140625 0.0546875 0.38515625
0 0.49921875 0.084375 0.025 0.16875
0 0.884375 0.0671875 0.02578125 0.134375
0 0.69140625 0.12109375 0.03671875 0.24140625
0 0.5359375 0.0734375 0.02109375 0.14609375
0 0.33203125 0.11171875 0.0375 0.2109375
0 0.8546875 0.071875 0.028125 0.14375
0 0.79375 0.0703125 0.025 0.140625
0 0.69140625 0.084375 0.0265625 0.16875
0 0.76328125 0.0734375 0.025 0.146875
0 0.8625 0.04375 0.01796875 0.08671875