0 0.8796875 0.19765625 0.065625 0.3765625
0 0.44765625 0.08984375 0.02734375 0.1796875
0 0.86953125 0.26796875 0.0859375 0.48984375
0 0.7296875 0.18828125 0.0546875 0.3546875
0 0.390625 0.17890625 0.05390625 0.321875
0 0.60625 0.284375 0.07109375 0.5046875
0 0.47265625 0.27578125 0.07421875 0.48203125
0 0.41875 0.09296875 0.0296875 0.18359375
0 0.04921875 0.2515625 0.09765625 0.4234375
0 0.5015625 0.0828125 0.02421875 0.165625
0 0.38359375 0.29453125 0.0875 0.509375
0 0.440625 0.18203125 0.05234375 0.3296875
0 0.72734375 0.25546875 0.07265625 0.46328125
0 0.63125 0.06875 0.021875 0.1375
0 0.58984375 0.11875 0.03203125 0.234375
0 0.71875 0.05 0.0171875 0.1
0 0.12890625 0.16171875 0.0609375 0.28125
0 0.69140625 0.20390625 0.05703125 0.37890625
0 0.378125 0.15625 0.0484375 0.284375