0 0.853125 0.084375 0.03046875 0.16875
0 0.878125 0.0953125 0.034375 0.190625
0 0.71953125 0.08515625 0.02734375 0.1703125
0 0.6953125 0.05703125 0.01875 0.1140625
0 0.36484375 0.10859375 0.03515625 0.20625
0 0.7125 0.05390625 0.01796875 0.10703125
0 0.5171875 0.08515625 0.02421875 0.1703125
0 0.4859375 0.11015625 0.03203125 0.21484375
0 0.49375 0.1 0.02890625 0.1984375
0 0.75859375 0.0859375 0.028125 0.17109375
0 0.828125 0.06875 0.025 0.13671875
0 0.55 0.10390625 0.028125 0.2078125
0 0.778125 0.06171875 0.021875 0.1234375
0 0.7375 0.06328125 0.02109375 0.1265625
0 0.87421875 0.0890625 0.0328125 0.178125
0 0.79375 0.06953125 0.025 0.1390625
0 0.77265625 0.07421875 0.025 0.1484375
0 0.53125 0.1109375 0.03046875 0.21796875
0 0.41015625 0.10703125 0.03359375 0.20703125
0 0.70625 0.0671875 0.021875 0.134375