0 0.4546875 0.08828125 0.02734375 0.1765625
0 0.81328125 0.04296875 0.01640625 0.08515625
0 0.6453125 0.140625 0.03984375 0.271875
0 0.79140625 0.0765625 0.0265625 0.153125
0 0.525 0.16875 0.04453125 0.31171875
0 0.43203125 0.09296875 0.02890625 0.184375
0 0.4890625 0.08046875 0.02421875 0.1609375
0 0.5625 0.10078125 0.02734375 0.2015625
0 0.52734375 0.1015625 0.0296875 0.203125
0 0.7140625 0.54375 0.15859375 0.9109375
0 0.5078125 0.10625 0.03046875 0.21015625
0 0.94765625 0.5234375 0.10390625 0.90546875
0 0.73828125 0.19453125 0.05703125 0.36484375
0 0.7671875 0.071875 0.02421875 0.14375
0 0.39765625 0.1015625 0.03203125 0.19609375
0 0.16875 0.25546875 0.0921875 0.434375
0 0.4515625 0.103125 0.03125 0.203125