0 0.10625 0.16875 0.0640625 0.290625
0 0.4140625 0.17421875 0.0515625 0.315625
0 0.43984375 0.090625 0.028125 0.18046875
0 0.4796875 0.08359375 0.02578125 0.16640625
0 0.3453125 0.14609375 0.04609375 0.26640625
0 0.60703125 0.14375 0.03828125 0.27578125
0 0.3703125 0.153125 0.04765625 0.27890625
0 0.9375 0.540625 0.12421875 0.91796875
0 0.92109375 0.1140625 0.04140625 0.228125
0 0.4796875 0.12890625 0.03671875 0.2453125
0 0.2890625 0.15 0.05078125 0.2703125
0 0.92109375 0.10625 0.0390625 0.2125
0 0.07578125 0.46015625 0.15078125 0.7609375