0 0.59296875 0.18125 0.046875 0.33671875
0 0.9390625 0.04140625 0.01875 0.0828125
0 0.1890625 0.52734375 0.18828125 0.8734375
0 0.91328125 0.13984375 0.05 0.2796875
0 0.7796875 0.0703125 0.02421875 0.140625
0 0.70859375 0.096875 0.0296875 0.19375
0 0.7640625 0.078125 0.02578125 0.15625
0 0.5078125 0.18671875 0.04921875 0.33984375
0 0.66953125 0.10625 0.03203125 0.21171875
0 0.70078125 0.08359375 0.0265625 0.1671875
0 0.8890625 0.040625 0.01796875 0.08125
0 0.53984375 0.1234375 0.03359375 0.2390625
0 0.4875 0.13984375 0.03984375 0.26328125
0 0.9140625 0.04140625 0.01796875 0.08203125
0 0.42421875 0.09609375 0.03046875 0.1890625
0 0.475 0.09453125 0.028125 0.1890625
0 0.75703125 0.071875 0.0234375 0.14375
0 0.15 0.24296875 0.0890625 0.41328125
0 0.815625 0.06953125 0.025 0.1390625
0 0.07421875 0.478125 0.1484375 0.790625
0 0.7140625 0.08828125 0.02734375 0.17578125
0 0.325 0.13046875 0.04296875 0.23984375
0 0.4234375 0.14140625 0.0421875 0.26171875