0 0.596875 0.06953125 0.01953125 0.1390625
0 0.7671875 0.0734375 0.02578125 0.146875
0 0.44140625 0.096875 0.03046875 0.19140625
0 0.72109375 0.084375 0.02734375 0.16875
0 0.5375 0.07265625 0.02109375 0.1453125
0 0.9375 0.04140625 0.01875 0.0828125
0 0.75703125 0.0859375 0.02890625 0.171875
0 0.8 0.0703125 0.025 0.140625
0 0.81484375 0.07578125 0.0265625 0.15078125
0 0.56953125 0.096875 0.0265625 0.19375
0 0.315625 0.20625 0.06640625 0.36171875
0 0.85703125 0.084375 0.0296875 0.16875
0 0.85390625 0.07265625 0.02734375 0.1453125
0 0.8390625 0.06875 0.025 0.1375
0 0.50546875 0.0984375 0.02890625 0.196875
0 0.48359375 0.1015625 0.03046875 0.20078125
0 0.06328125 0.2921875 0.1140625 0.48984375
0 0.6078125 0.10234375 0.02890625 0.2046875