0 0.06484375 0.25859375 0.10078125 0.43515625
0 0.76171875 0.04140625 0.0171875 0.0828125
0 0.2359375 0.321875 0.11015625 0.54609375
0 0.99453125 0.10859375 0.01015625 0.21640625
0 0.3734375 0.32109375 0.09609375 0.55078125
0 0.2671875 0.18046875 0.0609375 0.31875
0 0.78671875 0.28828125 0.0859375 0.51953125
0 0.3875 0.11640625 0.03671875 0.2203125
0 0.46328125 0.1140625 0.03359375 0.22109375
0 0.03046875 0.55859375 0.0609375 0.88046875
0 0.32109375 0.2421875 0.07734375 0.42109375
0 0.6921875 0.084375 0.0265625 0.16875
0 0.39765625 0.09921875 0.03203125 0.19296875
0 0.459375 0.0953125 0.02890625 0.1890625
0 0.32109375 0.13046875 0.04296875 0.23984375
0 0.49921875 0.12734375 0.03515625 0.24375
0 0.421875 0.12578125 0.03828125 0.2359375