0 0.85703125 0.084375 0.0296875 0.16875
0 0.7203125 0.084375 0.02734375 0.16875
0 0.76484375 0.0734375 0.025 0.14609375
0 0.9484375 0.06953125 0.028125 0.1390625
0 0.49609375 0.10078125 0.0296875 0.19921875
0 0.8140625 0.07578125 0.0265625 0.15078125
0 0.7953125 0.06953125 0.025 0.1390625
0 0.83203125 0.06875 0.025 0.13671875
0 0.3625 0.1296875 0.04140625 0.240625
0 0.1046875 0.20703125 0.07890625 0.35390625
0 0.79375 0.059375 0.021875 0.11875
0 0.75546875 0.0859375 0.028125 0.17109375
0 0.4828125 0.11015625 0.03203125 0.21484375
0 0.18984375 0.4125 0.146875 0.68984375
0 0.53515625 0.1109375 0.03046875 0.21796875
0 0.0578125 0.41875 0.115625 0.69375
0 0.5609375 0.1046875 0.02890625 0.209375
0 0.29609375 0.1265625 0.04296875 0.23203125
0 0.775 0.05703125 0.021875 0.1140625
0 0.8546875 0.0734375 0.02734375 0.14609375