0 0.490625 0.14140625 0.03984375 0.26640625
0 0.39375 0.140625 0.04296875 0.26015625
0 0.93515625 0.371875 0.12265625 0.66015625
0 0.16015625 0.20234375 0.07421875 0.34921875
0 0.134375 0.4125 0.153125 0.68828125
0 0.3671875 0.13359375 0.0421875 0.24609375
0 0.1265625 0.309375 0.11484375 0.5203125
0 0.696875 0.08359375 0.025 0.1671875
0 0.39375 0.109375 0.03515625 0.209375
0 0.465625 0.128125 0.03671875 0.24296875
0 0.45546875 0.10625 0.03203125 0.20625
0 0.99609375 0.1171875 0.00703125 0.234375
0 0.2078125 0.1375 0.04921875 0.2453125
0 0.28203125 0.146875 0.04921875 0.26484375
0 0.21015625 0.2125 0.075 0.36796875
0 0.28515625 0.41484375 0.13515625 0.6984375
0 0.62109375 0.059375 0.01796875 0.11875