0 0.496875 0.10234375 0.0296875 0.203125
0 0.815625 0.43359375 0.1296875 0.7546875
0 0.4125 0.0953125 0.03046875 0.18671875
0 0.121875 0.3171875 0.11796875 0.53203125
0 0.34453125 0.3140625 0.09765625 0.53984375
0 0.44375 0.10390625 0.03203125 0.203125
0 0.76328125 0.078125 0.0265625 0.15625
0 0.59765625 0.0765625 0.021875 0.153125
0 0.5515625 0.0984375 0.02734375 0.196875
0 0.46796875 0.096875 0.02890625 0.19140625
0 0.57421875 0.0890625 0.02421875 0.178125
0 0.8234375 0.06875 0.025 0.13671875
0 0.02109375 0.2734375 0.0421875 0.45546875
0 0.0359375 0.315625 0.071875 0.52578125
0 0.853125 0.075 0.02734375 0.15
0 0.7921875 0.07109375 0.025 0.1421875
0 0.60625 0.103125 0.02890625 0.20625
0 0.83671875 0.08359375 0.0296875 0.1671875
0 0.94140625 0.53125 0.115625 0.91875
0 0.68671875 0.08515625 0.02578125 0.1703125
0 0.7546875 0.07109375 0.025 0.1421875
0 0.23984375 0.30546875 0.10390625 0.5203125