0 0.33671875 0.15625 0.05 0.28203125
0 0.84140625 0.0671875 0.025 0.134375
0 0.153125 0.153125 0.05703125 0.26875
0 0.946875 0.2421875 0.0828125 0.453125
0 0.55390625 0.0734375 0.02109375 0.146875
0 0.88671875 0.09140625 0.03359375 0.18203125
0 0.85390625 0.071875 0.0265625 0.14375
0 0.690625 0.08515625 0.0265625 0.1703125
0 0.8140625 0.075 0.02734375 0.15
0 0.246875 0.21171875 0.07265625 0.36796875
0 0.84765625 0.08515625 0.03046875 0.1703125
0 0.765625 0.0734375 0.025 0.146875
0 0.8671875 0.234375 0.07578125 0.4359375
0 0.79375 0.0703125 0.025 0.140625