0 0.69453125 0.1296875 0.03828125 0.25703125
0 0.92734375 0.04140625 0.0171875 0.0828125
0 0.5796875 0.13828125 0.0359375 0.265625
0 0.5 0.13125 0.03671875 0.24921875
0 0.0875 0.53046875 0.175 0.8734375
0 0.69921875 0.08359375 0.0265625 0.1671875
0 0.625 0.059375 0.01875 0.11875
0 0.37578125 0.16796875 0.05234375 0.3046875
0 0.89140625 0.04140625 0.0171875 0.0828125
0 0.503125 0.1015625 0.0296875 0.2015625
0 0.51171875 0.09140625 0.0265625 0.1828125
0 0.61640625 0.128125 0.03515625 0.25
0 0.9296875 0.08828125 0.03359375 0.1765625
0 0.93515625 0.10546875 0.03984375 0.21015625