0 0.41015625 0.1609375 0.0484375 0.29453125
0 0.946875 0.31796875 0.10546875 0.57421875
0 0.24296875 0.20625 0.07109375 0.359375
0 0.43203125 0.109375 0.03359375 0.2109375
0 0.271875 0.309375 0.10234375 0.528125
0 0.77109375 0.34921875 0.10078125 0.61796875
0 0.32109375 0.13984375 0.04609375 0.25546875
0 0.30390625 0.14453125 0.04765625 0.26171875
0 0.103125 0.5390625 0.20546875 0.8890625
0 0.89609375 0.04296875 0.01875 0.08515625
0 0.92109375 0.10625 0.0390625 0.2125
0 0.5296875 0.12109375 0.0328125 0.23515625
0 0.40078125 0.14140625 0.04375 0.26328125
0 0.1203125 0.16484375 0.06171875 0.28515625
0 0.90703125 0.11171875 0.040625 0.2234375