0 0.6921875 0.08515625 0.0265625 0.1703125
0 0.02421875 0.44921875 0.0484375 0.73671875
0 0.5703125 0.071875 0.021875 0.14375
0 0.39375 0.12890625 0.03984375 0.24140625
0 0.82890625 0.06875 0.0265625 0.1375
0 0.85234375 0.071875 0.0265625 0.14375
0 0.46015625 0.54609375 0.15703125 0.90625
0 0.640625 0.54921875 0.16328125 0.89921875
0 0.334375 0.1390625 0.0453125 0.25390625
0 0.43359375 0.13046875 0.03984375 0.24609375
0 0.84765625 0.08515625 0.03046875 0.1703125
0 0.76640625 0.0734375 0.025 0.146875
0 0.14140625 0.15390625 0.0578125 0.26953125
0 0.7953125 0.0703125 0.02421875 0.140625
0 0.1609375 0.2890625 0.1046875 0.4890625
0 0.8125 0.075 0.0265625 0.15