0 0.890625 0.0421875 0.01796875 0.084375
0 0.753125 0.08359375 0.02734375 0.16640625
0 0.5046875 0.09375 0.028125 0.1875
0 0.76875 0.0734375 0.025 0.146875
0 0.71328125 0.08203125 0.0265625 0.1640625
0 0.89296875 0.040625 0.01796875 0.08046875
0 0.81484375 0.07578125 0.0265625 0.15078125
0 0.58515625 0.09609375 0.0265625 0.1921875
0 0.0421875 0.440625 0.08359375 0.72578125
0 0.51796875 0.103125 0.02890625 0.2046875
0 0.48203125 0.096875 0.0296875 0.19375
0 0.9234375 0.04296875 0.01953125 0.0859375
0 0.80234375 0.0703125 0.025 0.140625
0 0.59765625 0.06875 0.01953125 0.13671875
0 0.85703125 0.084375 0.0296875 0.16875
0 0.85390625 0.07265625 0.02734375 0.1453125
0 0.8390625 0.06875 0.025 0.1375
0 0.428125 0.09375 0.0296875 0.18515625
0 0.3359375 0.16484375 0.05234375 0.29609375
0 0.18671875 0.23046875 0.08203125 0.3953125