0 0.13125 0.32734375 0.12109375 0.54921875
0 0.95390625 0.04140625 0.01875 0.08203125
0 0.1515625 0.15546875 0.0578125 0.27109375
0 0.73046875 0.0515625 0.0171875 0.103125
0 0.528125 0.16015625 0.0421875 0.2984375
0 0.7953125 0.06953125 0.025 0.1390625
0 0.9890625 0.134375 0.02109375 0.26875
0 0.61640625 0.071875 0.02109375 0.14375
0 0.85703125 0.0734375 0.02734375 0.14609375
0 0.696875 0.05 0.0171875 0.1
0 0.81328125 0.07421875 0.0265625 0.1484375
0 0.853125 0.084375 0.03125 0.16875
0 0.790625 0.1765625 0.0546875 0.33828125
0 0.7265625 0.05546875 0.01953125 0.1109375
0 0.26484375 0.25 0.08359375 0.43125
0 0.74453125 0.05625 0.01953125 0.11171875
0 0.6828125 0.084375 0.025 0.16875
0 0.33984375 0.24609375 0.07734375 0.4296875
0 0.6546875 0.1859375 0.05078125 0.34609375
0 0.84140625 0.06796875 0.025 0.13515625
0 0.07265625 0.315625 0.121875 0.5265625
0 0.9671875 0.04140625 0.01875 0.0828125
0 0.7609375 0.0734375 0.025 0.14609375