0 0.74765625 0.0625 0.021875 0.125
0 0.81015625 0.075 0.02578125 0.15
0 0.81015625 0.09296875 0.03203125 0.1859375
0 0.70546875 0.06328125 0.02109375 0.12578125
0 0.79765625 0.06953125 0.0234375 0.1390625
0 0.83515625 0.06875 0.0265625 0.1375
0 0.76875 0.0734375 0.025 0.146875
0 0.796875 0.09921875 0.03359375 0.1984375
0 0.85390625 0.084375 0.0296875 0.16875
0 0.85234375 0.07265625 0.02734375 0.1453125
0 0.75859375 0.0859375 0.028125 0.17109375
0 0.40625 0.09921875 0.03125 0.19296875
0 0.6921875 0.0546875 0.01796875 0.109375
0 0.48359375 0.109375 0.03203125 0.2140625
0 0.665625 0.05859375 0.01875 0.11640625
0 0.53046875 0.1109375 0.03046875 0.21875
0 0.7140625 0.084375 0.0265625 0.16875
0 0.7328125 0.0671875 0.02265625 0.134375
0 0.54609375 0.10546875 0.02890625 0.2109375
0 0.4796875 0.1015625 0.03046875 0.2015625