0 0.55390625 0.10546875 0.02890625 0.21015625
0 0.7046875 0.06484375 0.02109375 0.1296875
0 0.5296875 0.1109375 0.03125 0.21875
0 0.8546875 0.084375 0.03046875 0.16875
0 0.64921875 0.05625 0.0171875 0.1125
0 0.821875 0.06796875 0.02421875 0.13515625
0 0.79609375 0.0703125 0.025 0.140625
0 0.734375 0.06640625 0.021875 0.1328125
0 0.85390625 0.07265625 0.02734375 0.1453125
0 0.6515625 0.0625 0.01953125 0.125
0 0.71875 0.084375 0.028125 0.16875
0 0.89296875 0.04140625 0.01796875 0.08203125
0 0.478125 0.11015625 0.03203125 0.21484375
0 0.4875 0.10078125 0.0296875 0.19921875
0 0.67734375 0.09296875 0.028125 0.1859375
0 0.8125 0.07578125 0.0265625 0.15078125
0 0.63359375 0.09453125 0.02734375 0.1890625
0 0.75703125 0.0859375 0.02890625 0.171875
0 0.76953125 0.0734375 0.025 0.146875