0 0.584375 0.1734375 0.04453125 0.321875
0 0.95546875 0.05625 0.0234375 0.1125
0 0.98984375 0.31953125 0.01875 0.58125
0 0.515625 0.34375 0.08828125 0.59453125
0 0.92109375 0.05546875 0.0234375 0.1109375
0 0.47890625 0.11875 0.034375 0.228125
0 0.9 0.0421875 0.01796875 0.084375
0 0.91796875 0.10625 0.0390625 0.21171875
0 0.32265625 0.14296875 0.046875 0.26015625
0 0.40078125 0.1015625 0.03203125 0.1984375
0 0.42734375 0.13046875 0.0390625 0.2453125
0 0.9203125 0.04375 0.01875 0.08671875
0 0.83359375 0.04453125 0.0171875 0.0890625
0 0.38515625 0.18828125 0.05703125 0.33671875
0 0.95390625 0.04453125 0.0203125 0.0890625
0 0.26796875 0.3171875 0.10546875 0.53984375
0 0.2296875 0.26953125 0.0921875 0.4609375
0 0.9265625 0.11328125 0.04140625 0.22578125
0 0.77734375 0.04296875 0.01640625 0.08515625
0 0.67421875 0.0578125 0.01875 0.115625
0 0.3265625 0.13671875 0.0453125 0.25078125
0 0.40546875 0.0953125 0.03046875 0.18671875
0 0.41796875 0.140625 0.04296875 0.2609375
0 0.53203125 0.1265625 0.034375 0.24375
0 0.3875 0.32578125 0.09609375 0.56015625
0 0.3328125 0.1140625 0.03828125 0.2140625