0 0.7125 0.08125 0.025 0.1625
0 0.4765625 0.09296875 0.02734375 0.18515625
0 0.33984375 0.140625 0.04609375 0.25703125
0 0.74296875 0.08125 0.0265625 0.16171875
0 0.7671875 0.0734375 0.02578125 0.146875
0 0.88046875 0.0421875 0.01796875 0.084375
0 0.125 0.3328125 0.12421875 0.55859375
0 0.48125 0.10859375 0.03203125 0.2109375
0 0.85390625 0.07265625 0.02734375 0.1453125
0 0.59296875 0.06796875 0.01953125 0.1359375
0 0.8375 0.06875 0.02578125 0.13671875
0 0.90625 0.04453125 0.01875 0.0890625
0 0.2640625 0.1921875 0.06484375 0.33828125
0 0.5671875 0.09140625 0.025 0.18203125
0 0.85703125 0.084375 0.0296875 0.16875
0 0.81484375 0.07578125 0.0265625 0.15078125
0 0.88046875 0.04375 0.01875 0.08671875
0 0.98515625 0.15859375 0.0265625 0.3171875
0 0.8 0.06953125 0.02421875 0.1390625
0 0.49765625 0.090625 0.0265625 0.18046875