0 0.4484375 0.08984375 0.02734375 0.1796875
0 0.60859375 0.115625 0.03203125 0.22890625
0 0.86171875 0.07109375 0.0265625 0.1421875
0 0.17890625 0.1484375 0.05390625 0.26171875
0 0.5609375 0.0890625 0.02421875 0.178125
0 0.14609375 0.22890625 0.08359375 0.390625
0 0.4671875 0.11953125 0.03515625 0.23046875
0 0.57265625 0.11796875 0.03125 0.23125
0 0.09609375 0.159375 0.06171875 0.27578125
0 0.44375 0.22890625 0.06484375 0.40625
0 0.5265625 0.121875 0.03359375 0.2359375
0 0.77109375 0.253125 0.07421875 0.46171875
0 0.4765625 0.10390625 0.03046875 0.20390625
0 0.83984375 0.0671875 0.025 0.134375
0 0.50390625 0.09765625 0.02890625 0.1953125
0 0.4140625 0.1203125 0.0375 0.228125
0 0.71171875 0.178125 0.05078125 0.33671875