0 0.4109375 0.33984375 0.09765625 0.58359375
0 0.76796875 0.271875 0.0796875 0.49140625
0 0.08203125 0.1671875 0.06484375 0.28828125
0 0.19609375 0.29765625 0.1046875 0.5046875
0 0.625 0.0625 0.01953125 0.125
0 0.52109375 0.19921875 0.05234375 0.36171875
0 0.48046875 0.1390625 0.03984375 0.26171875
0 0.2953125 0.26953125 0.0875 0.465625
0 0.49140625 0.1109375 0.03203125 0.21640625
0 0.5546875 0.1359375 0.0359375 0.26015625
0 0.49140625 0.27421875 0.07265625 0.48203125
0 0.45703125 0.1953125 0.05546875 0.3515625
0 0.50546875 0.10390625 0.03046875 0.20625
0 0.47421875 0.10390625 0.03125 0.2046875
0 0.11875 0.16328125 0.06171875 0.28359375
0 0.07109375 0.3171875 0.12265625 0.53046875