0 0.2953125 0.1828125 0.06015625 0.3234375
0 0.1515625 0.153125 0.05703125 0.26796875
0 0.5546875 0.0734375 0.02109375 0.146875
0 0.95234375 0.19609375 0.06953125 0.378125
0 0.84609375 0.0859375 0.03046875 0.17109375
0 0.815625 0.07578125 0.0265625 0.15078125
0 0.8546875 0.071875 0.028125 0.14375
0 0.79375 0.0703125 0.025 0.140625
0 0.86875 0.1953125 0.0640625 0.371875
0 0.3421875 0.13671875 0.04453125 0.2515625
0 0.690625 0.08515625 0.0265625 0.1703125
0 0.765625 0.0734375 0.025 0.146875
0 0.7875 0.0921875 0.03046875 0.184375
0 0.8328125 0.06875 0.025 0.1375