0 0.33984375 0.125 0.04140625 0.23125
0 0.81875 0.075 0.0265625 0.15
0 0.553125 0.09140625 0.025 0.18203125
0 0.53203125 0.103125 0.02890625 0.20546875
0 0.490625 0.096875 0.028125 0.19375
0 0.703125 0.0546875 0.01796875 0.109375
0 0.85 0.08515625 0.03046875 0.1703125
0 0.85859375 0.0734375 0.02734375 0.146875
0 0.7625 0.0734375 0.025 0.146875
0 0.88828125 0.04453125 0.01875 0.0890625
0 0.39296875 0.26796875 0.07890625 0.46796875
0 0.74296875 0.04296875 0.01640625 0.0859375
0 0.7 0.084375 0.02578125 0.16875
0 0.01796875 0.3171875 0.03515625 0.525
0 0.86015625 0.0421875 0.01796875 0.084375
0 0.9921875 0.10546875 0.0140625 0.2109375
0 0.784375 0.06875 0.025 0.1375
0 0.809375 0.040625 0.01640625 0.08046875
0 0.125 0.1609375 0.06015625 0.27890625
0 0.840625 0.06875 0.02578125 0.13671875
0 0.86875 0.04296875 0.01796875 0.08515625
0 0.7109375 0.05625 0.01875 0.1125
0 0.9140625 0.0453125 0.01953125 0.090625