0 0.4 0.10390625 0.03359375 0.2
0 0.23203125 0.196875 0.06796875 0.34453125
0 0.0765625 0.409375 0.153125 0.68046875
0 0.66328125 0.20390625 0.05546875 0.37578125
0 0.3328125 0.14140625 0.04609375 0.259375
0 0.44609375 0.24140625 0.06796875 0.42578125
0 0.95546875 0.09453125 0.0359375 0.1890625
0 0.99375 0.0953125 0.01171875 0.190625
0 0.02890625 0.1890625 0.05703125 0.3203125
0 0.8890625 0.26640625 0.08671875 0.48828125
0 0.4609375 0.0984375 0.03046875 0.19453125
0 0.51796875 0.16484375 0.04375 0.30546875
0 0.35390625 0.240625 0.07421875 0.41953125
0 0.52421875 0.10625 0.03046875 0.2109375
0 0.3640625 0.10859375 0.03515625 0.20625
0 0.684375 0.08359375 0.025 0.1671875
0 0.434375 0.10859375 0.0328125 0.21015625