0 0.153125 0.153125 0.05703125 0.26875
0 0.3953125 0.1078125 0.03359375 0.20625
0 0.44609375 0.10546875 0.03203125 0.20546875
0 0.55390625 0.0734375 0.02109375 0.146875
0 0.740625 0.3703125 0.1046875 0.6484375
0 0.8953125 0.390625 0.12421875 0.68828125
0 0.36328125 0.11484375 0.0375 0.21640625
0 0.13203125 0.315625 0.1171875 0.53046875
0 0.8296875 0.06796875 0.025 0.13515625
0 0.85078125 0.071875 0.0265625 0.14375
0 0.8140625 0.075 0.02734375 0.15
0 0.6921875 0.08515625 0.0265625 0.1703125
0 0.765625 0.0734375 0.025 0.146875
0 0.26796875 0.209375 0.06953125 0.36484375
0 0.84921875 0.08515625 0.03046875 0.1703125
0 0.79453125 0.0703125 0.025 0.140625