0 0.71640625 0.06328125 0.02109375 0.12578125
0 0.2 0.1671875 0.06015625 0.29375
0 0.75546875 0.0859375 0.028125 0.17109375
0 0.49609375 0.10078125 0.0296875 0.19921875
0 0.1984375 0.28359375 0.09921875 0.48125
0 0.85703125 0.084375 0.0296875 0.16875
0 0.7953125 0.06953125 0.025 0.1390625
0 0.83203125 0.06875 0.025 0.13671875
0 0.48203125 0.11015625 0.03203125 0.21484375
0 0.9421875 0.06953125 0.028125 0.1390625
0 0.37578125 0.109375 0.03515625 0.20859375
0 0.8109375 0.07578125 0.0265625 0.15078125
0 0.5265625 0.11171875 0.03125 0.21953125
0 0.72734375 0.0640625 0.0203125 0.128125
0 0.31953125 0.16484375 0.05390625 0.29609375
0 0.25234375 0.1703125 0.05859375 0.3015625
0 0.5609375 0.1046875 0.02890625 0.209375
0 0.8453125 0.04296875 0.01796875 0.08515625
0 0.76484375 0.0734375 0.025 0.14609375
0 0.296875 0.28671875 0.09296875 0.49296875
0 0.721875 0.084375 0.02734375 0.16875
0 0.94765625 0.1046875 0.03984375 0.209375