0 0.8328125 0.06875 0.025 0.13671875
0 0.5296875 0.090625 0.02578125 0.18046875
0 0.11171875 0.17578125 0.06640625 0.303125
0 0.6625 0.296875 0.07890625 0.528125
0 0.43125 0.165625 0.0484375 0.30390625
0 0.959375 0.08984375 0.03515625 0.1796875
0 0.490625 0.09296875 0.02734375 0.1859375
0 0.79609375 0.0703125 0.025 0.140625
0 0.35625 0.2421875 0.07421875 0.4234375
0 0.37109375 0.16875 0.05234375 0.3046875
0 0.6921875 0.08515625 0.0265625 0.1703125
0 0.9203125 0.0875 0.03359375 0.175
0 0.8078125 0.075 0.0265625 0.15
0 0.15703125 0.1515625 0.05625 0.26640625
0 0.76328125 0.0734375 0.025 0.146875
0 0.284375 0.15859375 0.053125 0.28359375
0 0.55703125 0.0734375 0.02109375 0.146875
0 0.85234375 0.071875 0.0265625 0.14375
0 0.090625 0.215625 0.08203125 0.36640625
0 0.84453125 0.0859375 0.03046875 0.17109375
0 0.978125 0.06640625 0.02734375 0.13203125