0 0.940625 0.04296875 0.01953125 0.08515625
0 0.79375 0.0703125 0.02421875 0.140625
0 0.7390625 0.053125 0.01875 0.10625
0 0.70078125 0.084375 0.0265625 0.16875
0 0.12421875 0.15859375 0.06015625 0.27578125
0 0.8109375 0.040625 0.01640625 0.08046875
0 0.38203125 0.1 0.03203125 0.19296875
0 0.853125 0.084375 0.03125 0.16875
0 0.753125 0.0546875 0.01953125 0.109375
0 0.91640625 0.0421875 0.01875 0.084375
0 0.76484375 0.0734375 0.025 0.14609375
0 0.46328125 0.08984375 0.02734375 0.1796875
0 0.85546875 0.0734375 0.02734375 0.14609375
0 0.83984375 0.06796875 0.025 0.13515625
0 0.48671875 0.096875 0.0296875 0.19375
0 0.81484375 0.07421875 0.0265625 0.1484375
0 0.73046875 0.0453125 0.01640625 0.090625
0 0.41015625 0.1 0.03203125 0.19453125
0 0.9921875 0.09609375 0.0125 0.1921875
0 0.31328125 0.14921875 0.04921875 0.27109375
0 0.54765625 0.096875 0.0265625 0.19375
0 0.4296875 0.21953125 0.06328125 0.38984375