0 0.81640625 0.0484375 0.01875 0.09609375
0 0.45 0.0890625 0.02734375 0.178125
0 0.8015625 0.0515625 0.01953125 0.103125
0 0.8578125 0.07421875 0.028125 0.1484375
0 0.1890625 0.15078125 0.0546875 0.265625
0 0.6875 0.08515625 0.0265625 0.1703125
0 0.8359375 0.06875 0.025 0.1375
0 0.36796875 0.2484375 0.07578125 0.434375
0 0.17578125 0.215625 0.07734375 0.37109375
0 0.80390625 0.04453125 0.0171875 0.0890625
0 0.23515625 0.221875 0.07578125 0.38515625
0 0.7421875 0.04765625 0.0171875 0.0953125
0 0.84765625 0.053125 0.02109375 0.10625
0 0.7359375 0.16328125 0.04921875 0.31328125
0 0.61171875 0.15390625 0.04140625 0.29375
0 0.74453125 0.04375 0.0171875 0.0875
0 0.97890625 0.10546875 0.040625 0.21015625
0 0.3078125 0.12578125 0.0421875 0.23046875
0 0.4515625 0.12890625 0.03828125 0.24375
0 0.66875 0.16171875 0.0453125 0.30859375
0 0.76484375 0.078125 0.0265625 0.15625
0 0.51015625 0.24375 0.0640625 0.434375
0 0.7625 0.04921875 0.01796875 0.0984375
0 0.11328125 0.1625 0.06171875 0.28203125
0 0.76953125 0.04453125 0.0171875 0.0890625
0 0.76171875 0.05859375 0.02109375 0.11640625
0 0.77265625 0.04609375 0.0171875 0.0921875
0 0.81484375 0.0765625 0.02734375 0.153125
0 0.0203125 0.278125 0.03984375 0.46328125
0 0.32265625 0.23671875 0.075 0.41171875
0 0.809375 0.046875 0.01796875 0.09375
0 0.79921875 0.0703125 0.025 0.140625
0 0.75078125 0.07109375 0.02421875 0.14140625
0 0.825 0.05234375 0.01953125 0.1046875
0 0.51875 0.08828125 0.02578125 0.17578125
0 0.73046875 0.05703125 0.01953125 0.1140625
0 0.5890625 0.40078125 0.1015625 0.690625