0 0.76484375 0.0734375 0.025 0.14609375
0 0.5671875 0.07265625 0.0203125 0.1453125
0 0.71640625 0.08359375 0.0265625 0.1671875
0 0.05390625 0.44609375 0.1078125 0.7359375
0 0.45390625 0.10234375 0.03046875 0.20078125
0 0.65390625 0.06328125 0.01953125 0.1265625
0 0.6578125 0.11875 0.034375 0.23671875
0 0.6515625 0.0828125 0.025 0.165625
0 0.70390625 0.0546875 0.01796875 0.109375
0 0.4921875 0.1078125 0.03125 0.21171875
0 0.75390625 0.0859375 0.02890625 0.17109375
0 0.815625 0.07578125 0.0265625 0.15078125
0 0.853125 0.084375 0.03046875 0.16875
0 0.60234375 0.07578125 0.02109375 0.1515625
0 0.8515625 0.07265625 0.0265625 0.1453125
0 0.5359375 0.10703125 0.0296875 0.21328125
0 0.7953125 0.0703125 0.02421875 0.140625
0 0.83203125 0.06796875 0.02421875 0.1359375