0 0.25078125 0.26875 0.090625 0.46171875
0 0.7953125 0.06953125 0.025 0.1390625
0 0.765625 0.0734375 0.025 0.146875
0 0.8328125 0.06796875 0.025 0.1359375
0 0.63515625 0.05703125 0.01796875 0.1140625
0 0.85078125 0.071875 0.0265625 0.14375
0 0.6359375 0.109375 0.03125 0.21875
0 0.815625 0.07578125 0.0265625 0.15078125
0 0.853125 0.084375 0.03046875 0.16875
0 0.5609375 0.071875 0.0203125 0.14375
0 0.45234375 0.10078125 0.03046875 0.196875
0 0.75390625 0.0859375 0.02890625 0.17109375
0 0.60234375 0.071875 0.0203125 0.14375
0 0.70859375 0.08359375 0.0265625 0.1671875
0 0.49140625 0.103125 0.03046875 0.20390625
0 0.59375 0.090625 0.02578125 0.18125