0 0.93828125 0.3640625 0.1203125 0.64921875
0 0.0140625 0.31328125 0.028125 0.5203125
0 0.81796875 0.040625 0.01640625 0.08046875
0 0.59609375 0.08125 0.0234375 0.1625
0 0.8546875 0.05078125 0.0203125 0.10078125
0 0.8296875 0.04921875 0.01953125 0.0984375
0 0.8484375 0.06875 0.025 0.1375
0 0.103125 0.46328125 0.1765625 0.76640625
0 0.8078125 0.04609375 0.01796875 0.09140625
0 0.684375 0.084375 0.02578125 0.16875
0 0.78828125 0.06875 0.0234375 0.1375
0 0.00625 0.4984375 0.0125 0.81328125
0 0.76484375 0.04140625 0.015625 0.08203125
0 0.8140625 0.046875 0.01796875 0.09375
0 0.62109375 0.128125 0.03515625 0.25
0 0.8484375 0.08515625 0.03046875 0.1703125
0 0.31796875 0.42109375 0.13359375 0.7109375
0 0.1265625 0.1609375 0.06015625 0.27890625
0 0.76171875 0.0734375 0.025 0.146875
0 0.99296875 0.121875 0.01328125 0.24375
0 0.81484375 0.07421875 0.0265625 0.1484375
0 0.51484375 0.11796875 0.0328125 0.22890625
0 0.85703125 0.0734375 0.02734375 0.146875