0 0.7359375 0.06328125 0.02109375 0.1265625
0 0.2765625 0.17421875 0.05859375 0.309375
0 0.7109375 0.046875 0.015625 0.09375
0 0.85078125 0.071875 0.0265625 0.14375
0 0.82890625 0.06875 0.025 0.13671875
0 0.69375 0.08515625 0.0265625 0.1703125
0 0.5296875 0.07421875 0.02109375 0.1484375
0 0.809375 0.075 0.0265625 0.15
0 0.4765625 0.12578125 0.0359375 0.240625
0 0.440625 0.19140625 0.0546875 0.3453125
0 0.8140625 0.046875 0.01875 0.09375
0 0.43671875 0.109375 0.03359375 0.21171875
0 0.7984375 0.04609375 0.01875 0.0921875
0 0.15234375 0.16015625 0.059375 0.2796875
0 0.80546875 0.06171875 0.0234375 0.1234375
0 0.76171875 0.0734375 0.025 0.14609375
0 0.790625 0.06171875 0.021875 0.1234375
0 0.79921875 0.07109375 0.025 0.14140625
0 0.84453125 0.0859375 0.03046875 0.17109375
0 0.5046875 0.09609375 0.028125 0.19140625