0 0.01171875 0.5578125 0.0234375 0.88203125
0 0.753125 0.06484375 0.02265625 0.1296875
0 0.63828125 0.34375 0.08828125 0.6
0 0.596875 0.19453125 0.04921875 0.35703125
0 0.696875 0.0515625 0.01875 0.103125
0 0.52109375 0.33671875 0.0859375 0.584375
0 0.68671875 0.18984375 0.053125 0.35546875
0 0.12265625 0.16328125 0.06171875 0.284375
0 0.084375 0.1671875 0.06484375 0.28828125
0 0.0765625 0.56953125 0.153125 0.8578125
0 0.4 0.09609375 0.03046875 0.1890625
0 0.490625 0.153125 0.0421875 0.28515625
0 0.34609375 0.1109375 0.03671875 0.20859375
0 0.475 0.09140625 0.02734375 0.18203125
0 0.5390625 0.140625 0.0375 0.26875
0 0.3234375 0.16796875 0.0546875 0.3
0 0.57890625 0.14375 0.03828125 0.275