0 0.01015625 0.3890625 0.0203125 0.6390625
0 0.6671875 0.2515625 0.0671875 0.453125
0 0.490625 0.10078125 0.02890625 0.2
0 0.39296875 0.146875 0.04453125 0.26953125
0 0.34609375 0.13515625 0.04375 0.2484375
0 0.853125 0.04609375 0.01875 0.0921875
0 0.7484375 0.2390625 0.06953125 0.43828125
0 0.25 0.384375 0.1296875 0.6484375
0 0.40078125 0.13359375 0.040625 0.2484375
0 0.515625 0.4515625 0.11640625 0.76875
0 0.4203125 0.2171875 0.06328125 0.3859375
0 0.30703125 0.1421875 0.04765625 0.25859375
0 0.15 0.1609375 0.059375 0.28125
0 0.37890625 0.17578125 0.05390625 0.315625
0 0.921875 0.10625 0.040625 0.2125
0 0.90703125 0.11171875 0.040625 0.2234375