0 0.765625 0.07890625 0.0265625 0.15703125
0 0.48671875 0.14921875 0.04140625 0.27890625
0 0.48515625 0.090625 0.02734375 0.18046875
0 0.690625 0.1140625 0.034375 0.228125
0 0.72265625 0.05078125 0.01796875 0.10078125
0 0.30078125 0.1328125 0.04453125 0.24375
0 0.74765625 0.0515625 0.01875 0.103125
0 0.5171875 0.15859375 0.0421875 0.29453125
0 0.41796875 0.13828125 0.04140625 0.25859375
0 0.68828125 0.0578125 0.01875 0.115625
0 0.83359375 0.06953125 0.025 0.1390625
0 0.8140625 0.07578125 0.0265625 0.1515625
0 0.66484375 0.05703125 0.0171875 0.1140625
0 0.71484375 0.05859375 0.01953125 0.11640625
0 0.58984375 0.1140625 0.03046875 0.2265625
0 0.79609375 0.0703125 0.025 0.140625
0 0.7921875 0.14921875 0.04765625 0.29453125
0 0.63984375 0.17734375 0.04765625 0.33203125
0 0.6390625 0.0640625 0.01875 0.128125
0 0.75390625 0.0703125 0.02421875 0.140625
0 0.725 0.05234375 0.01796875 0.1046875
0 0.85546875 0.07421875 0.0265625 0.1484375
0 0.26015625 0.16171875 0.05546875 0.28828125
0 0.68671875 0.08515625 0.02578125 0.1703125
0 0.5078125 0.12421875 0.03515625 0.2390625
0 0.63203125 0.11640625 0.0328125 0.2328125
0 0.3703125 0.13203125 0.0421875 0.24609375
0 0.3546875 0.15234375 0.04765625 0.2765625