0 0.48984375 0.10078125 0.0296875 0.2
0 0.790625 0.04921875 0.01875 0.0984375
0 0.334375 0.11484375 0.03828125 0.21484375
0 0.98828125 0.06953125 0.0203125 0.1390625
0 0.715625 0.08515625 0.02734375 0.1703125
0 0.834375 0.06875 0.025 0.1375
0 0.796875 0.0703125 0.025 0.140625
0 0.76875 0.0734375 0.025 0.146875
0 0.85078125 0.07265625 0.02734375 0.1453125
0 0.71875 0.04921875 0.0171875 0.0984375
0 0.52578125 0.1109375 0.03125 0.21875
0 0.3765625 0.11171875 0.0359375 0.21171875
0 0.7453125 0.09921875 0.03203125 0.1984375
0 0.75390625 0.08515625 0.028125 0.1703125
0 0.85546875 0.084375 0.0296875 0.16875
0 0.628125 0.06875 0.021875 0.1375
0 0.80703125 0.07421875 0.02578125 0.1484375
0 0.37890625 0.15859375 0.04921875 0.2890625
0 0.65703125 0.0921875 0.02734375 0.184375
0 0.90625 0.0640625 0.025 0.128125
0 0.55234375 0.10546875 0.02890625 0.2109375
0 0.4828125 0.11171875 0.0328125 0.21875
0 0.73671875 0.04921875 0.01796875 0.0984375
0 0.71484375 0.046875 0.01640625 0.09375
0 0.8546875 0.065625 0.02421875 0.13046875
0 0.77578125 0.04765625 0.01796875 0.0953125
0 0.3421875 0.159375 0.05078125 0.28671875