0 0.6921875 0.08515625 0.0265625 0.1703125
0 0.37109375 0.14921875 0.046875 0.2734375
0 0.1484375 0.153125 0.05703125 0.26796875
0 0.31484375 0.15703125 0.05078125 0.28203125
0 0.84765625 0.08515625 0.03046875 0.1703125
0 0.796875 0.0703125 0.02421875 0.140625
0 0.5734375 0.0734375 0.0203125 0.14609375
0 0.8546875 0.071875 0.028125 0.14375
0 0.4234375 0.1515625 0.0453125 0.27890625
0 0.82890625 0.06875 0.0265625 0.1375
0 0.521875 0.08203125 0.025 0.1640625
0 0.8125 0.075 0.0265625 0.15
0 0.03828125 0.37421875 0.0765625 0.61953125
0 0.76796875 0.0734375 0.025 0.146875