0 0.6890625 0.08515625 0.0265625 0.1703125
0 0.3828125 0.17265625 0.053125 0.31171875
0 0.55625 0.2765625 0.06953125 0.4890625
0 0.65625 0.27265625 0.07265625 0.48828125
0 0.45703125 0.0859375 0.0265625 0.17109375
0 0.44765625 0.17109375 0.04921875 0.31171875
0 0.81640625 0.09609375 0.0328125 0.19140625
0 0.75859375 0.071875 0.0234375 0.14375
0 0.76484375 0.078125 0.0265625 0.15546875
0 0.503125 0.109375 0.03125 0.21484375
0 0.815625 0.07578125 0.0265625 0.15078125
0 0.8296875 0.06875 0.025 0.13671875
0 0.7921875 0.07109375 0.025 0.1421875
0 0.8640625 0.51875 0.1609375 0.89375
0 0.2828125 0.17890625 0.06015625 0.31640625
0 0.75234375 0.25546875 0.07421875 0.46484375
0 0.2140625 0.178125 0.0625 0.3109375
0 0.5546875 0.49765625 0.12890625 0.84375