0 0.05 0.3078125 0.09921875 0.5140625
0 0.84453125 0.06640625 0.0234375 0.1328125
0 0.703125 0.12578125 0.0375 0.25078125
0 0.81171875 0.075 0.0265625 0.15
0 0.79765625 0.0703125 0.025 0.140625
0 0.709375 0.046875 0.015625 0.09375
0 0.72578125 0.0546875 0.01875 0.109375
0 0.8484375 0.084375 0.03125 0.16875
0 0.49609375 0.15546875 0.04296875 0.28828125
0 0.53359375 0.0734375 0.02109375 0.146875
0 0.19609375 0.32109375 0.11328125 0.54140625
0 0.1328125 0.31328125 0.11640625 0.5265625
0 0.25703125 0.34140625 0.11484375 0.5796875
0 0.70390625 0.084375 0.0265625 0.16875
0 0.00390625 0.2109375 0.0078125 0.35390625
0 0.85546875 0.071875 0.0265625 0.14375
0 0.971875 0.0484375 0.021875 0.09609375
0 0.40078125 0.13203125 0.040625 0.24609375
0 0.7640625 0.0734375 0.025 0.146875
0 0.3859375 0.11015625 0.03515625 0.209375
0 0.70078125 0.3421875 0.09296875 0.60078125