0 0.76484375 0.0734375 0.025 0.14609375
0 0.8109375 0.07109375 0.025 0.14140625
0 0.71328125 0.084375 0.02734375 0.16875
0 0.5796875 0.075 0.02109375 0.15
0 0.59921875 0.11953125 0.03203125 0.23515625
0 0.61796875 0.0765625 0.0234375 0.153125
0 0.853125 0.084375 0.03046875 0.16875
0 0.76640625 0.05078125 0.01875 0.1015625
0 0.815625 0.07578125 0.0265625 0.15078125
0 0.75234375 0.0859375 0.028125 0.17109375
0 0.8375 0.06875 0.025 0.13671875
0 0.54609375 0.10859375 0.0296875 0.21484375
0 0.49453125 0.1078125 0.03125 0.21171875
0 0.7015625 0.0640625 0.021875 0.128125
0 0.67109375 0.07734375 0.0234375 0.1546875
0 0.47578125 0.1015625 0.03046875 0.20078125
0 0.85234375 0.07265625 0.02734375 0.1453125