0 0.8328125 0.06875 0.025 0.13671875
0 0.1015625 0.21171875 0.08046875 0.3609375
0 0.92265625 0.0984375 0.03671875 0.19609375
0 0.42734375 0.1953125 0.05703125 0.35
0 0.79609375 0.0703125 0.025 0.140625
0 0.2140625 0.1953125 0.06875 0.340625
0 0.96328125 0.0984375 0.03828125 0.19609375
0 0.03515625 0.20390625 0.06953125 0.34453125
0 0.4828125 0.08671875 0.02578125 0.1734375
0 0.8125 0.075 0.0265625 0.15
0 0.690625 0.08515625 0.0265625 0.1703125
0 0.24609375 0.30390625 0.10234375 0.51640625
0 0.5 0.08359375 0.025 0.16640625
0 0.65390625 0.3484375 0.09140625 0.61015625
0 0.55703125 0.0734375 0.02109375 0.146875
0 0.85390625 0.071875 0.0265625 0.14375
0 0.3390625 0.2 0.06328125 0.35390625
0 0.7640625 0.0734375 0.025 0.146875
0 0.84453125 0.0859375 0.03046875 0.17109375
0 0.14921875 0.15390625 0.05703125 0.26953125