0 0.62890625 0.06328125 0.01953125 0.12578125
0 0.76484375 0.0734375 0.025 0.14609375
0 0.71640625 0.08359375 0.0265625 0.1671875
0 0.6375 0.08515625 0.025 0.1703125
0 0.5625 0.07265625 0.0203125 0.1453125
0 0.834375 0.06796875 0.025 0.1359375
0 0.12578125 0.35546875 0.1328125 0.59453125
0 0.45390625 0.10234375 0.03046875 0.20078125
0 0.5375 0.10703125 0.0296875 0.21328125
0 0.85078125 0.071875 0.0265625 0.14375
0 0.75390625 0.0859375 0.02890625 0.17109375
0 0.815625 0.07578125 0.0265625 0.15078125
0 0.63984375 0.1171875 0.03359375 0.234375
0 0.853125 0.084375 0.03046875 0.16875
0 0.49453125 0.10625 0.03046875 0.209375
0 0.6015625 0.07421875 0.021875 0.1484375
0 0.7953125 0.0703125 0.02421875 0.140625
0 0.6796875 0.05546875 0.01796875 0.1109375