0 0.70078125 0.209375 0.059375 0.38671875
0 0.7 0.08359375 0.025 0.1671875
0 0.17890625 0.28046875 0.1 0.475
0 0.74921875 0.071875 0.02421875 0.14375
0 0.29609375 0.16640625 0.05546875 0.2984375
0 0.79921875 0.06953125 0.0234375 0.1390625
0 0.76484375 0.06953125 0.02421875 0.1390625
0 0.30859375 0.2515625 0.08046875 0.4359375
0 0.63515625 0.096875 0.028125 0.19375
0 0.38125 0.2734375 0.08203125 0.475
0 0.93671875 0.54609375 0.12578125 0.90546875
0 0.86328125 0.04609375 0.01875 0.09140625
0 0.4046875 0.109375 0.034375 0.21015625
0 0.49765625 0.140625 0.0390625 0.26484375
0 0.0390625 0.26875 0.078125 0.45
0 0.7703125 0.078125 0.0265625 0.15546875
0 0.57890625 0.09921875 0.02734375 0.1984375
0 0.53203125 0.08359375 0.02421875 0.16640625
0 0.45859375 0.1078125 0.03203125 0.21015625
0 0.4921875 0.09765625 0.02890625 0.1953125
0 0.53984375 0.1390625 0.03671875 0.26484375
0 0.8390625 0.0453125 0.01796875 0.090625