0 0.80546875 0.0984375 0.03359375 0.196875
0 0.72578125 0.228125 0.06484375 0.41875
0 0.6921875 0.08515625 0.0265625 0.1703125
0 0.63671875 0.25078125 0.06484375 0.45078125
0 0.4984375 0.10625 0.03046875 0.20859375
0 0.8109375 0.0765625 0.028125 0.153125
0 0.75859375 0.071875 0.0234375 0.14375
0 0.77265625 0.46640625 0.134375 0.80546875
0 0.01484375 0.37109375 0.0296875 0.61171875
0 0.76328125 0.078125 0.02578125 0.15546875
0 0.53828125 0.4578125 0.1171875 0.78046875
0 0.790625 0.07109375 0.025 0.1421875
0 0.23203125 0.16796875 0.05859375 0.296875
0 0.459375 0.159375 0.04609375 0.29453125
0 0.8296875 0.06875 0.025 0.13671875
0 0.53046875 0.25390625 0.06484375 0.45
0 0.3015625 0.16640625 0.05546875 0.2984375
0 0.4 0.1609375 0.0484375 0.29375