0 0.94609375 0.1265625 0.046875 0.253125
0 0.903125 0.1265625 0.0453125 0.253125
0 0.371875 0.1234375 0.0390625 0.2296875
0 0.55546875 0.0734375 0.02109375 0.14609375
0 0.7640625 0.0734375 0.025 0.146875
0 0.834375 0.06875 0.02578125 0.13671875
0 0.58671875 0.54609375 0.15390625 0.90546875
0 0.7984375 0.07109375 0.025 0.14140625
0 0.8125 0.075 0.0265625 0.15
0 0.17109375 0.34375 0.1234375 0.578125
0 0.4921875 0.0875 0.02578125 0.175
0 0.0203125 0.3546875 0.040625 0.5875
0 0.84375 0.0859375 0.03046875 0.17109375
0 0.85390625 0.071875 0.0265625 0.14375
0 0.03203125 0.2890625 0.06328125 0.48125
0 0.690625 0.08515625 0.0265625 0.1703125
0 0.14609375 0.15390625 0.05703125 0.26953125
0 0.27578125 0.35390625 0.11640625 0.60078125