0 0.678125 0.06328125 0.0203125 0.1265625
0 0.85703125 0.084375 0.0296875 0.16875
0 0.67265625 0.05546875 0.01796875 0.1109375
0 0.7203125 0.06328125 0.02109375 0.1265625
0 0.85390625 0.071875 0.0265625 0.14375
0 0.740625 0.0953125 0.03046875 0.190625
0 0.8140625 0.07578125 0.0265625 0.15078125
0 0.70625 0.09921875 0.03046875 0.1984375
0 0.79609375 0.0703125 0.025 0.140625
0 0.52265625 0.11171875 0.03125 0.2203125
0 0.71328125 0.084375 0.02734375 0.16875
0 0.7375 0.0671875 0.02265625 0.134375
0 0.63671875 0.05859375 0.0171875 0.1171875
0 0.76953125 0.0734375 0.025 0.146875
0 0.8453125 0.06796875 0.02578125 0.1359375
0 0.48203125 0.10078125 0.0296875 0.19921875
0 0.47265625 0.1109375 0.0328125 0.215625
0 0.553125 0.10546875 0.02890625 0.2109375
0 0.759375 0.08515625 0.028125 0.1703125