0 0.98359375 0.07265625 0.03046875 0.1453125
0 0.628125 0.06875 0.02109375 0.13671875
0 0.8328125 0.06875 0.025 0.13671875
0 0.34140625 0.14921875 0.04765625 0.27109375
0 0.3484375 0.10703125 0.0359375 0.20390625
0 0.6234375 0.090625 0.02578125 0.18046875
0 0.76875 0.0734375 0.025 0.146875
0 0.5578125 0.10546875 0.02890625 0.21015625
0 0.84921875 0.07265625 0.02734375 0.1453125
0 0.52265625 0.1109375 0.03125 0.21875
0 0.83828125 0.065625 0.02421875 0.13046875
0 0.4890625 0.11015625 0.03203125 0.21484375
0 0.378125 0.1484375 0.04609375 0.2734375
0 0.85546875 0.084375 0.0296875 0.16875
0 0.7671875 0.0484375 0.01796875 0.096875
0 0.7125 0.096875 0.03046875 0.19375
0 0.71328125 0.0859375 0.02734375 0.17109375
0 0.78203125 0.05078125 0.01875 0.10078125
0 0.378125 0.10625 0.034375 0.20390625
0 0.49140625 0.10078125 0.02890625 0.19921875
0 0.70078125 0.0484375 0.01640625 0.09609375
0 0.70703125 0.05078125 0.01796875 0.10078125
0 0.8859375 0.06328125 0.02421875 0.1265625
0 0.75546875 0.0859375 0.028125 0.171875
0 0.8 0.0703125 0.02421875 0.140625
0 0.72734375 0.05 0.01796875 0.1