0 0.65078125 0.06328125 0.01953125 0.1265625
0 0.75234375 0.17265625 0.05234375 0.33046875
0 0.85625 0.084375 0.03046875 0.16875
0 0.63828125 0.06015625 0.01875 0.1203125
0 0.1484375 0.1546875 0.0578125 0.2703125
0 0.85234375 0.07265625 0.02734375 0.1453125
0 0.7140625 0.084375 0.028125 0.16875
0 0.80078125 0.07109375 0.025 0.14140625
0 0.69375 0.0890625 0.02734375 0.178125
0 0.76875 0.0734375 0.02578125 0.146875
0 0.8140625 0.07578125 0.0265625 0.15078125
0 0.8453125 0.06640625 0.025 0.1328125
0 0.690625 0.06328125 0.0203125 0.12578125