0 0.76484375 0.0734375 0.025 0.14609375
0 0.49140625 0.1078125 0.03125 0.21171875
0 0.6890625 0.06484375 0.02109375 0.1296875
0 0.609375 0.0765625 0.021875 0.153125
0 0.58515625 0.0734375 0.02109375 0.146875
0 0.80390625 0.0703125 0.02421875 0.140625
0 0.67109375 0.07890625 0.0234375 0.1578125
0 0.4625 0.1015625 0.03046875 0.19921875
0 0.75234375 0.0859375 0.028125 0.17109375
0 0.61796875 0.1203125 0.03359375 0.2390625
0 0.815625 0.07578125 0.0265625 0.15078125
0 0.74765625 0.05234375 0.01875 0.1046875
0 0.853125 0.084375 0.03046875 0.16875
0 0.83359375 0.06796875 0.025 0.1359375
0 0.71328125 0.084375 0.02734375 0.16875
0 0.54296875 0.10859375 0.0296875 0.215625
0 0.85234375 0.07265625 0.02734375 0.1453125