0 0.42421875 0.165625 0.0484375 0.30078125
0 0.06015625 0.45703125 0.1203125 0.753125
0 0.6296875 0.153125 0.04140625 0.29140625
0 0.0921875 0.15859375 0.06171875 0.275
0 0.471875 0.1140625 0.03359375 0.2203125
0 0.5765625 0.1234375 0.0328125 0.240625
0 0.93203125 0.059375 0.0234375 0.11875
0 0.9921875 0.4546875 0.0140625 0.8
0 0.41875 0.09921875 0.03125 0.19453125
0 0.68828125 0.153125 0.04453125 0.29453125
0 0.60078125 0.0625 0.01875 0.125
0 0.478125 0.09296875 0.02734375 0.1859375
0 0.43359375 0.1125 0.034375 0.215625
0 0.13828125 0.18828125 0.06953125 0.32421875
0 0.67890625 0.1140625 0.0328125 0.228125
0 0.96171875 0.31953125 0.07578125 0.578125
0 0.5453125 0.15859375 0.04140625 0.296875
0 0.49140625 0.1609375 0.04453125 0.2984375
0 0.96953125 0.0625 0.02578125 0.125
0 0.52890625 0.13125 0.03515625 0.25078125