0 0.39453125 0.184375 0.05546875 0.33125
0 0.13203125 0.159375 0.06015625 0.278125
0 0.384375 0.16328125 0.05 0.296875
0 0.59140625 0.1890625 0.0484375 0.3484375
0 0.296875 0.1640625 0.05390625 0.29296875
0 0.3375 0.1546875 0.04921875 0.2796875
0 0.53984375 0.1109375 0.03046875 0.21875
0 0.46015625 0.10859375 0.03203125 0.2109375
0 0.946875 0.10859375 0.04140625 0.21640625
0 0.42890625 0.1078125 0.03359375 0.20859375
0 0.44375 0.090625 0.028125 0.18046875
0 0.071875 0.17890625 0.06953125 0.30546875
0 0.7296875 0.21796875 0.06328125 0.4015625