0 0.6984375 0.084375 0.025 0.16875
0 0.653125 0.0859375 0.02578125 0.17109375
0 0.1484375 0.1546875 0.0578125 0.2703125
0 0.3 0.27890625 0.08984375 0.48046875
0 0.58671875 0.06796875 0.01953125 0.13515625
0 0.84765625 0.0859375 0.03046875 0.17109375
0 0.85234375 0.07265625 0.02734375 0.1453125
0 0.56640625 0.07109375 0.0203125 0.1421875
0 0.84140625 0.06796875 0.025 0.13515625
0 0.76875 0.0734375 0.02578125 0.146875
0 0.8140625 0.07578125 0.0265625 0.15078125
0 0.7984375 0.07109375 0.025 0.14140625
0 0.6046875 0.07109375 0.021875 0.1421875