0 0.38203125 0.10078125 0.0328125 0.19375
0 0.696875 0.08359375 0.025 0.1671875
0 0.3765625 0.2265625 0.06875 0.4
0 0.66640625 0.1546875 0.04375 0.29609375
0 0.95390625 0.078125 0.03125 0.15546875
0 0.63046875 0.1875 0.05 0.346875
0 0.91015625 0.09609375 0.0359375 0.1921875
0 0.61875 0.06171875 0.01875 0.1234375
0 0.7421875 0.15546875 0.046875 0.30078125
0 0.45390625 0.09453125 0.02890625 0.18671875
0 0.65859375 0.06328125 0.01953125 0.12578125
0 0.54140625 0.096875 0.0265625 0.19375
0 0.41171875 0.09453125 0.03046875 0.1859375
0 0.5046875 0.1625 0.04453125 0.30078125
0 0.19453125 0.140625 0.05078125 0.24921875
0 0.5109375 0.09140625 0.0265625 0.18203125