0 0.77578125 0.04609375 0.0171875 0.0921875
0 0.42265625 0.1203125 0.03671875 0.228125
0 0.33203125 0.36953125 0.115625 0.628125
0 0.21875 0.1453125 0.0515625 0.259375
0 0.31484375 0.16640625 0.0546875 0.2984375
0 0.5640625 0.21171875 0.05390625 0.384375
0 0.75390625 0.58515625 0.28203125 0.828125
0 0.78125 0.26796875 0.07890625 0.48515625
0 0.88984375 0.06875 0.0265625 0.1375
0 0.659375 0.2078125 0.05625 0.38203125
0 0.50078125 0.1140625 0.03203125 0.2234375
0 0.47578125 0.23125 0.0625 0.41015625
0 0.484375 0.08671875 0.025 0.1734375
0 0.08125 0.16796875 0.06484375 0.2890625
0 0.87734375 0.246875 0.08046875 0.45703125
0 0.1390625 0.16015625 0.06015625 0.2796875