0 0.77734375 0.175 0.05390625 0.33515625
0 0.4703125 0.103125 0.03046875 0.203125
0 0.7359375 0.24296875 0.06953125 0.44296875
0 0.646875 0.06328125 0.01953125 0.12578125
0 0.3328125 0.28125 0.08828125 0.48515625
0 0.5546875 0.09453125 0.025 0.1890625
0 0.671875 0.06484375 0.02109375 0.1296875
0 0.97421875 0.0734375 0.0296875 0.14609375
0 0.63828125 0.05859375 0.01796875 0.11640625
0 0.51875 0.19140625 0.05078125 0.35
0 0.4125 0.1046875 0.0328125 0.2015625
0 0.8875 0.09296875 0.03359375 0.18515625
0 0.38125 0.10859375 0.03515625 0.20859375
0 0.12734375 0.16953125 0.0640625 0.29375
0 0.50546875 0.090625 0.0265625 0.18125
0 0.43828125 0.090625 0.02890625 0.18125
0 0.69609375 0.08359375 0.0265625 0.1671875
0 0.6859375 0.1734375 0.04921875 0.328125