0 0.6640625 0.0609375 0.01953125 0.12109375
0 0.68984375 0.053125 0.01796875 0.10546875
0 0.47265625 0.10234375 0.03046875 0.20078125
0 0.38671875 0.11171875 0.03515625 0.21171875
0 0.8140625 0.07578125 0.0265625 0.1515625
0 0.83359375 0.06953125 0.025 0.1390625
0 0.62734375 0.10546875 0.03046875 0.2109375
0 0.79609375 0.0703125 0.025 0.140625
0 0.49296875 0.12578125 0.03515625 0.240625
0 0.30859375 0.13671875 0.0453125 0.24921875
0 0.346875 0.10859375 0.0359375 0.20625
0 0.5328125 0.134375 0.0359375 0.25703125
0 0.6328125 0.059375 0.01875 0.11875
0 0.65703125 0.09921875 0.02890625 0.1984375
0 0.709375 0.0546875 0.01796875 0.109375
0 0.75390625 0.0703125 0.02421875 0.140625
0 0.765625 0.07890625 0.0265625 0.15703125
0 0.5875 0.10390625 0.02890625 0.20703125
0 0.60625 0.1375 0.03671875 0.265625
0 0.4390625 0.134375 0.03984375 0.253125
0 0.6625 0.05546875 0.01796875 0.1109375
0 0.68671875 0.08515625 0.02578125 0.1703125
0 0.42421875 0.125 0.03828125 0.23671875
0 0.609375 0.178125 0.04609375 0.33125
0 0.85546875 0.07421875 0.0265625 0.1484375