0 0.703125 0.08515625 0.0265625 0.1703125
0 0.58203125 0.06953125 0.0203125 0.1390625
0 0.584375 0.06640625 0.01875 0.1328125
0 0.83828125 0.0671875 0.025 0.134375
0 0.84765625 0.0859375 0.03046875 0.17109375
0 0.1484375 0.1546875 0.0578125 0.2703125
0 0.85234375 0.07265625 0.02734375 0.1453125
0 0.4390625 0.25703125 0.07265625 0.4515625
0 0.65625 0.0859375 0.02578125 0.171875
0 0.76875 0.0734375 0.02578125 0.146875
0 0.8140625 0.07578125 0.0265625 0.15078125
0 0.7984375 0.07109375 0.025 0.14140625
0 0.6296875 0.06953125 0.021875 0.1390625