0 0.8515625 0.06640625 0.025 0.1328125
0 0.709375 0.046875 0.015625 0.09375
0 0.79765625 0.0703125 0.025 0.140625
0 0.82578125 0.04375 0.01796875 0.08671875
0 0.80390625 0.121875 0.03984375 0.24375
0 0.13359375 0.165625 0.06171875 0.28828125
0 0.39609375 0.1 0.03203125 0.19453125
0 0.53671875 0.0734375 0.02109375 0.14609375
0 0.82734375 0.06875 0.025 0.13671875
0 0.84453125 0.0859375 0.03046875 0.17109375
0 0.48359375 0.128125 0.03671875 0.24453125
0 0.8078125 0.075 0.0265625 0.15
0 0.5171875 0.0859375 0.025 0.171875
0 0.8546875 0.04453125 0.01796875 0.0890625
0 0.21171875 0.20859375 0.0734375 0.36171875
0 0.76328125 0.0734375 0.025 0.146875
0 0.86015625 0.065625 0.025 0.13046875
0 0.79296875 0.06328125 0.02265625 0.1265625
0 0.69140625 0.084375 0.0265625 0.16875
0 0.73828125 0.1265625 0.0390625 0.253125
0 0.51875 0.20546875 0.05390625 0.371875
0 0.8546875 0.071875 0.028125 0.14375
0 0.3671875 0.13671875 0.04296875 0.253125