0 0.81328125 0.075 0.0265625 0.15
0 0.840625 0.0515625 0.01953125 0.103125
0 0.83125 0.046875 0.01875 0.09375
0 0.7953125 0.05234375 0.01953125 0.1046875
0 0.4 0.109375 0.03515625 0.21015625
0 0.096875 0.24375 0.09296875 0.4140625
0 0.2546875 0.21328125 0.07265625 0.3703125
0 0.29765625 0.12421875 0.0421875 0.228125
0 0.69453125 0.053125 0.01796875 0.10625
0 0.84140625 0.06796875 0.025 0.1359375
0 0.8515625 0.08515625 0.03046875 0.1703125
0 0.80390625 0.07109375 0.025 0.14140625
0 0.2015625 0.428125 0.15078125 0.715625
0 0.11015625 0.19296875 0.07265625 0.3296875
0 0.828125 0.04609375 0.01875 0.0921875
0 0.18515625 0.1796875 0.06484375 0.31328125
0 0.50625 0.15078125 0.04140625 0.28359375
0 0.33359375 0.20390625 0.06484375 0.36015625
0 0.85390625 0.07265625 0.0265625 0.1453125
0 0.81796875 0.05390625 0.0203125 0.10703125
0 0.5703125 0.14140625 0.03671875 0.26953125
0 0.446875 0.1078125 0.0328125 0.21015625
0 0.81953125 0.05 0.01953125 0.1
0 0.8421875 0.0453125 0.01796875 0.090625
0 0.68203125 0.05078125 0.0171875 0.10078125
0 0.7609375 0.04296875 0.01640625 0.08515625
0 0.6859375 0.084375 0.025 0.16875
0 0.7640625 0.0734375 0.025 0.146875