0 0.03671875 0.2890625 0.07265625 0.48203125
0 0.1171875 0.16171875 0.06171875 0.28046875
0 0.684375 0.084375 0.025 0.16875
0 0.1671875 0.15234375 0.05546875 0.26796875
0 0.7515625 0.0703125 0.02421875 0.140625
0 0.84921875 0.06953125 0.0265625 0.1390625
0 0.746875 0.0546875 0.01953125 0.109375
0 0.94296875 0.04609375 0.0203125 0.09140625
0 0.97109375 0.046875 0.0203125 0.09375
0 0.3703125 0.146875 0.04609375 0.2703125
0 0.83046875 0.0515625 0.0203125 0.103125
0 0.421875 0.1171875 0.0359375 0.2234375
0 0.84375 0.0453125 0.01796875 0.090625
0 0.42890625 0.14375 0.04296875 0.26796875
0 0.7953125 0.0515625 0.01875 0.103125
0 0.578125 0.2609375 0.065625 0.4640625
0 0.27109375 0.2265625 0.075 0.39375
0 0.81875 0.0484375 0.01875 0.096875
0 0.8265625 0.04609375 0.01875 0.0921875
0 0.65859375 0.05859375 0.01875 0.11640625
0 0.08046875 0.5484375 0.16015625 0.90078125
0 0.67109375 0.259375 0.06953125 0.46796875
0 0.79765625 0.0703125 0.025 0.140625
0 0.8625 0.07421875 0.02734375 0.1484375
0 0.81171875 0.07421875 0.0265625 0.1484375
0 0.83515625 0.26640625 0.08203125 0.48671875
0 0.0109375 0.46796875 0.021875 0.76484375
0 0.78203125 0.08125 0.0265625 0.1625
0 0.93046875 0.04453125 0.01953125 0.0890625
0 0.728125 0.1640625 0.0484375 0.31484375
0 0.46796875 0.084375 0.02578125 0.16875