0 0.6546875 0.05859375 0.01796875 0.11640625
0 0.1046875 0.165625 0.06328125 0.28671875
0 0.79609375 0.0703125 0.025 0.140625
0 0.01953125 0.3234375 0.03828125 0.53515625
0 0.5328125 0.0734375 0.02109375 0.146875
0 0.8421875 0.06796875 0.025 0.1359375
0 0.96328125 0.05625 0.02421875 0.11171875
0 0.65078125 0.121875 0.03515625 0.24296875
0 0.37890625 0.10703125 0.034375 0.2046875
0 0.98984375 0.059375 0.0171875 0.11875
0 0.81328125 0.07421875 0.0265625 0.1484375
0 0.30078125 0.2203125 0.071875 0.38515625
0 0.4640625 0.22109375 0.0609375 0.39375
0 0.70390625 0.084375 0.0265625 0.16875
0 0.76328125 0.0734375 0.025 0.146875
0 0.9484375 0.04140625 0.01875 0.0828125
0 0.70859375 0.046875 0.0171875 0.09375
0 0.9234375 0.04140625 0.01875 0.08203125
0 0.85546875 0.071875 0.0265625 0.14375
0 0.17265625 0.2234375 0.08046875 0.384375
0 0.25625 0.21640625 0.07265625 0.3765625
0 0.8484375 0.084375 0.03125 0.16875
0 0.43203125 0.10546875 0.03203125 0.2046875