0 0.1671875 0.1859375 0.06796875 0.32109375
0 0.86484375 0.07890625 0.0296875 0.1578125
0 0.04140625 0.26015625 0.0828125 0.4359375
0 0.4421875 0.08828125 0.02734375 0.17578125
0 0.4859375 0.125 0.0359375 0.2390625
0 0.4953125 0.165625 0.0453125 0.3046875
0 0.91015625 0.1265625 0.0453125 0.253125
0 0.42890625 0.13203125 0.03984375 0.2484375
0 0.5796875 0.1421875 0.03671875 0.27109375
0 0.2703125 0.1359375 0.046875 0.24609375
0 0.27578125 0.215625 0.071875 0.375
0 0.425 0.17578125 0.0515625 0.31875
0 0.496875 0.0859375 0.02578125 0.171875
0 0.94453125 0.4015625 0.11015625 0.709375
0 0.775 0.0421875 0.01640625 0.084375
0 0.69609375 0.1546875 0.04453125 0.2984375
0 0.6859375 0.08125 0.025 0.1625
0 0.89140625 0.07734375 0.02890625 0.1546875
0 0.83828125 0.04375 0.0171875 0.0875
0 0.39140625 0.10390625 0.03359375 0.20078125