0 0.384375 0.1671875 0.05078125 0.303125
0 0.02265625 0.35625 0.0453125 0.590625
0 0.69921875 0.084375 0.0265625 0.16875
0 0.35390625 0.14296875 0.04609375 0.26171875
0 0.421875 0.0921875 0.02890625 0.18203125
0 0.25703125 0.18984375 0.06484375 0.33359375
0 0.67109375 0.0546875 0.01796875 0.109375
0 0.3640625 0.21171875 0.065625 0.37421875
0 0.4421875 0.13984375 0.04140625 0.2609375
0 0.284375 0.17265625 0.0578125 0.30625
0 0.49453125 0.1640625 0.0453125 0.30390625
0 0.96015625 0.19921875 0.07109375 0.384375
0 0.4890625 0.08828125 0.0265625 0.17578125
0 0.12578125 0.20703125 0.078125 0.35546875
0 0.71953125 0.05546875 0.01875 0.11015625
0 0.05859375 0.1921875 0.07578125 0.3265625