0 0.43515625 0.153125 0.04453125 0.28125
0 0.31953125 0.196875 0.06328125 0.3484375
0 0.903125 0.43125 0.1375 0.7546875
0 0.50390625 0.14453125 0.03984375 0.271875
0 0.3953125 0.24296875 0.071875 0.42578125
0 0.45703125 0.1140625 0.034375 0.2203125
0 0.60078125 0.1734375 0.04453125 0.3234375
0 0.50078125 0.115625 0.03359375 0.225
0 0.4546875 0.0859375 0.0265625 0.171875
0 0.746875 0.4703125 0.1328125 0.809375
0 0.45078125 0.09453125 0.02890625 0.18671875
0 0.27109375 0.215625 0.071875 0.37578125
0 0.1859375 0.215625 0.07734375 0.371875
0 0.13125 0.159375 0.06015625 0.27890625
0 0.46875 0.0890625 0.028125 0.178125
0 0.08203125 0.17578125 0.06796875 0.3015625
0 0.9921875 0.40078125 0.0140625 0.71171875