0 0.40703125 0.21328125 0.06328125 0.378125
0 0.80546875 0.075 0.02578125 0.15
0 0.709375 0.046875 0.015625 0.09375
0 0.70859375 0.11640625 0.03515625 0.23203125
0 0.778125 0.05078125 0.01796875 0.10078125
0 0.04765625 0.315625 0.09453125 0.52578125
0 0.85390625 0.071875 0.0265625 0.14375
0 0.5296875 0.07421875 0.02109375 0.1484375
0 0.853125 0.08515625 0.03046875 0.1703125
0 0.30234375 0.28828125 0.09296875 0.4953125
0 0.83125 0.06875 0.025 0.13671875
0 0.79296875 0.0703125 0.025 0.140625
0 0.38515625 0.11953125 0.03828125 0.22578125
0 0.40703125 0.09453125 0.03046875 0.1859375
0 0.62578125 0.15859375 0.04296875 0.30078125
0 0.76328125 0.0734375 0.025 0.146875
0 0.7109375 0.0515625 0.01796875 0.103125
0 0.4984375 0.09140625 0.02734375 0.18203125
0 0.69296875 0.084375 0.0265625 0.16875