0 0.1296875 0.15859375 0.06015625 0.27578125
0 0.72734375 0.04609375 0.01640625 0.09140625
0 0.81171875 0.07421875 0.0265625 0.1484375
0 0.46484375 0.09375 0.028125 0.18671875
0 0.35703125 0.10390625 0.034375 0.19921875
0 0.85546875 0.0859375 0.03046875 0.17109375
0 0.54609375 0.1 0.02734375 0.2
0 0.0203125 0.32265625 0.040625 0.5359375
0 0.7734375 0.05390625 0.01875 0.1078125
0 0.43828125 0.20703125 0.059375 0.3703125
0 0.8421875 0.06796875 0.025 0.1359375
0 0.9515625 0.04140625 0.01875 0.0828125
0 0.703125 0.08515625 0.0265625 0.1703125
0 0.76171875 0.0734375 0.025 0.146875
0 0.85625 0.071875 0.028125 0.14375
0 0.38984375 0.10703125 0.034375 0.2046875
0 0.7921875 0.0703125 0.02421875 0.140625
0 0.7625 0.0515625 0.01875 0.103125
0 0.303125 0.1609375 0.05390625 0.2890625
0 0.3671875 0.10546875 0.034375 0.20078125
0 0.98828125 0.0921875 0.02265625 0.184375