0 0.184375 0.1484375 0.05390625 0.26171875
0 0.54375 0.17890625 0.04609375 0.3296875
0 0.46875 0.08984375 0.02734375 0.1796875
0 0.92890625 0.53828125 0.14140625 0.92109375
0 0.65234375 0.1078125 0.03203125 0.215625
0 0.52578125 0.0875 0.025 0.175
0 0.1015625 0.18359375 0.0703125 0.31484375
0 0.08984375 0.16328125 0.06328125 0.28203125
0 0.1203125 0.57578125 0.240625 0.84609375
0 0.59453125 0.546875 0.1546875 0.9046875
0 0.83359375 0.0484375 0.01953125 0.09609375
0 0.565625 0.08046875 0.02265625 0.1609375
0 0.4375 0.18671875 0.05390625 0.33671875