0 0.75703125 0.04453125 0.01640625 0.0890625
0 0.90546875 0.06015625 0.02421875 0.1203125
0 0.31015625 0.14296875 0.04765625 0.26015625
0 0.92890625 0.10703125 0.03984375 0.2140625
0 0.0609375 0.3234375 0.12109375 0.53984375
0 0.4578125 0.2453125 0.06796875 0.43359375
0 0.921875 0.21953125 0.07421875 0.41484375
0 0.8046875 0.046875 0.01875 0.09375
0 0.31953125 0.13671875 0.04453125 0.25
0 0.24765625 0.16484375 0.05703125 0.29296875
0 0.4921875 0.16875 0.04609375 0.3109375
0 0.8953125 0.44921875 0.14296875 0.78359375
0 0.86640625 0.04375 0.0171875 0.0875
0 0.5671875 0.25546875 0.06484375 0.4546875
0 0.78046875 0.04296875 0.01640625 0.08515625
0 0.90859375 0.046875 0.0203125 0.09375
0 0.88828125 0.0453125 0.01953125 0.090625
0 0.4765625 0.15546875 0.04296875 0.28828125
0 0.440625 0.12421875 0.03671875 0.23515625
0 0.346875 0.25703125 0.0796875 0.446875
0 0.3953125 0.14296875 0.04453125 0.2640625
0 0.54609375 0.14765625 0.03828125 0.27890625
0 0.38671875 0.134375 0.04140625 0.25
0 0.47265625 0.11015625 0.03203125 0.21484375
0 0.92421875 0.11328125 0.04140625 0.22578125
0 0.93046875 0.0609375 0.025 0.121875
0 0.95625 0.375 0.0859375 0.66875
0 0.36328125 0.1046875 0.034375 0.2
0 0.99453125 0.11875 0.0078125 0.2375
0 0.51875 0.1203125 0.03359375 0.23359375