0 0.84765625 0.0859375 0.03046875 0.17109375
0 0.5734375 0.07109375 0.0203125 0.14140625
0 0.1484375 0.1546875 0.0578125 0.2703125
0 0.7984375 0.07109375 0.025 0.14140625
0 0.83828125 0.0671875 0.025 0.134375
0 0.5828125 0.06640625 0.01875 0.1328125
0 0.65703125 0.0859375 0.02578125 0.171875
0 0.85234375 0.07265625 0.02734375 0.1453125
0 0.703125 0.08515625 0.0265625 0.1703125
0 0.76875 0.0734375 0.02578125 0.146875
0 0.8140625 0.07578125 0.0265625 0.15078125
0 0.40078125 0.25859375 0.07578125 0.4515625
0 0.61640625 0.07109375 0.02109375 0.14140625