0 0.83203125 0.06875 0.025 0.13671875
0 0.33203125 0.1546875 0.05 0.2796875
0 0.9421875 0.165625 0.059375 0.328125
0 0.68515625 0.09140625 0.028125 0.18203125
0 0.8875 0.16484375 0.05703125 0.32421875
0 0.8125 0.075 0.0265625 0.15
0 0.85234375 0.071875 0.0265625 0.14375
0 0.1515625 0.153125 0.05703125 0.26796875
0 0.5546875 0.0734375 0.02109375 0.146875
0 0.84609375 0.0859375 0.03046875 0.17109375
0 0.690625 0.08515625 0.0265625 0.1703125
0 0.7921875 0.0703125 0.02421875 0.140625
0 0.7640625 0.0734375 0.025 0.146875
0 0.34453125 0.121875 0.03984375 0.2265625