0 0.85625 0.0734375 0.02734375 0.14609375
0 0.17734375 0.39140625 0.13984375 0.6546875
0 0.0140625 0.31328125 0.028125 0.5203125
0 0.8484375 0.06875 0.025 0.1375
0 0.78828125 0.06875 0.0234375 0.1375
0 0.790625 0.046875 0.01796875 0.09375
0 0.76484375 0.04140625 0.015625 0.08203125
0 0.64609375 0.13203125 0.0375 0.259375
0 0.84765625 0.30234375 0.09375 0.5453125
0 0.684375 0.084375 0.02578125 0.16875
0 0.9875 0.12421875 0.02421875 0.2484375
0 0.79609375 0.0484375 0.01796875 0.09609375
0 0.809375 0.05078125 0.01953125 0.1015625
0 0.8375 0.0515625 0.0203125 0.103125
0 0.8484375 0.08515625 0.03046875 0.1703125
0 0.1265625 0.1609375 0.06015625 0.27890625
0 0.76171875 0.0734375 0.025 0.146875
0 0.6046875 0.0796875 0.02265625 0.159375
0 0.51875 0.12421875 0.034375 0.2390625
0 0.81484375 0.07421875 0.0265625 0.1484375
0 0.06015625 0.409375 0.1203125 0.678125
0 0.2515625 0.48203125 0.16328125 0.8046875