0 0.85078125 0.071875 0.0265625 0.14375
0 0.8328125 0.06875 0.025 0.13671875
0 0.6765625 0.0578125 0.01875 0.115625
0 0.75859375 0.0625 0.021875 0.125
0 0.8078125 0.07578125 0.0265625 0.15078125
0 0.79765625 0.06953125 0.0234375 0.1390625
0 0.36875 0.103125 0.03359375 0.196875
0 0.7671875 0.0734375 0.025 0.14609375
0 0.48125 0.1109375 0.03203125 0.215625
0 0.85 0.084375 0.03125 0.16875
0 0.55 0.1046875 0.02890625 0.209375
0 0.484375 0.10078125 0.0296875 0.2
0 0.7234375 0.06328125 0.02109375 0.12578125
0 0.846875 0.09140625 0.03203125 0.18203125
0 0.5328125 0.11015625 0.03046875 0.21640625
0 0.721875 0.06640625 0.021875 0.1328125
0 0.75390625 0.08515625 0.028125 0.1703125
0 0.70546875 0.05390625 0.01796875 0.10703125
0 0.71640625 0.084375 0.0265625 0.16875
0 0.409375 0.10390625 0.0328125 0.2
0 0.49453125 0.08359375 0.025 0.16640625
0 0.840625 0.09765625 0.03359375 0.1953125