0 0.184375 0.1484375 0.05390625 0.26171875
0 0.559375 0.0828125 0.02265625 0.165625
0 0.08828125 0.16328125 0.06328125 0.28125
0 0.61015625 0.08046875 0.02265625 0.16015625
0 0.584375 0.10390625 0.028125 0.20703125
0 0.68984375 0.1296875 0.03828125 0.25703125
0 0.09375 0.21875 0.08359375 0.371875
0 0.5671875 0.22890625 0.0578125 0.4109375
0 0.753125 0.04140625 0.015625 0.0828125
0 0.54921875 0.0953125 0.02578125 0.190625
0 0.91875 0.04375 0.01875 0.0875
0 0.46328125 0.24140625 0.06640625 0.428125