0 0.42734375 0.4265625 0.12109375 0.7234375
0 0.94375 0.04140625 0.01875 0.0828125
0 0.75625 0.0421875 0.01640625 0.084375
0 0.3640625 0.1078125 0.03515625 0.2046875
0 0.9125 0.04140625 0.01796875 0.08203125
0 0.32265625 0.14296875 0.046875 0.26015625
0 0.97578125 0.04296875 0.01953125 0.08515625
0 0.91796875 0.10625 0.0390625 0.21171875
0 0.9265625 0.11328125 0.04140625 0.22578125
0 0.42734375 0.13046875 0.0390625 0.2453125
0 0.47578125 0.1328125 0.0375 0.25078125
0 0.53515625 0.14609375 0.03828125 0.27578125
0 0.59921875 0.19609375 0.05 0.36015625
0 0.43125 0.10859375 0.03359375 0.21015625
0 0.2421875 0.14453125 0.05078125 0.259375
0 0.728125 0.05625 0.01953125 0.11171875
0 0.9390625 0.0515625 0.021875 0.103125
0 0.1671875 0.3875 0.13984375 0.64921875
0 0.15703125 0.3015625 0.11015625 0.509375
0 0.97421875 0.053125 0.02265625 0.10546875
0 0.86015625 0.04296875 0.01796875 0.08515625
0 0.3140625 0.38125 0.12109375 0.64609375
0 0.41796875 0.140625 0.04296875 0.2609375
0 0.33515625 0.1359375 0.04453125 0.24921875