0 0.88984375 0.0734375 0.028125 0.14609375
0 0.1421875 0.21953125 0.08125 0.37578125
0 0.884375 0.04140625 0.01875 0.0828125
0 0.67734375 0.10703125 0.0328125 0.2140625
0 0.2671875 0.146875 0.05078125 0.2640625
0 0.3828125 0.10703125 0.034375 0.2046875
0 0.53671875 0.0734375 0.02109375 0.14609375
0 0.79609375 0.0703125 0.025 0.140625
0 0.84453125 0.0859375 0.03046875 0.17109375
0 0.4328125 0.115625 0.03515625 0.22109375
0 0.62109375 0.1109375 0.03125 0.221875
0 0.709375 0.046875 0.015625 0.09375
0 0.13203125 0.16484375 0.06171875 0.28671875
0 0.921875 0.07109375 0.028125 0.1421875
0 0.49140625 0.1578125 0.04375 0.29375
0 0.8078125 0.075 0.0265625 0.15
0 0.8296875 0.06875 0.025 0.1375
0 0.76328125 0.0734375 0.025 0.146875
0 0.35 0.12421875 0.040625 0.23203125
0 0.85390625 0.0640625 0.02421875 0.128125
0 0.8546875 0.071875 0.028125 0.14375
0 0.69140625 0.084375 0.0265625 0.16875
0 0.56875 0.22734375 0.05703125 0.41015625