0 0.88125 0.04453125 0.01875 0.0890625
0 0.7 0.08359375 0.025 0.1671875
0 0.74453125 0.18671875 0.05546875 0.353125
0 0.80859375 0.0703125 0.025 0.140625
0 0.60390625 0.10078125 0.02734375 0.20078125
0 0.77421875 0.0703125 0.02421875 0.140625
0 0.64140625 0.096875 0.028125 0.19375
0 0.50859375 0.10078125 0.02890625 0.2015625
0 0.13125 0.31796875 0.11796875 0.53359375
0 0.34375 0.30390625 0.09453125 0.5234375
0 0.76640625 0.07734375 0.02578125 0.1546875
0 0.27578125 0.17890625 0.06015625 0.31796875
0 0.96015625 0.55078125 0.078125 0.896875
0 0.56484375 0.084375 0.0234375 0.16875
0 0.54375 0.146875 0.0390625 0.278125
0 0.75 0.071875 0.025 0.14375
0 0.40703125 0.11484375 0.0359375 0.21875
0 0.27578125 0.28046875 0.09296875 0.48125
0 0.5015625 0.14921875 0.04140625 0.2796875
0 0.859375 0.04375 0.01875 0.0875
0 0.47109375 0.1125 0.0328125 0.21796875