0 0.40625 0.21640625 0.06328125 0.38359375
0 0.48046875 0.21875 0.059375 0.390625
0 0.76015625 0.18046875 0.0546875 0.34296875
0 0.5328125 0.10625 0.02890625 0.21015625
0 0.0953125 0.16171875 0.06171875 0.27890625
0 0.44140625 0.14140625 0.04140625 0.26484375
0 0.66875 0.1890625 0.05234375 0.353125
0 0.64609375 0.15078125 0.04140625 0.2890625
0 0.17265625 0.18203125 0.06640625 0.31640625
0 0.125 0.16640625 0.0625 0.28828125
0 0.6203125 0.06640625 0.01875 0.1328125
0 0.990625 0.05390625 0.015625 0.1078125
0 0.7734375 0.1484375 0.04609375 0.290625
0 0.60625 0.165625 0.04375 0.3109375
0 0.409375 0.12421875 0.03828125 0.234375
0 0.56796875 0.2125 0.05390625 0.3859375
0 0.4640625 0.14375 0.04140625 0.26875