0 0.765625 0.20703125 0.06171875 0.38671875
0 0.7296875 0.4734375 0.13125 0.81328125
0 0.8109375 0.06640625 0.02421875 0.13203125
0 0.471875 0.09921875 0.03046875 0.196875
0 0.73203125 0.04921875 0.0171875 0.0984375
0 0.12265625 0.16328125 0.06171875 0.284375
0 0.54765625 0.1640625 0.04296875 0.30625
0 0.35390625 0.12890625 0.04140625 0.2390625
0 0.49140625 0.178125 0.04921875 0.32578125
0 0.6796875 0.2265625 0.06171875 0.41484375
0 0.5609375 0.4234375 0.1078125 0.72578125
0 0.01953125 0.459375 0.03828125 0.753125
0 0.609375 0.16796875 0.04453125 0.31484375
0 0.0859375 0.16796875 0.06484375 0.2890625
0 0.4203125 0.103125 0.03203125 0.20078125
0 0.2953125 0.146875 0.04921875 0.26640625