0 0.05859375 0.296875 0.11640625 0.4984375
0 0.78828125 0.0515625 0.01875 0.103125
0 0.32734375 0.18046875 0.05703125 0.32109375
0 0.690625 0.08359375 0.025 0.1671875
0 0.2265625 0.24296875 0.08359375 0.41640625
0 0.425 0.178125 0.05234375 0.3234375
0 0.5421875 0.0859375 0.02421875 0.17109375
0 0.6875 0.13046875 0.03828125 0.259375
0 0.47578125 0.084375 0.02578125 0.16875
0 0.89921875 0.1515625 0.053125 0.303125
0 0.41953125 0.10625 0.0328125 0.2046875
0 0.3046875 0.21875 0.07109375 0.38203125
0 0.50703125 0.09140625 0.0265625 0.1828125
0 0.75390625 0.05078125 0.01796875 0.10078125
0 0.1828125 0.30859375 0.11015625 0.521875