0 0.04921875 0.4046875 0.09765625 0.66875
0 0.40546875 0.1203125 0.0375 0.228125
0 0.7953125 0.0703125 0.02421875 0.140625
0 0.1515625 0.15234375 0.05703125 0.26796875
0 0.7453125 0.50703125 0.14296875 0.86796875
0 0.56328125 0.071875 0.0203125 0.14375
0 0.58203125 0.48125 0.12265625 0.81953125
0 0.4453125 0.12109375 0.0359375 0.23046875
0 0.85078125 0.071875 0.0265625 0.14375
0 0.34765625 0.13125 0.0421875 0.24140625
0 0.84765625 0.08515625 0.03046875 0.1703125
0 0.6921875 0.08515625 0.0265625 0.1703125
0 0.765625 0.0734375 0.025 0.146875
0 0.20390625 0.25703125 0.08984375 0.440625
0 0.8125 0.075 0.0265625 0.15
0 0.8328125 0.06875 0.025 0.1375