0 0.184375 0.1484375 0.05390625 0.26171875
0 0.7453125 0.0453125 0.01640625 0.090625
0 0.5140625 0.0890625 0.02578125 0.178125
0 0.41953125 0.09296875 0.02890625 0.18359375
0 0.5609375 0.1359375 0.0359375 0.2609375
0 0.69296875 0.0765625 0.02421875 0.153125
0 0.7203125 0.32890625 0.09140625 0.58125
0 0.61796875 0.11484375 0.03203125 0.2296875
0 0.46015625 0.09609375 0.02890625 0.18984375
0 0.4875 0.09140625 0.028125 0.1828125
0 0.0875 0.16328125 0.06328125 0.28125
0 0.715625 0.1609375 0.04765625 0.30859375
0 0.1625 0.24921875 0.08984375 0.42421875
0 0.69296875 0.08125 0.0265625 0.1625
0 0.52578125 0.36171875 0.09140625 0.625