0 0.66171875 0.1765625 0.02265625 0.16328125
0 0.4859375 0.22421875 0.03046875 0.19453125
0 0.2296875 0.1765625 0.02265625 0.125
0 0.65546875 0.3640625 0.05078125 0.35078125
0 0.81875 0.78828125 0.20546875 0.421875
0 0.20703125 0.62109375 0.10703125 0.5640625
0 0.0578125 0.3609375 0.05859375 0.2953125
0 0.384375 0.24375 0.03359375 0.20625
0 0.55625 0.25625 0.034375 0.234375
0 0.4625 0.58203125 0.08984375 0.5484375
0 0.6546875 0.40625 0.0578125 0.39140625
0 0.06640625 0.2265625 0.03125 0.16171875
0 0.49453125 0.2140625 0.02890625 0.18515625
0 0.434375 0.2484375 0.03515625 0.215625
0 0.4015625 0.23203125 0.03203125 0.19609375
0 0.378125 0.259375 0.03671875 0.221875
0 0.4625 0.6984375 0.11796875 0.6015625
0 0.38125 0.21796875 0.0296875 0.18046875
0 0.45234375 0.23125 0.03203125 0.19921875
0 0.4203125 0.30859375 0.04453125 0.275
0 0.51171875 0.1765625 0.02265625 0.14921875