0 0.20703125 0.1953125 0.02578125 0.14296875
0 0.26875 0.18125 0.02265625 0.13359375
0 0.4515625 0.23359375 0.03203125 0.203125
0 0.5609375 0.25390625 0.03515625 0.23125
0 0.43515625 0.21875 0.0296875 0.1859375
0 0.21484375 0.190625 0.025 0.1390625
0 0.34296875 0.15078125 0.01796875 0.10859375
0 0.659375 0.178125 0.0234375 0.16328125
0 0.6125 0.49375 0.0703125 0.475
0 0.2171875 0.19921875 0.0265625 0.146875
0 0.37890625 0.24140625 0.03359375 0.20390625
0 0.4171875 0.31171875 0.0453125 0.2765625
0 0.30859375 0.17578125 0.02265625 0.13125
0 0.5390625 0.1734375 0.021875 0.1484375
0 0.33515625 0.1859375 0.02421875 0.14453125
0 0.14453125 0.240625 0.03359375 0.18203125
0 0.19296875 0.32578125 0.05078125 0.271875
0 0.36171875 0.15 0.01796875 0.109375
0 0.4359375 0.246875 0.034375 0.2140625
0 0.33125 0.25703125 0.03671875 0.215625
0 0.2546875 0.30390625 0.04609375 0.25625