0 0.28359375 0.69296875 0.121875 0.61171875
0 0.13125 0.5984375 0.1046875 0.5359375
0 0.4515625 0.23359375 0.03203125 0.203125
0 0.0875 0.2265625 0.03203125 0.1640625
0 0.41875 0.3109375 0.0453125 0.278125
0 0.11640625 0.23359375 0.0328125 0.1734375
0 0.5625 0.25390625 0.034375 0.23125
0 0.21796875 0.1984375 0.02578125 0.14609375
0 0.0609375 0.22734375 0.03125 0.16171875
0 0.14921875 0.22578125 0.03125 0.16875
0 0.31328125 0.1671875 0.02109375 0.1234375
0 0.37890625 0.24140625 0.03359375 0.20390625
0 0.21484375 0.190625 0.025 0.1390625
0 0.41796875 0.22421875 0.03046875 0.18984375
0 0.5390625 0.1734375 0.021875 0.1484375
0 0.28984375 0.353125 0.05390625 0.30859375
0 0.36796875 0.171875 0.021875 0.13203125
0 0.090625 0.23359375 0.03359375 0.17109375
0 0.659375 0.178125 0.0234375 0.16328125
0 0.2796875 0.17109375 0.02109375 0.1234375
0 0.19140625 0.52421875 0.08828125 0.46953125
0 0.20703125 0.1953125 0.02578125 0.14296875
0 0.4359375 0.246875 0.034375 0.2140625
0 0.34453125 0.25859375 0.03671875 0.21796875
0 0.9390625 0.56328125 0.11640625 0.56953125
0 0.33515625 0.3328125 0.05 0.29140625