0 0.36171875 0.5703125 0.09140625 0.528125
0 0.59453125 0.16640625 0.02109375 0.1453125
0 0.24609375 0.25546875 0.03671875 0.20625
0 0.0625 0.240625 0.034375 0.175
0 0.5625 0.51328125 0.075 0.4890625
0 0.246875 0.2453125 0.03515625 0.19609375
0 0.53359375 0.36953125 0.053125 0.3453125
0 0.1234375 0.6078125 0.10703125 0.5453125
0 0.67734375 0.18125 0.02421875 0.16796875
0 0.4265625 0.1421875 0.0171875 0.10625
0 0.58828125 0.59609375 0.08671875 0.571875
0 0.28046875 0.3078125 0.04609375 0.26171875
0 0.28203125 0.3890625 0.0609375 0.34375
0 0.3140625 0.43203125 0.06796875 0.3890625
0 0.18984375 0.19140625 0.025 0.13671875