0 0.3828125 0.24375 0.03359375 0.20546875
0 0.46328125 0.53046875 0.08046875 0.496875
0 0.34765625 0.4734375 0.075 0.43203125
0 0.38046875 0.23125 0.03203125 0.19453125
0 0.5515625 0.2515625 0.034375 0.2296875
0 0.49140625 0.284375 0.03984375 0.25625
0 0.0515625 0.275 0.04140625 0.209375
0 0.4484375 0.23359375 0.03203125 0.2015625
0 0.2296875 0.17265625 0.021875 0.12109375
0 0.44140625 0.2984375 0.04296875 0.26640625
0 0.64609375 0.18984375 0.025 0.17421875
0 0.2328125 0.2671875 0.0390625 0.21796875
0 0.11875 0.2828125 0.0421875 0.2234375
0 0.559375 0.46640625 0.0671875 0.44375
0 0.50625 0.4390625 0.06484375 0.41171875
0 0.4171875 0.3640625 0.05390625 0.33046875
0 0.44453125 0.2484375 0.034375 0.21640625
0 0.44375 0.33515625 0.04921875 0.30390625
0 0.27578125 0.25546875 0.03671875 0.209375
0 0.38671875 0.25859375 0.03671875 0.221875