0 0.6765625 0.18125 0.02421875 0.16796875
0 0.11484375 0.27890625 0.04140625 0.21875
0 0.1484375 0.2109375 0.02890625 0.153125
0 0.28125 0.48125 0.07734375 0.434375
0 0.12421875 0.26328125 0.0390625 0.2046875
0 0.5953125 0.165625 0.02109375 0.14609375
0 0.2546875 0.53984375 0.0890625 0.4890625
0 0.9640625 0.459375 0.07109375 0.4703125
0 0.2140625 0.303125 0.04609375 0.2515625
0 0.41796875 0.15390625 0.01875 0.11875
0 0.3046875 0.38984375 0.06015625 0.34609375
0 0.453125 0.15078125 0.01796875 0.11796875