0 0.45 0.23203125 0.03203125 0.20078125
0 0.146875 0.70859375 0.13828125 0.58125
0 0.49609375 0.20703125 0.02734375 0.1796875
0 0.4875 0.28515625 0.03984375 0.25703125
0 0.5625 0.47109375 0.06796875 0.4484375
0 0.940625 0.24296875 0.05 0.253125
0 0.5578125 0.25078125 0.034375 0.228125
0 0.3796875 0.24375 0.03359375 0.20546875
0 0.45078125 0.1640625 0.02109375 0.13125
0 0.39921875 0.23125 0.03203125 0.1953125
0 0.47109375 0.50546875 0.0765625 0.47421875
0 0.36015625 0.46953125 0.07421875 0.43046875
0 0.48203125 0.1609375 0.0203125 0.13125
0 0.43984375 0.2484375 0.034375 0.215625
0 0.8125 0.2515625 0.04296875 0.25078125
0 0.51328125 0.4296875 0.0625 0.40390625
0 0.43984375 0.29453125 0.0421875 0.26171875
0 0.571875 0.1890625 0.02421875 0.16796875
0 0.26796875 0.24140625 0.034375 0.19375
0 0.55078125 0.178125 0.02265625 0.15390625
0 0.23203125 0.24375 0.034375 0.19296875
0 0.37890625 0.25859375 0.03671875 0.22109375
0 0.5703125 0.17578125 0.02265625 0.15390625
0 0.5140625 0.15859375 0.01953125 0.13125
0 0.346875 0.67734375 0.1109375 0.63046875