0 0.775 0.26796875 0.04375 0.2640625
0 0.2875 0.1640625 0.0203125 0.11796875
0 0.19296875 0.23046875 0.03203125 0.1765625
0 0.25859375 0.16796875 0.0203125 0.11875
0 0.65234375 0.715625 0.12890625 0.56640625
0 0.46875 0.571875 0.0875 0.5390625
0 0.21484375 0.17890625 0.02265625 0.12578125
0 0.8015625 0.73125 0.16171875 0.5359375
0 0.35546875 0.1765625 0.02265625 0.1359375
0 0.58359375 0.1640625 0.02109375 0.14375
0 0.92109375 0.609375 0.1234375 0.61171875
0 0.9046875 0.87109375 0.1890625 0.25625
0 0.70390625 0.64296875 0.09921875 0.62578125
0 0.83515625 0.27734375 0.05 0.27890625
0 0.31640625 0.16015625 0.01953125 0.11640625
0 0.38125 0.17265625 0.02265625 0.134375
0 0.53203125 0.15703125 0.01953125 0.13046875
0 0.75390625 0.20859375 0.03203125 0.203125
0 0.08984375 0.196875 0.02578125 0.134375
0 0.87109375 0.67421875 0.13359375 0.65
0 0.2296875 0.70078125 0.12890625 0.596875