0 0.3796875 0.2453125 0.034375 0.20703125
0 0.22109375 0.1984375 0.02578125 0.14609375
0 0.5125 0.178125 0.02265625 0.15078125
0 0.53359375 0.71328125 0.125 0.571875
0 0.5609375 0.25390625 0.03515625 0.23125
0 0.25703125 0.19609375 0.02578125 0.146875
0 0.4359375 0.246875 0.034375 0.2140625
0 0.6703125 0.696875 0.1171875 0.6046875
0 0.4671875 0.7609375 0.159375 0.47578125
0 0.4046875 0.22734375 0.03125 0.19140625
0 0.5671875 0.20703125 0.02734375 0.18515625
0 0.06796875 0.2265625 0.03203125 0.16171875
0 0.43203125 0.303125 0.04375 0.26953125
0 0.05546875 0.3609375 0.05859375 0.29609375
0 0.5734375 0.44921875 0.06484375 0.428125
0 0.6296875 0.20234375 0.0265625 0.1859375
0 0.378125 0.259375 0.03671875 0.221875
0 0.45 0.23125 0.03203125 0.19921875
0 0.66484375 0.17890625 0.0234375 0.16484375