0 0.56953125 0.76875 0.25 0.45625
0 0.3515625 0.4828125 0.09296875 0.4453125
0 0.90390625 0.2421875 0.05234375 0.23984375
0 0.74765625 0.71328125 0.13046875 0.56875
0 0.2546875 0.2171875 0.04140625 0.18984375
0 0.07265625 0.271875 0.0484375 0.2015625
0 0.46484375 0.5484375 0.11484375 0.44453125
0 0.28984375 0.23046875 0.03984375 0.15078125
0 0.64296875 0.1890625 0.03828125 0.16015625
0 0.71328125 0.1890625 0.02734375 0.13515625
0 0.55390625 0.25703125 0.0375 0.21875
0 0.6875 0.19453125 0.03046875 0.1265625
0 0.5453125 0.49140625 0.06796875 0.38125
0 0.02890625 0.25234375 0.0375 0.2046875
0 0.3828125 0.265625 0.046875 0.215625
0 0.125 0.18125 0.03046875 0.12890625
0 0.44375 0.296875 0.0484375 0.2234375
0 0.6 0.18203125 0.02578125 0.125
0 0.503125 0.24296875 0.04140625 0.16484375
0 0.40234375 0.240625 0.0265625 0.18203125
0 0.74375 0.18828125 0.02421875 0.12890625
0 0.140625 0.1765625 0.02265625 0.1046875
0 0.171875 0.1765625 0.02890625 0.1234375
0 0.7921875 0.15625 0.02109375 0.10703125
0 0.22578125 0.178125 0.02890625 0.11640625
0 0.3609375 0.140625 0.02109375 0.1015625
0 0.75703125 0.15859375 0.01796875 0.10625
0 0.2015625 0.171875 0.02109375 0.1203125
0 0.528125 0.1703125 0.02578125 0.15
0 0.990625 0.27578125 0.01796875 0.1890625