0 0.7203125 0.21953125 0.0328125 0.2109375
0 0.4359375 0.2484375 0.03515625 0.215625
0 0.50078125 0.43125 0.06328125 0.40390625
0 0.62578125 0.21640625 0.028125 0.19921875
0 0.26875 0.3734375 0.05859375 0.32578125
0 0.60078125 0.1625 0.0203125 0.14375
0 0.49140625 0.51171875 0.07734375 0.48125
0 0.39375 0.24140625 0.03359375 0.20546875
0 0.54296875 0.46953125 0.06875 0.44453125
0 0.38671875 0.25859375 0.03671875 0.221875
0 0.046875 0.24453125 0.03515625 0.178125
0 0.45234375 0.23203125 0.03203125 0.20078125
0 0.11796875 0.23984375 0.034375 0.1796875
0 0.55546875 0.2515625 0.034375 0.2296875
0 0.15546875 0.22109375 0.03046875 0.1640625
0 0.6546875 0.67734375 0.10390625 0.64375
0 0.17734375 0.2234375 0.03125 0.16875
0 0.76328125 0.21484375 0.034375 0.209375
0 0.35390625 0.471875 0.07421875 0.43046875
0 0.565625 0.21796875 0.02890625 0.1953125
0 0.44453125 0.34921875 0.05078125 0.31640625
0 0.4 0.23046875 0.03203125 0.19453125
0 0.490625 0.28515625 0.03984375 0.25703125
0 0.075 0.24765625 0.0359375 0.184375
0 0.63515625 0.7 0.1171875 0.5984375
0 0.36953125 0.21640625 0.0296875 0.1765625
0 0.51328125 0.1578125 0.01953125 0.13046875
0 0.34296875 0.2296875 0.03203125 0.1890625
0 0.1796875 0.29296875 0.04453125 0.23828125
0 0.45390625 0.2953125 0.0421875 0.26484375