0 0.50078125 0.684375 0.10859375 0.62890625
0 0.378125 0.2421875 0.03359375 0.2046875
0 0.23828125 0.1921875 0.02578125 0.14140625
0 0.86171875 0.24609375 0.0453125 0.24921875
0 0.38671875 0.25859375 0.03671875 0.221875
0 0.44375 0.246875 0.034375 0.21484375
0 0.12890625 0.6359375 0.1125 0.57109375
0 0.81875 0.69140625 0.13671875 0.61484375
0 0.35625 0.29296875 0.04296875 0.25390625
0 0.40859375 0.2859375 0.04140625 0.2515625
0 0.96953125 0.390625 0.06015625 0.403125
0 0.2703125 0.18828125 0.02421875 0.140625
0 0.065625 0.43125 0.07265625 0.365625
0 0.5578125 0.25078125 0.034375 0.228125
0 0.453125 0.23203125 0.03203125 0.20078125
0 0.23203125 0.1859375 0.02421875 0.13515625
0 0.1734375 0.4078125 0.06640625 0.353125
0 0.40625 0.2296875 0.03203125 0.19453125
0 0.05234375 0.3296875 0.05234375 0.26484375