0 0.5578125 0.25078125 0.034375 0.228125
0 0.5109375 0.20546875 0.02734375 0.1796875
0 0.2375 0.23515625 0.03359375 0.18515625
0 0.44140625 0.29609375 0.0421875 0.2640625
0 0.61328125 0.18671875 0.02421875 0.16796875
0 0.55546875 0.17265625 0.02265625 0.14921875
0 0.24765625 0.72109375 0.14375 0.55546875
0 0.36015625 0.46953125 0.07421875 0.43046875
0 0.46953125 0.50859375 0.07734375 0.4765625
0 0.975 0.240625 0.04921875 0.25390625
0 0.3796875 0.24375 0.03359375 0.20546875
0 0.39921875 0.23125 0.03203125 0.1953125
0 0.28203125 0.23125 0.03203125 0.18515625
0 0.53125 0.17578125 0.02265625 0.15
0 0.4875 0.28515625 0.03984375 0.25703125
0 0.47578125 0.15859375 0.01953125 0.12890625
0 0.43984375 0.2484375 0.034375 0.215625
0 0.553125 0.46484375 0.0671875 0.440625
0 0.51328125 0.4296875 0.0625 0.40390625
0 0.453125 0.23203125 0.03203125 0.20078125
0 0.45625 0.690625 0.1140625 0.61796875
0 0.85078125 0.24453125 0.04453125 0.246875
0 0.37890625 0.25859375 0.03671875 0.22109375
0 0.5140625 0.15859375 0.01953125 0.13125
0 0.4453125 0.16015625 0.0203125 0.128125