0 0.81953125 0.23125 0.03984375 0.23046875
0 0.44140625 0.28203125 0.03984375 0.25
0 0.13359375 0.440625 0.07265625 0.38125
0 0.22890625 0.18125 0.02265625 0.1296875
0 0.2578125 0.39453125 0.0625 0.346875
0 0.39375 0.29296875 0.0421875 0.25625
0 0.3828125 0.690625 0.1171875 0.61640625
0 0.275 0.18203125 0.0234375 0.13515625
0 0.40625 0.2296875 0.03203125 0.19453125
0 0.2328125 0.1875 0.02421875 0.1359375
0 0.4703125 0.58515625 0.08984375 0.5515625
0 0.5578125 0.25078125 0.034375 0.228125
0 0.453125 0.23203125 0.03203125 0.20078125
0 0.36953125 0.24296875 0.034375 0.2046875
0 0.08671875 0.3203125 0.05078125 0.25703125
0 0.4421875 0.246875 0.034375 0.21484375
0 0.11328125 0.47109375 0.08046875 0.41015625
0 0.38828125 0.2578125 0.03671875 0.22109375