0 0.76796875 0.7421875 0.16171875 0.5140625
0 0.41875 0.46796875 0.07109375 0.43203125
0 0.53203125 0.15625 0.01953125 0.13125
0 0.0984375 0.2484375 0.0359375 0.18671875
0 0.83984375 0.20390625 0.03671875 0.20546875
0 0.0765625 0.57265625 0.1015625 0.50625
0 0.25703125 0.20703125 0.028125 0.159375
0 0.83359375 0.27890625 0.05 0.2796875
0 0.8765625 0.6859375 0.14296875 0.62578125
0 0.20078125 0.20546875 0.02734375 0.1515625
0 0.56953125 0.16484375 0.02109375 0.14296875
0 0.80234375 0.26875 0.04609375 0.26796875
0 0.565625 0.65859375 0.09765625 0.6296875
0 0.771875 0.56875 0.09609375 0.56015625
0 0.51796875 0.2375 0.03203125 0.21171875
0 0.21796875 0.209375 0.02890625 0.15859375
0 0.16328125 0.54375 0.09296875 0.48515625
0 0.78828125 0.1984375 0.03203125 0.19453125
0 0.49609375 0.14921875 0.01875 0.12109375
0 0.46875 0.24765625 0.034375 0.21796875
0 0.54140625 0.71015625 0.12265625 0.578125
0 0.91953125 0.41953125 0.084375 0.4265625