0 0.1484375 0.25390625 0.03671875 0.19609375
0 0.6703125 0.17890625 0.0234375 0.16484375
0 0.3015625 0.16640625 0.02109375 0.12109375
0 0.378125 0.24375 0.03359375 0.20546875
0 0.09609375 0.246875 0.0359375 0.18515625
0 0.43671875 0.24609375 0.034375 0.21328125
0 0.51328125 0.17734375 0.02265625 0.15078125
0 0.2734375 0.17109375 0.02109375 0.1234375
0 0.55703125 0.25234375 0.034375 0.23046875
0 0.1328125 0.31015625 0.04765625 0.2515625
0 0.4578125 0.23125 0.03125 0.2
0 0.39921875 0.2265625 0.03125 0.190625
0 0.11171875 0.25625 0.0375 0.19609375
0 0.41171875 0.31015625 0.0453125 0.27578125
0 0.37421875 0.259375 0.03671875 0.22109375