0 0.3171875 0.23671875 0.0328125 0.19453125
0 0.2109375 0.184375 0.0234375 0.13125
0 0.58671875 0.66171875 0.096875 0.634375
0 0.27578125 0.684375 0.11640625 0.6296875
0 0.7609375 0.63828125 0.10703125 0.6265625
0 0.12421875 0.4734375 0.08046875 0.4140625
0 0.08359375 0.52109375 0.090625 0.45625
0 0.103125 0.22578125 0.03125 0.1640625
0 0.7046875 0.5359375 0.08203125 0.5234375
0 0.30625 0.24921875 0.03515625 0.20546875
0 0.67734375 0.18125 0.02421875 0.16796875
0 0.59453125 0.16640625 0.02109375 0.1453125
0 0.46875 0.3921875 0.0578125 0.36171875
0 0.3015625 0.30703125 0.0453125 0.26328125
0 0.45546875 0.44609375 0.0671875 0.4140625
0 0.6546875 0.353125 0.04921875 0.3390625