0 0.08046875 0.2140625 0.02890625 0.15
0 0.44453125 0.2453125 0.034375 0.21328125
0 0.21484375 0.459375 0.075 0.40703125
0 0.090625 0.54296875 0.0953125 0.478125
0 0.22734375 0.1765625 0.02265625 0.125
0 0.559375 0.2515625 0.03359375 0.22890625
0 0.77265625 0.2390625 0.03828125 0.23515625
0 0.46328125 0.23203125 0.03203125 0.20078125
0 0.2859375 0.171875 0.02109375 0.12578125
0 0.259375 0.17578125 0.02265625 0.1265625
0 0.68828125 0.715625 0.13125 0.56640625
0 0.3828125 0.4640625 0.071875 0.42578125
0 0.1484375 0.23671875 0.03359375 0.1796875
0 0.3453125 0.4125 0.0640625 0.37109375
0 0.42265625 0.30390625 0.04375 0.2703125
0 0.66875 0.178125 0.0234375 0.16484375
0 0.35859375 0.24453125 0.034375 0.20546875
0 0.509375 0.178125 0.02265625 0.15078125
0 0.40703125 0.22890625 0.03203125 0.19296875
0 0.16953125 0.23828125 0.03359375 0.18203125
0 0.13671875 0.1890625 0.02421875 0.13046875
0 0.8078125 0.23046875 0.0390625 0.22890625
0 0.37890625 0.26015625 0.03671875 0.221875