0 0.21640625 0.19375 0.02578125 0.140625
0 0.6703125 0.17890625 0.0234375 0.16484375
0 0.44375 0.23359375 0.03203125 0.2015625
0 0.14453125 0.215625 0.02890625 0.15703125
0 0.55859375 0.253125 0.034375 0.2296875
0 0.378125 0.24375 0.03359375 0.20546875
0 0.275 0.18046875 0.02265625 0.13203125
0 0.53984375 0.17109375 0.021875 0.14609375
0 0.1140625 0.2140625 0.02890625 0.153125
0 0.2203125 0.18828125 0.02421875 0.1359375
0 0.43671875 0.24609375 0.034375 0.21328125
0 0.39921875 0.2265625 0.03125 0.190625
0 0.16796875 0.1953125 0.02578125 0.1390625
0 0.31171875 0.453125 0.071875 0.40859375
0 0.23828125 0.19140625 0.025 0.140625
0 0.29453125 0.1734375 0.021875 0.128125
0 0.6703125 0.60625 0.090625 0.58828125
0 0.32109375 0.17109375 0.021875 0.1265625
0 0.68125 0.68125 0.10859375 0.63515625
0 0.30625 0.17578125 0.02265625 0.13046875
0 0.41171875 0.31015625 0.0453125 0.27578125
0 0.37421875 0.259375 0.03671875 0.22109375