0 0.9890625 0.315625 0.02109375 0.33203125
0 0.18828125 0.203125 0.02734375 0.1484375
0 0.10703125 0.4609375 0.078125 0.4
0 0.53125 0.175 0.02265625 0.15
0 0.23828125 0.196875 0.02578125 0.146875
0 0.79765625 0.32890625 0.05625 0.3265625
0 0.4171875 0.384375 0.0578125 0.35078125
0 0.284375 0.40390625 0.06328125 0.35859375
0 0.27578125 0.43359375 0.06875 0.3859375
0 0.66796875 0.18203125 0.02421875 0.16796875
0 0.1359375 0.51953125 0.08828125 0.459375
0 0.34375 0.58828125 0.0953125 0.54375
0 0.40859375 0.30546875 0.04453125 0.26953125