0 0.41015625 0.3109375 0.04453125 0.27578125
0 0.33828125 0.25703125 0.03671875 0.21640625
0 0.42734375 0.22890625 0.03125 0.19453125
0 0.18671875 0.23046875 0.03203125 0.175
0 0.31484375 0.171875 0.021875 0.128125
0 0.35078125 0.16953125 0.021875 0.12890625
0 0.625 0.1921875 0.02421875 0.175
0 0.934375 0.703125 0.1296875 0.59140625
0 0.25703125 0.203125 0.02734375 0.1546875
0 0.46953125 0.603125 0.09296875 0.56875
0 0.21796875 0.190625 0.025 0.13828125
0 0.93359375 0.67109375 0.13203125 0.65546875
0 0.22109375 0.21171875 0.02890625 0.1609375
0 0.5359375 0.1734375 0.02265625 0.14921875
0 0.21484375 0.20078125 0.0265625 0.1484375
0 0.20546875 0.1953125 0.02578125 0.14296875
0 0.0984375 0.26640625 0.0390625 0.2046875
0 0.66484375 0.178125 0.0234375 0.1640625
0 0.38203125 0.24375 0.03359375 0.20546875
0 0.47265625 0.23203125 0.03203125 0.2015625
0 0.43359375 0.246875 0.034375 0.2140625
0 0.47109375 0.26796875 0.0375 0.23828125
0 0.29453125 0.17265625 0.021875 0.1265625
0 0.0703125 0.44609375 0.07578125 0.38203125