0 0.096875 0.35078125 0.05546875 0.2890625
0 0.6703125 0.178125 0.02421875 0.16484375
0 0.51171875 0.1765625 0.02265625 0.14921875
0 0.5578125 0.25546875 0.034375 0.23359375
0 0.44296875 0.246875 0.034375 0.2140625
0 0.45234375 0.23125 0.03203125 0.19921875
0 0.38125 0.24453125 0.034375 0.20703125
0 0.70078125 0.71171875 0.1296875 0.57421875
0 0.42109375 0.309375 0.04453125 0.27578125
0 0.38125 0.25859375 0.03671875 0.22109375
0 0.57421875 0.28515625 0.0390625 0.26484375
0 0.403125 0.23125 0.03203125 0.1953125