0 0.7875 0.2140625 0.03515625 0.2109375
0 0.91875 0.25546875 0.05078125 0.2640625
0 0.26015625 0.24375 0.034375 0.1953125
0 0.4375 0.2484375 0.03515625 0.215625
0 0.6 0.2796875 0.03828125 0.2609375
0 0.2140625 0.259375 0.0375 0.20703125
0 0.38046875 0.2421875 0.03359375 0.2046875
0 0.4046875 0.23046875 0.03203125 0.19453125
0 0.38671875 0.25859375 0.03671875 0.221875
0 0.6515625 0.29609375 0.040625 0.28125
0 0.55546875 0.2515625 0.034375 0.2296875
0 0.45078125 0.23203125 0.03203125 0.20078125
0 0.48984375 0.28359375 0.03984375 0.25625
0 0.97421875 0.246875 0.05078125 0.2609375
0 0.13671875 0.559375 0.096875 0.4984375
0 0.11015625 0.24609375 0.03515625 0.18515625
0 0.4640625 0.50859375 0.07734375 0.47578125
0 0.109375 0.26328125 0.0390625 0.203125
0 0.55078125 0.46875 0.06796875 0.4453125
0 0.4390625 0.2984375 0.04296875 0.265625
0 0.2875 0.2578125 0.03671875 0.21171875
0 0.50390625 0.44296875 0.065625 0.415625
0 0.3515625 0.4890625 0.07734375 0.4484375