0 0.3921875 0.29375 0.0421875 0.25859375
0 0.55625 0.2515625 0.034375 0.22890625
0 0.128125 0.41328125 0.06796875 0.3546875
0 0.3953125 0.22890625 0.03203125 0.19296875
0 0.953125 0.29140625 0.0609375 0.303125
0 0.64921875 0.83125 0.2078125 0.3359375
0 0.571875 0.7 0.11484375 0.5984375
0 0.24921875 0.21171875 0.02890625 0.16171875
0 0.46171875 0.23046875 0.03125 0.19921875
0 0.38828125 0.24296875 0.034375 0.20625
0 0.38671875 0.2578125 0.03671875 0.22109375
0 0.4421875 0.246875 0.034375 0.21484375
0 0.18515625 0.21171875 0.02890625 0.15703125
0 0.4734375 0.29609375 0.0421875 0.265625
0 0.2078125 0.21796875 0.0296875 0.16484375