0 0.66171875 0.1765625 0.02265625 0.16328125
0 0.8484375 0.834375 0.2484375 0.32890625
0 0.0609375 0.22578125 0.03125 0.1609375
0 0.384375 0.24375 0.03359375 0.20625
0 0.5734375 0.3734375 0.05234375 0.3515625
0 0.55625 0.25625 0.034375 0.234375
0 0.61484375 0.696875 0.11328125 0.60390625
0 0.42265625 0.30859375 0.04453125 0.275
0 0.434375 0.2484375 0.03515625 0.215625
0 0.4015625 0.23203125 0.03203125 0.19609375
0 0.45 0.23125 0.03203125 0.2
0 0.5265625 0.21484375 0.02890625 0.1890625
0 0.378125 0.259375 0.03671875 0.221875
0 0.303125 0.6828125 0.1140625 0.63203125
0 0.571875 0.41484375 0.05859375 0.39296875
0 0.61484375 0.609375 0.0890625 0.58671875
0 0.51796875 0.22421875 0.03046875 0.19921875
0 0.5125 0.1765625 0.02265625 0.14921875
0 0.40625 0.2140625 0.02890625 0.178125
0 0.07265625 0.3609375 0.05859375 0.296875