0 0.78671875 0.21875 0.03671875 0.21484375
0 0.2859375 0.16640625 0.0203125 0.11953125
0 0.08515625 0.20546875 0.02734375 0.14140625
0 0.16953125 0.6546875 0.11484375 0.59453125
0 0.2515625 0.1703125 0.02109375 0.1203125
0 0.8015625 0.73125 0.16171875 0.5359375
0 0.31875 0.16171875 0.0203125 0.11875
0 0.7734375 0.26875 0.04375 0.265625
0 0.83515625 0.27734375 0.05 0.27890625
0 0.70390625 0.64296875 0.09921875 0.62578125
0 0.7921875 0.58515625 0.1015625 0.578125
0 0.98671875 0.5625 0.02578125 0.5765625
0 0.58203125 0.1640625 0.02109375 0.14375
0 0.35625 0.5625 0.08984375 0.51953125
0 0.68046875 0.81640625 0.20078125 0.36484375
0 0.17421875 0.2375 0.03359375 0.18203125
0 0.35625 0.18125 0.0234375 0.140625
0 0.39140625 0.1765625 0.02265625 0.1390625
0 0.2109375 0.18203125 0.0234375 0.1296875
0 0.53203125 0.15703125 0.01953125 0.13046875
0 0.87109375 0.67421875 0.13359375 0.65
0 0.65234375 0.715625 0.12890625 0.56640625