0 0.971875 0.73359375 0.05546875 0.53046875
0 0.678125 0.9 0.2609375 0.1984375
0 0.65625 0.49140625 0.07109375 0.475
0 0.259375 0.234375 0.0328125 0.18671875
0 0.2015625 0.2640625 0.03828125 0.21171875
0 0.4484375 0.23125 0.03203125 0.2
0 0.40546875 0.475 0.07265625 0.4390625
0 0.17265625 0.55859375 0.0953125 0.5
0 0.05859375 0.36796875 0.06015625 0.30390625
0 0.42265625 0.30859375 0.04453125 0.275
0 0.2015625 0.20703125 0.02734375 0.15390625
0 0.434375 0.2484375 0.03515625 0.215625
0 0.3765625 0.259375 0.03671875 0.22109375
0 0.396875 0.23046875 0.03203125 0.19453125
0 0.66953125 0.178125 0.0234375 0.16484375
0 0.2921875 0.23125 0.03203125 0.1859375
0 0.5125 0.17734375 0.02265625 0.15078125
0 0.38828125 0.24296875 0.034375 0.20625
0 0.5546875 0.25625 0.03515625 0.23359375
0 0.1640625 0.21171875 0.02890625 0.15546875
0 0.06796875 0.2265625 0.03125 0.16171875