0 0.66953125 0.178125 0.02421875 0.16484375
0 0.54140625 0.171875 0.021875 0.1484375
0 0.39140625 0.1609375 0.01953125 0.12421875
0 0.0859375 0.25390625 0.03671875 0.19140625
0 0.3734375 0.259375 0.03671875 0.22109375
0 0.4734375 0.35546875 0.0515625 0.32578125
0 0.1640625 0.209375 0.028125 0.153125
0 0.11875 0.27109375 0.040625 0.2109375
0 0.425 0.390625 0.05859375 0.35703125
0 0.07578125 0.275 0.04140625 0.2109375
0 0.6890625 0.72578125 0.13828125 0.546875
0 0.21953125 0.19765625 0.02578125 0.1453125
0 0.43984375 0.59921875 0.09296875 0.56328125
0 0.31171875 0.15859375 0.01953125 0.1140625
0 0.21484375 0.190625 0.025 0.1390625
0 0.08203125 0.21015625 0.028125 0.14609375
0 0.13671875 0.21484375 0.02890625 0.15546875
0 0.41015625 0.22734375 0.03125 0.19140625
0 0.4484375 0.68046875 0.1078125 0.63671875
0 0.121875 0.209375 0.02890625 0.14921875
0 0.37890625 0.24140625 0.03359375 0.20390625
0 0.20703125 0.1953125 0.02578125 0.14296875
0 0.42109375 0.3109375 0.04453125 0.2765625
0 0.4359375 0.246875 0.034375 0.2140625
0 0.13046875 0.2515625 0.03671875 0.19296875
0 0.56171875 0.253125 0.034375 0.23046875
0 0.10703125 0.21875 0.03046875 0.15703125
0 0.44375 0.23203125 0.03203125 0.19921875