0 0.40703125 0.2296875 0.03125 0.19453125
0 0.171875 0.51484375 0.08671875 0.45703125
0 0.31328125 0.45 0.07109375 0.40546875
0 0.30546875 0.48203125 0.07734375 0.43671875
0 0.43046875 0.29375 0.04140625 0.2609375
0 0.38671875 0.25859375 0.03671875 0.221875
0 0.44375 0.246875 0.034375 0.21484375
0 0.47890625 0.38984375 0.05703125 0.3609375
0 0.384375 0.2421875 0.03359375 0.2046875
0 0.6625 0.19921875 0.0265625 0.18515625
0 0.23984375 0.1734375 0.021875 0.121875
0 0.5578125 0.25078125 0.034375 0.228125
0 0.453125 0.23203125 0.03203125 0.20078125
0 0.475 0.28359375 0.03984375 0.2546875
0 0.28125 0.16953125 0.02109375 0.121875
0 0.115625 0.31875 0.04921875 0.25859375
0 0.42265625 0.42734375 0.06484375 0.39375