0 0.84453125 0.45625 0.08359375 0.45625
0 0.25625 0.50078125 0.08203125 0.4515625
0 0.17578125 0.6765625 0.11875 0.615625
0 0.1515625 0.5625 0.09765625 0.503125
0 0.40234375 0.22734375 0.03125 0.19140625
0 0.215625 0.190625 0.025 0.13828125
0 0.5578125 0.253125 0.034375 0.23046875
0 0.3953125 0.24296875 0.03359375 0.20546875
0 0.18046875 0.1875 0.02421875 0.13203125
0 0.05859375 0.26171875 0.03828125 0.196875
0 0.18046875 0.215625 0.02890625 0.1609375
0 0.85703125 0.515625 0.09609375 0.515625
0 0.6703125 0.178125 0.02421875 0.16484375
0 0.45234375 0.23203125 0.03203125 0.20078125
0 0.57265625 0.16875 0.02109375 0.14609375
0 0.1984375 0.22421875 0.03046875 0.17109375
0 0.44375 0.24609375 0.03359375 0.21484375
0 0.0640625 0.21640625 0.0296875 0.15078125
0 0.23046875 0.22109375 0.03046875 0.1703125
0 0.2109375 0.18203125 0.0234375 0.1296875
0 0.20625 0.19453125 0.02578125 0.14140625
0 0.434375 0.14296875 0.0171875 0.10703125
0 0.415625 0.3109375 0.0453125 0.2765625
0 0.21796875 0.19765625 0.02578125 0.1453125
0 0.3796875 0.259375 0.03671875 0.221875
0 0.15625 0.190625 0.02421875 0.13203125
0 0.22421875 0.2109375 0.02890625 0.159375