0 0.3578125 0.1484375 0.01796875 0.10703125
0 0.41875 0.3078125 0.04453125 0.2734375
0 0.06640625 0.2265625 0.03203125 0.16171875
0 0.36796875 0.65234375 0.10546875 0.60859375
0 0.44921875 0.23125 0.03125 0.2
0 0.1859375 0.2140625 0.02890625 0.159375
0 0.5078125 0.178125 0.02265625 0.15078125
0 0.09453125 0.240625 0.034375 0.17890625
0 0.55859375 0.25390625 0.034375 0.23125
0 0.39765625 0.23046875 0.03203125 0.19453125
0 0.37734375 0.2453125 0.034375 0.20703125
0 0.66640625 0.17734375 0.0234375 0.1640625
0 0.378125 0.259375 0.03671875 0.221875
0 0.296875 0.44375 0.0703125 0.3984375
0 0.05625 0.36875 0.06015625 0.3046875
0 0.43984375 0.246875 0.034375 0.21484375
0 0.8265625 0.37421875 0.06640625 0.37421875