0 0.54453125 0.203125 0.0265625 0.17890625
0 0.72265625 0.20390625 0.03046875 0.1953125
0 0.16328125 0.3015625 0.0453125 0.2453125
0 0.4 0.23046875 0.03203125 0.19453125
0 0.67421875 0.2078125 0.02890625 0.1953125
0 0.940625 0.7234375 0.11796875 0.5515625
0 0.1203125 0.68046875 0.121875 0.6140625
0 0.4046875 0.35390625 0.05234375 0.31875
0 0.38671875 0.25859375 0.03671875 0.221875
0 0.51484375 0.43359375 0.06328125 0.40625
0 0.44921875 0.2328125 0.03203125 0.20078125
0 0.54375 0.4765625 0.06953125 0.4515625
0 0.3765625 0.2234375 0.03046875 0.1859375
0 0.47734375 0.50390625 0.07578125 0.471875
0 0.95 0.69921875 0.09921875 0.6
0 0.55703125 0.2515625 0.034375 0.22890625
0 0.15859375 0.2140625 0.02890625 0.15703125
0 0.565625 0.32421875 0.0453125 0.303125
0 0.45 0.3015625 0.04296875 0.26953125
0 0.5921875 0.203125 0.0265625 0.18359375
0 0.1890625 0.2125 0.02890625 0.15859375
0 0.18828125 0.6265625 0.10859375 0.56875
0 0.34765625 0.4734375 0.075 0.43203125
0 0.06015625 0.23125 0.03203125 0.165625
0 0.09375 0.23359375 0.03359375 0.17109375
0 0.403125 0.209375 0.028125 0.1734375
0 0.5140625 0.15859375 0.01953125 0.13125
0 0.49140625 0.2859375 0.03984375 0.25859375
0 0.3875 0.24296875 0.034375 0.20546875
0 0.11875 0.2265625 0.03203125 0.16640625