0 0.290625 0.16796875 0.02109375 0.12109375
0 0.38046875 0.24453125 0.034375 0.20703125
0 0.16328125 0.22890625 0.03203125 0.1734375
0 0.428125 0.30390625 0.04375 0.27109375
0 0.51171875 0.178125 0.02265625 0.15078125
0 0.1359375 0.18828125 0.02421875 0.12890625
0 0.07890625 0.59453125 0.10625 0.528125
0 0.55703125 0.25234375 0.034375 0.23046875
0 0.1921875 0.228125 0.03203125 0.17421875
0 0.2640625 0.171875 0.02109375 0.1234375
0 0.37890625 0.25859375 0.03671875 0.22109375
0 0.140625 0.4671875 0.07890625 0.40859375
0 0.4578125 0.23203125 0.03203125 0.2015625
0 0.77421875 0.225 0.03671875 0.2203125
0 0.39765625 0.2265625 0.03125 0.190625
0 0.3 0.46796875 0.07421875 0.4234375
0 0.4375 0.2453125 0.03359375 0.21328125
0 0.07890625 0.21796875 0.02890625 0.15390625
0 0.16328125 0.55703125 0.0953125 0.49921875
0 0.734375 0.23203125 0.03515625 0.225
0 0.66953125 0.178125 0.02421875 0.16484375
0 0.925 0.7453125 0.14921875 0.50703125
0 0.39375 0.41796875 0.06328125 0.38046875