0 0.63671875 0.48828125 0.06953125 0.47109375
0 0.36640625 0.2484375 0.03515625 0.21015625
0 0.26953125 0.17109375 0.02109375 0.1234375
0 0.546875 0.1734375 0.02265625 0.14921875
0 0.425 0.26796875 0.03828125 0.234375
0 0.25390625 0.17265625 0.02109375 0.1234375
0 0.74765625 0.6671875 0.109375 0.653125
0 0.54140625 0.340625 0.04765625 0.31640625
0 0.67109375 0.17890625 0.02421875 0.165625
0 0.5953125 0.37578125 0.05234375 0.35625
0 0.3625 0.259375 0.03671875 0.2203125
0 0.0828125 0.51328125 0.0890625 0.44921875
0 0.4140625 0.30234375 0.04296875 0.26796875
0 0.42578125 0.3203125 0.046875 0.28671875
0 0.80546875 0.5796875 0.10234375 0.57421875
0 0.14921875 0.47109375 0.07890625 0.41328125
0 0.3984375 0.2375 0.0328125 0.20078125
0 0.30625 0.703125 0.128125 0.59296875