0 0.48671875 0.2703125 0.0375 0.24296875
0 0.42734375 0.62421875 0.09765625 0.5859375
0 0.67734375 0.1703125 0.02265625 0.15703125
0 0.7859375 0.19765625 0.03203125 0.19375
0 0.75625 0.74140625 0.15859375 0.51484375
0 0.7875 0.26953125 0.0453125 0.26796875
0 0.5609375 0.2578125 0.03515625 0.2359375
0 0.53046875 0.15625 0.01953125 0.13125
0 0.81875 0.27578125 0.04765625 0.275
0 0.25234375 0.459375 0.07421875 0.41015625
0 0.9375 0.6015625 0.1234375 0.60625
0 0.384375 0.696875 0.12109375 0.60390625
0 0.21875 0.2234375 0.03046875 0.171875
0 0.871875 0.68671875 0.14296875 0.625
0 0.18671875 0.22265625 0.03046875 0.16796875
0 0.9390625 0.65078125 0.12109375 0.65390625
0 0.49296875 0.15 0.01875 0.1203125
0 0.83984375 0.203125 0.03671875 0.2046875
0 0.56640625 0.1640625 0.02109375 0.14140625
0 0.8078125 0.4140625 0.07265625 0.41171875
0 0.63046875 0.5421875 0.078125 0.5234375
0 0.56015625 0.15625 0.01953125 0.13203125
0 0.18828125 0.21484375 0.02890625 0.1609375