0 0.38125 0.48359375 0.07578125 0.4453125
0 0.378125 0.24375 0.034375 0.20625
0 0.425 0.29765625 0.04296875 0.2640625
0 0.396875 0.23046875 0.03203125 0.19375
0 0.38125 0.25859375 0.03671875 0.22109375
0 0.06171875 0.3546875 0.05703125 0.290625
0 0.62265625 0.1875 0.02421875 0.16953125
0 0.44609375 0.246875 0.034375 0.21484375
0 0.44453125 0.23203125 0.03203125 0.2
0 0.553125 0.2515625 0.034375 0.2296875
0 0.60546875 0.1625 0.02109375 0.14375
0 0.39140625 0.38828125 0.05859375 0.3515625
0 0.50234375 0.2859375 0.03984375 0.259375
0 0.58515625 0.39140625 0.05546875 0.37109375
0 0.2359375 0.528125 0.0875 0.4765625
0 0.1359375 0.3234375 0.05 0.26484375