0 0.6765625 0.18125 0.02421875 0.16875
0 0.8921875 0.240625 0.04609375 0.24609375
0 0.19609375 0.5875 0.10078125 0.53046875
0 0.2859375 0.509375 0.0828125 0.46171875
0 0.8609375 0.25390625 0.046875 0.25703125
0 0.65546875 0.75390625 0.15390625 0.490625
0 0.1578125 0.778125 0.19140625 0.44296875
0 0.1015625 0.19765625 0.02578125 0.1359375
0 0.6046875 0.559375 0.08046875 0.53828125
0 0.5859375 0.16796875 0.02109375 0.14609375
0 0.41875 0.303125 0.04375 0.26953125
0 0.72421875 0.66796875 0.10625 0.653125
0 0.8390625 0.565625 0.10390625 0.56171875
0 0.5359375 0.67890625 0.10390625 0.63984375