0 0.17578125 0.70390625 0.13359375 0.590625
0 0.40546875 0.48359375 0.075 0.446875
0 0.6734375 0.17890625 0.02421875 0.16484375
0 0.3984375 0.2375 0.0328125 0.20078125
0 0.9734375 0.28125 0.0515625 0.29453125
0 0.55859375 0.28046875 0.03828125 0.259375
0 0.425 0.26796875 0.03828125 0.234375
0 0.371875 0.2484375 0.03515625 0.21015625
0 0.29453125 0.5703125 0.09375 0.521875
0 0.13671875 0.625 0.11015625 0.56328125
0 0.359375 0.259375 0.03671875 0.22109375
0 0.5765625 0.3046875 0.0421875 0.28359375
0 0.5484375 0.1734375 0.02265625 0.14921875
0 0.1890625 0.184375 0.0234375 0.1296875
0 0.4171875 0.30390625 0.04453125 0.26953125
0 0.66875 0.35234375 0.04921875 0.33984375
0 0.94765625 0.51875 0.10390625 0.5265625
0 0.9578125 0.75859375 0.0828125 0.48125