0 0.38359375 0.2578125 0.03671875 0.22109375
0 0.2265625 0.18828125 0.02421875 0.13671875
0 0.51484375 0.43046875 0.0625 0.40390625
0 0.33828125 0.33359375 0.05 0.29296875
0 0.3765625 0.24375 0.03359375 0.20546875
0 0.553125 0.25078125 0.03359375 0.228125
0 0.465625 0.509375 0.07734375 0.478125
0 0.4359375 0.2484375 0.03515625 0.215625
0 0.490625 0.28515625 0.03984375 0.25703125
0 0.5890625 0.46328125 0.065625 0.44296875
0 0.24453125 0.27890625 0.04140625 0.2296875
0 0.4578125 0.23203125 0.03203125 0.2015625
0 0.284375 0.25 0.0359375 0.20390625
0 0.4390625 0.2953125 0.0421875 0.26328125
0 0.60234375 0.18359375 0.02421875 0.1640625
0 0.40546875 0.22890625 0.03125 0.19296875
0 0.3484375 0.4796875 0.07578125 0.4390625
0 0.29296875 0.35390625 0.05390625 0.31015625