0 0.9390625 0.415625 0.08515625 0.425
0 0.378125 0.2421875 0.03359375 0.2046875
0 0.675 0.678125 0.10546875 0.64140625
0 0.26875 0.190625 0.02421875 0.14296875
0 0.22109375 0.19140625 0.025 0.13984375
0 0.3953125 0.28984375 0.0421875 0.25390625
0 0.40625 0.2296875 0.03203125 0.19453125
0 0.8859375 0.25625 0.04921875 0.26171875
0 0.3484375 0.29453125 0.04296875 0.25390625
0 0.48828125 0.696875 0.1171875 0.60390625
0 0.453125 0.23203125 0.03203125 0.20078125
0 0.5578125 0.25078125 0.034375 0.228125
0 0.44375 0.246875 0.034375 0.21484375
0 0.234375 0.1953125 0.02578125 0.14453125
0 0.14921875 0.40859375 0.06640625 0.35078125
0 0.38671875 0.25859375 0.03671875 0.221875