0 0.45703125 0.1921875 0.025 0.16015625
0 0.5125 0.178125 0.02265625 0.15078125
0 0.709375 0.42734375 0.06484375 0.41796875
0 0.05546875 0.3640625 0.05859375 0.29921875
0 0.4046875 0.22734375 0.03125 0.19140625
0 0.56015625 0.25390625 0.034375 0.23203125
0 0.43671875 0.24609375 0.034375 0.21328125
0 0.27734375 0.1765625 0.02265625 0.12890625
0 0.51484375 0.19296875 0.025 0.165625
0 0.43203125 0.303125 0.04375 0.26953125
0 0.378125 0.259375 0.03671875 0.221875
0 0.24296875 0.17890625 0.02265625 0.12890625
0 0.5984375 0.615625 0.08984375 0.59140625
0 0.38125 0.24453125 0.034375 0.20703125
0 0.665625 0.178125 0.0234375 0.1640625
0 0.45 0.23125 0.03203125 0.19921875
0 0.06796875 0.2265625 0.03125 0.16171875