0 0.67734375 0.17890625 0.02421875 0.16640625
0 0.4171875 0.303125 0.04375 0.26875
0 0.23203125 0.19140625 0.025 0.140625
0 0.5 0.36171875 0.05234375 0.33515625
0 0.3390625 0.253125 0.0359375 0.21171875
0 0.10078125 0.41640625 0.06953125 0.3546875
0 0.31796875 0.51875 0.08359375 0.47421875
0 0.8390625 0.60390625 0.1109375 0.6
0 0.36875 0.240625 0.03359375 0.2015625
0 0.34921875 0.26171875 0.0375 0.22109375
0 0.2046875 0.19375 0.02578125 0.140625
0 0.87265625 0.534375 0.10234375 0.53515625
0 0.21328125 0.59609375 0.10078125 0.540625
0 0.425 0.26484375 0.03671875 0.23125
0 0.5484375 0.17265625 0.02265625 0.14921875
0 0.4515625 0.15078125 0.01796875 0.11796875
0 0.24453125 0.453125 0.0734375 0.403125
0 0.41953125 0.40859375 0.06171875 0.375