0 0.53515625 0.175 0.02265625 0.15
0 0.74765625 0.4359375 0.06953125 0.42890625
0 0.26640625 0.171875 0.021875 0.12421875
0 0.2609375 0.4390625 0.0703125 0.390625
0 0.83359375 0.40390625 0.07265625 0.40390625
0 0.80546875 0.26796875 0.04609375 0.26640625
0 0.41875 0.303125 0.04375 0.26953125
0 0.815625 0.48359375 0.08515625 0.48125
0 0.66875 0.18125 0.02421875 0.16875
0 0.6828125 0.53515625 0.0796875 0.5203125
0 0.23359375 0.17734375 0.02265625 0.1265625
0 0.64765625 0.24609375 0.0328125 0.23125
0 0.38046875 0.49296875 0.07734375 0.4546875