0 0.9796875 0.67578125 0.0390625 0.64609375
0 0.09296875 0.68359375 0.12421875 0.61484375
0 0.6734375 0.17890625 0.02421875 0.16484375
0 0.3984375 0.2375 0.0328125 0.20078125
0 0.6453125 0.35546875 0.04921875 0.33984375
0 0.425 0.26796875 0.03828125 0.234375
0 0.2203125 0.5515625 0.09296875 0.4984375
0 0.84140625 0.509375 0.09375 0.50859375
0 0.57734375 0.31640625 0.04375 0.29609375
0 0.98984375 0.303125 0.01875 0.31953125
0 0.325 0.465625 0.0734375 0.421875
0 0.36875 0.2484375 0.03515625 0.21015625
0 0.41953125 0.30234375 0.04375 0.26796875
0 0.2859375 0.1640625 0.0203125 0.11796875
0 0.5484375 0.1734375 0.02265625 0.14921875
0 0.20859375 0.17890625 0.02265625 0.12578125
0 0.3625 0.259375 0.03671875 0.2203125
0 0.73359375 0.740625 0.153125 0.51640625
0 0.2640625 0.16640625 0.02109375 0.11875
0 0.5171875 0.29296875 0.04140625 0.26640625
0 0.96953125 0.59140625 0.059375 0.6015625