0 0.0953125 0.26875 0.03984375 0.20703125
0 0.09921875 0.25078125 0.0359375 0.1890625
0 0.5546875 0.2515625 0.034375 0.22890625
0 0.19921875 0.2640625 0.03828125 0.2109375
0 0.4453125 0.24765625 0.034375 0.215625
0 0.590625 0.29296875 0.03984375 0.2734375
0 0.38046875 0.24375 0.03359375 0.20546875
0 0.7515625 0.20859375 0.03203125 0.203125
0 0.54296875 0.46953125 0.06875 0.44453125
0 0.2890625 0.25703125 0.03671875 0.21328125
0 0.40625 0.228125 0.03203125 0.19296875
0 0.38828125 0.2578125 0.03671875 0.22109375
0 0.45546875 0.51328125 0.078125 0.4796875
0 0.2484375 0.24921875 0.0359375 0.20078125
0 0.44453125 0.2328125 0.03203125 0.20078125
0 0.3375 0.48125 0.07578125 0.4390625
0 0.62734375 0.315625 0.04296875 0.3
0 0.4921875 0.28515625 0.03984375 0.25703125
0 0.44453125 0.29765625 0.04296875 0.265625
0 0.5125 0.4375 0.0640625 0.41015625