0 0.584375 0.1640625 0.02109375 0.14375
0 0.70703125 0.68046875 0.109375 0.63671875
0 0.63671875 0.71640625 0.128125 0.565625
0 0.5296875 0.15703125 0.01953125 0.13125
0 0.37265625 0.1609375 0.01953125 0.121875
0 0.8953125 0.68671875 0.146875 0.625
0 0.878125 0.62109375 0.11953125 0.61953125
0 0.790625 0.73046875 0.15859375 0.53671875
0 0.83046875 0.2765625 0.04921875 0.278125
0 0.23203125 0.20703125 0.028125 0.15625
0 0.771875 0.26953125 0.04375 0.26484375
0 0.34765625 0.16484375 0.02109375 0.12421875
0 0.32578125 0.15390625 0.01875 0.11015625
0 0.7203125 0.1890625 0.02734375 0.18046875
0 0.5859375 0.815625 0.18984375 0.36796875