0 0.3390625 0.2578125 0.03671875 0.21796875
0 0.32890625 0.159375 0.01953125 0.11640625
0 0.4125 0.31015625 0.0453125 0.27578125
0 0.6625 0.17734375 0.0234375 0.1640625
0 0.284375 0.203125 0.02734375 0.15625
0 0.33671875 0.4703125 0.07421875 0.428125
0 0.24609375 0.19609375 0.02578125 0.14609375
0 0.084375 0.26171875 0.03828125 0.19921875
0 0.20703125 0.1953125 0.02578125 0.14296875
0 0.35859375 0.159375 0.01953125 0.11875
0 0.18125 0.2828125 0.0421875 0.22890625
0 0.6125 0.171875 0.02265625 0.15390625
0 0.540625 0.1734375 0.02265625 0.1484375
0 0.52265625 0.259375 0.0359375 0.234375
0 0.13125 0.303125 0.04609375 0.24453125
0 0.215625 0.190625 0.025 0.13828125
0 0.38203125 0.24375 0.03359375 0.20546875
0 0.28671875 0.1890625 0.02421875 0.14296875
0 0.2203125 0.1984375 0.0265625 0.14609375
0 0.43203125 0.246875 0.034375 0.2140625
0 0.440625 0.21875 0.0296875 0.18515625
0 0.30078125 0.16171875 0.01953125 0.11640625
0 0.47734375 0.23125 0.03125 0.2015625