0 0.6703125 0.17890625 0.0234375 0.16484375
0 0.2265625 0.18671875 0.02421875 0.134375
0 0.44375 0.23359375 0.03203125 0.2015625
0 0.55859375 0.253125 0.034375 0.2296875
0 0.378125 0.24375 0.03359375 0.20546875
0 0.30859375 0.171875 0.021875 0.128125
0 0.12421875 0.20859375 0.028125 0.14921875
0 0.228125 0.190625 0.025 0.1390625
0 0.53125 0.17265625 0.02265625 0.146875
0 0.15546875 0.209375 0.02890625 0.1515625
0 0.8453125 0.6890625 0.13984375 0.61953125
0 0.43671875 0.24609375 0.034375 0.21328125
0 0.303125 0.16953125 0.02109375 0.125
0 0.81484375 0.65 0.11640625 0.64296875
0 0.27578125 0.1765625 0.02265625 0.12890625
0 0.32734375 0.16796875 0.02109375 0.12421875
0 0.184375 0.1890625 0.02421875 0.134375
0 0.24921875 0.1890625 0.025 0.1390625
0 0.96640625 0.725 0.06640625 0.5484375
0 0.39921875 0.2265625 0.03125 0.190625
0 0.37421875 0.259375 0.03671875 0.22109375
0 0.41171875 0.31015625 0.0453125 0.27578125
0 0.421875 0.45859375 0.06953125 0.4234375