0 0.4578125 0.5015625 0.07578125 0.46875
0 0.44765625 0.21796875 0.0296875 0.1859375
0 0.78671875 0.50703125 0.08671875 0.5015625
0 0.59296875 0.16640625 0.02109375 0.1453125
0 0.790625 0.42578125 0.07265625 0.42109375
0 0.0796875 0.525 0.09140625 0.459375
0 0.7078125 0.57109375 0.08828125 0.55625
0 0.19296875 0.48671875 0.08125 0.43203125
0 0.4 0.21953125 0.0296875 0.18359375
0 0.675 0.18203125 0.02421875 0.16953125
0 0.38671875 0.3875 0.05859375 0.35078125
0 0.62265625 0.63125 0.09296875 0.609375
0 0.7765625 0.46875 0.07890625 0.46328125
0 0.4234375 0.44921875 0.06875 0.41484375