0 0.359375 0.4546875 0.07109375 0.41484375
0 0.92734375 0.4734375 0.09609375 0.48046875
0 0.653125 0.61640625 0.09140625 0.596875
0 0.45859375 0.18125 0.0234375 0.14921875
0 0.6796875 0.18203125 0.02421875 0.1703125
0 0.41484375 0.18359375 0.02421875 0.14921875
0 0.09140625 0.29765625 0.0453125 0.2359375
0 0.91953125 0.38828125 0.078125 0.39609375
0 0.37109375 0.5984375 0.09609375 0.55546875
0 0.59140625 0.16640625 0.02109375 0.14609375
0 0.68984375 0.93203125 0.2875 0.13359375
0 0.7078125 0.57109375 0.08828125 0.55625
0 0.97734375 0.53359375 0.04453125 0.54609375