0 0.3 0.45859375 0.07265625 0.41328125
0 0.621875 0.5484375 0.07890625 0.528125
0 0.40859375 0.190625 0.025 0.1546875
0 0.67890625 0.18203125 0.02421875 0.1703125
0 0.59140625 0.16640625 0.02109375 0.14609375
0 0.81875 0.3859375 0.06796875 0.38515625
0 0.5203125 0.5875 0.08828125 0.55859375
0 0.2828125 0.56796875 0.09375 0.51875
0 0.4578125 0.1859375 0.02421875 0.1546875
0 0.91796875 0.51875 0.10390625 0.525
0 0.475 0.903125 0.25078125 0.19140625
0 0.840625 0.47421875 0.08671875 0.47421875
0 0.0734375 0.29921875 0.04609375 0.2359375