0 0.1734375 0.2203125 0.03046875 0.16484375
0 0.33359375 0.253125 0.0359375 0.21171875
0 0.48046875 0.16640625 0.02109375 0.1359375
0 0.66796875 0.1796875 0.02421875 0.16640625
0 0.5078125 0.25703125 0.03515625 0.23046875
0 0.42734375 0.49765625 0.0765625 0.46171875
0 0.85625 0.68125 0.1359375 0.6359375
0 0.3640625 0.553125 0.08828125 0.5109375
0 0.27578125 0.42890625 0.06796875 0.38125
0 0.3796875 0.38125 0.0578125 0.34375
0 0.546875 0.17578125 0.02265625 0.1515625
0 0.28671875 0.246875 0.03515625 0.20078125
0 0.415625 0.3046875 0.04453125 0.2703125
0 0.32578125 0.27578125 0.03984375 0.23359375
0 0.13828125 0.2234375 0.03046875 0.16484375