0 0.3859375 0.24375 0.03359375 0.20625
0 0.39921875 0.23125 0.03203125 0.1953125
0 0.55546875 0.178125 0.02265625 0.1546875
0 0.43984375 0.246875 0.034375 0.21484375
0 0.80546875 0.2625 0.04453125 0.26171875
0 0.5125 0.1765625 0.02265625 0.14921875
0 0.6578125 0.178125 0.02265625 0.16328125
0 0.5625 0.25625 0.03515625 0.23515625
0 0.45078125 0.23125 0.03125 0.2
0 0.803125 0.275 0.04765625 0.27421875
0 0.42109375 0.309375 0.04453125 0.27578125
0 0.16015625 0.6359375 0.11171875 0.575
0 0.3796875 0.259375 0.03671875 0.221875
0 0.09453125 0.35078125 0.05625 0.2890625