0 0.44921875 0.1484375 0.01796875 0.11484375
0 0.1546875 0.259375 0.03828125 0.2015625
0 0.3296875 0.55703125 0.08984375 0.51171875
0 0.6765625 0.18125 0.02421875 0.16796875
0 0.109375 0.50625 0.08671875 0.44453125
0 0.365625 0.38359375 0.0578125 0.34453125
0 0.3515625 0.4890625 0.07734375 0.4484375
0 0.15390625 0.26953125 0.03984375 0.21328125
0 0.421875 0.15 0.01796875 0.11484375
0 0.09453125 0.43359375 0.07265625 0.37109375
0 0.1640625 0.20546875 0.02734375 0.14921875
0 0.228125 0.30859375 0.046875 0.25859375
0 0.59375 0.16640625 0.02109375 0.1453125