0 0.3796875 0.2453125 0.034375 0.20703125
0 0.6671875 0.178125 0.0234375 0.1640625
0 0.22421875 0.2140625 0.02890625 0.1640625
0 0.45546875 0.4328125 0.06484375 0.40078125
0 0.4359375 0.246875 0.034375 0.2140625
0 0.215625 0.66328125 0.1140625 0.60546875
0 0.5640625 0.253125 0.034375 0.23125
0 0.4046875 0.22734375 0.03125 0.19140625
0 0.70703125 0.2140625 0.03125 0.2046875
0 0.378125 0.2609375 0.03671875 0.2234375
0 0.453125 0.23125 0.03125 0.19921875
0 0.43671875 0.3046875 0.04375 0.271875
0 0.3234375 0.6140625 0.10078125 0.56640625
0 0.665625 0.22109375 0.0296875 0.20703125
0 0.07265625 0.2234375 0.03046875 0.159375
0 0.11484375 0.49609375 0.084375 0.434375
0 0.51015625 0.178125 0.02265625 0.15078125
0 0.28984375 0.1609375 0.01953125 0.11484375
0 0.1890625 0.215625 0.0296875 0.1609375
0 0.1234375 0.7 0.1328125 0.5984375