0 0.6671875 0.178125 0.0234375 0.1640625
0 0.23671875 0.20703125 0.028125 0.15703125
0 0.203125 0.20859375 0.028125 0.15546875
0 0.4359375 0.246875 0.034375 0.2140625
0 0.4953125 0.44609375 0.06640625 0.41796875
0 0.3796875 0.2453125 0.034375 0.20703125
0 0.22265625 0.740625 0.159375 0.51796875
0 0.5640625 0.253125 0.034375 0.23125
0 0.33125 0.69140625 0.11875 0.615625
0 0.4046875 0.22734375 0.03125 0.19140625
0 0.06875 0.49609375 0.0859375 0.43046875
0 0.4125 0.659375 0.10546875 0.61875
0 0.628125 0.21640625 0.02890625 0.2
0 0.43203125 0.303125 0.04375 0.26953125
0 0.378125 0.259375 0.03671875 0.221875
0 0.07265625 0.2234375 0.03046875 0.159375
0 0.51015625 0.178125 0.02265625 0.15078125
0 0.6796875 0.21015625 0.02890625 0.1984375
0 0.4546875 0.23046875 0.03125 0.19921875