0 0.3171875 0.1765625 0.02265625 0.13359375
0 0.55625 0.1703125 0.021875 0.14609375
0 0.6703125 0.17890625 0.0234375 0.16484375
0 0.45234375 0.5546875 0.08515625 0.5203125
0 0.27265625 0.18671875 0.02421875 0.13984375
0 0.44375 0.23359375 0.03203125 0.2015625
0 0.2171875 0.190625 0.025 0.1390625
0 0.165625 0.4359375 0.071875 0.3796875
0 0.87421875 0.715625 0.16484375 0.56796875
0 0.28515625 0.1796875 0.0234375 0.13359375
0 0.43671875 0.24609375 0.034375 0.21328125
0 0.23125 0.19375 0.02578125 0.14375
0 0.91484375 0.68125 0.146875 0.63515625
0 0.296875 0.18359375 0.02421875 0.13671875
0 0.4109375 0.309375 0.04453125 0.275
0 0.209375 0.19375 0.02578125 0.14140625
0 0.14375 0.20625 0.02734375 0.146875
0 0.378125 0.24375 0.03359375 0.20546875
0 0.09296875 0.2265625 0.03125 0.1640625
0 0.39921875 0.2265625 0.03125 0.190625
0 0.1234375 0.2296875 0.03203125 0.1703125
0 0.45 0.63203125 0.0984375 0.5953125
0 0.56015625 0.25234375 0.034375 0.23046875
0 0.37421875 0.259375 0.03671875 0.22109375