0 0.13671875 0.2515625 0.03671875 0.19375
0 0.4390625 0.17578125 0.02265625 0.14140625
0 0.66015625 0.178125 0.02265625 0.1640625
0 0.06640625 0.2265625 0.03125 0.16171875
0 0.43828125 0.246875 0.034375 0.21484375
0 0.38515625 0.24375 0.03359375 0.20625
0 0.09765625 0.5953125 0.10546875 0.5296875
0 0.3796875 0.1765625 0.02265625 0.1390625
0 0.3875 0.22578125 0.03046875 0.18828125
0 0.42734375 0.62421875 0.09765625 0.5859375
0 0.0578125 0.36328125 0.05859375 0.29921875
0 0.43203125 0.303125 0.04375 0.26953125
0 0.378125 0.259375 0.03671875 0.221875
0 0.1453125 0.49453125 0.08359375 0.4359375
0 0.4515625 0.23125 0.03203125 0.19921875
0 0.8609375 0.40625 0.07578125 0.40859375
0 0.55390625 0.25390625 0.034375 0.23125
0 0.51328125 0.178125 0.02265625 0.15078125