0 0.378125 0.2421875 0.03359375 0.2046875
0 0.35625 0.29296875 0.04296875 0.25390625
0 0.51640625 0.67734375 0.103125 0.64375
0 0.4515625 0.23203125 0.03203125 0.2
0 0.23203125 0.19921875 0.02578125 0.1484375
0 0.128125 0.41328125 0.06796875 0.35390625
0 0.215625 0.19453125 0.02578125 0.14296875
0 0.91796875 0.2671875 0.053125 0.275
0 0.40625 0.2296875 0.03203125 0.19453125
0 0.95625 0.4625 0.08671875 0.4734375
0 0.38359375 0.25859375 0.03671875 0.22109375
0 0.5578125 0.25078125 0.034375 0.228125
0 0.44375 0.246875 0.034375 0.21484375
0 0.26640625 0.19453125 0.02578125 0.146875
0 0.4015625 0.2921875 0.0421875 0.25625
0 0.525 0.709375 0.1234375 0.57890625