0 0.67734375 0.17890625 0.02421875 0.16640625
0 0.51328125 0.62109375 0.09375 0.590625
0 0.44375 0.14375 0.0171875 0.11015625
0 0.36640625 0.2484375 0.03515625 0.21015625
0 0.4265625 0.26796875 0.03828125 0.234375
0 0.3984375 0.2375 0.0328125 0.20078125
0 0.11171875 0.66015625 0.11796875 0.59453125
0 0.2359375 0.18046875 0.02265625 0.12890625
0 0.25703125 0.178125 0.02265625 0.12890625
0 0.4171875 0.303125 0.04375 0.26875
0 0.54765625 0.17265625 0.02265625 0.14921875
0 0.52265625 0.3859375 0.05546875 0.3609375
0 0.46796875 0.47109375 0.07109375 0.43984375
0 0.590625 0.5484375 0.07890625 0.52578125
0 0.36015625 0.2609375 0.03671875 0.22109375
0 0.51328125 0.353125 0.05078125 0.3265625
0 0.32734375 0.35390625 0.05390625 0.31171875