0 0.16640625 0.5390625 0.09140625 0.48125
0 0.1671875 0.19140625 0.02421875 0.134375
0 0.41015625 0.3109375 0.04453125 0.27578125
0 0.14296875 0.19375 0.025 0.13515625
0 0.45234375 0.628125 0.09765625 0.59140625
0 0.33828125 0.25703125 0.03671875 0.21640625
0 0.484375 0.571875 0.08671875 0.540625
0 0.2171875 0.18984375 0.02421875 0.13671875
0 0.41796875 0.27109375 0.03828125 0.2359375
0 0.3296875 0.18046875 0.0234375 0.13671875
0 0.43515625 0.24609375 0.034375 0.21328125
0 0.19375 0.2 0.0265625 0.14609375
0 0.271875 0.18515625 0.02421875 0.13671875
0 0.24921875 0.21015625 0.028125 0.1609375
0 0.66640625 0.2109375 0.028125 0.196875
0 0.21484375 0.20078125 0.0265625 0.1484375
0 0.21171875 0.215625 0.02890625 0.16328125
0 0.1109375 0.25390625 0.03671875 0.19375
0 0.85703125 0.43125 0.08046875 0.43359375
0 0.66484375 0.178125 0.0234375 0.1640625
0 0.30078125 0.18359375 0.02421875 0.13828125
0 0.38203125 0.24375 0.03359375 0.20546875
0 0.47265625 0.23203125 0.03203125 0.2015625
0 0.5359375 0.1734375 0.02265625 0.14921875