0 0.43359375 0.24921875 0.034375 0.215625
0 0.06640625 0.2265625 0.03203125 0.16171875
0 0.1859375 0.2140625 0.02890625 0.159375
0 0.12265625 0.225 0.03125 0.16484375
0 0.72890625 0.3640625 0.05703125 0.35625
0 0.0953125 0.55 0.09609375 0.48515625
0 0.05859375 0.36875 0.06015625 0.30390625
0 0.56015625 0.253125 0.034375 0.23046875
0 0.51171875 0.17734375 0.02265625 0.15078125
0 0.39765625 0.23046875 0.03203125 0.19453125
0 0.178125 0.434375 0.07109375 0.3796875
0 0.378125 0.259375 0.03671875 0.221875
0 0.528125 0.67890625 0.10390625 0.63984375
0 0.3796875 0.2453125 0.034375 0.20703125
0 0.6671875 0.17734375 0.0234375 0.1640625
0 0.45 0.23125 0.03203125 0.19921875
0 0.4203125 0.30703125 0.04453125 0.27421875