0 0.5109375 0.43671875 0.0640625 0.41015625
0 0.22890625 0.2625 0.03828125 0.21171875
0 0.55234375 0.4703125 0.06796875 0.44609375
0 0.5546875 0.2515625 0.034375 0.22890625
0 0.06953125 0.265625 0.03984375 0.2015625
0 0.38046875 0.23125 0.03203125 0.19453125
0 0.38125 0.24375 0.03359375 0.20546875
0 0.284375 0.25625 0.03671875 0.21015625
0 0.453125 0.23203125 0.03203125 0.20078125
0 0.13359375 0.278125 0.04140625 0.21953125
0 0.446875 0.296875 0.0421875 0.265625
0 0.2328125 0.1734375 0.02109375 0.1234375
0 0.4671875 0.515625 0.078125 0.48359375
0 0.66640625 0.19375 0.02578125 0.1796875
0 0.3421875 0.4765625 0.07578125 0.43515625
0 0.4921875 0.3328125 0.04765625 0.3046875
0 0.44453125 0.2484375 0.034375 0.21640625
0 0.46484375 0.35859375 0.05234375 0.328125
0 0.49375 0.28515625 0.03984375 0.25703125
0 0.38828125 0.2578125 0.03671875 0.22109375