0 0.36171875 0.584375 0.09375 0.54140625
0 0.34609375 0.3984375 0.06171875 0.35859375
0 0.246875 0.19296875 0.02578125 0.14296875
0 0.19921875 0.19765625 0.02578125 0.14375
0 0.975 0.30703125 0.04921875 0.321875
0 0.2375 0.51328125 0.08515625 0.46171875
0 0.2 0.4671875 0.07734375 0.4140625
0 0.49140625 0.3890625 0.05703125 0.3609375
0 0.27578125 0.43359375 0.06875 0.3859375
0 0.66796875 0.18203125 0.02421875 0.16796875
0 0.40859375 0.30546875 0.04453125 0.26953125
0 0.5328125 0.175 0.02265625 0.15
0 0.78359375 0.31328125 0.05234375 0.31015625