0 0.42421875 0.30546875 0.04375 0.27109375
0 0.51484375 0.17734375 0.02265625 0.15078125
0 0.38515625 0.24375 0.03359375 0.20625
0 0.1578125 0.221875 0.03046875 0.16484375
0 0.05546875 0.3640625 0.05859375 0.29921875
0 0.06640625 0.2265625 0.03125 0.16171875
0 0.3890625 0.22890625 0.03203125 0.19140625
0 0.7046875 0.6859375 0.11328125 0.62578125
0 0.07734375 0.584375 0.10390625 0.51875
0 0.72578125 0.5390625 0.08515625 0.528125
0 0.3359375 0.16171875 0.0203125 0.11953125
0 0.0546875 0.25703125 0.0375 0.19140625
0 0.8859375 0.38671875 0.075 0.39140625
0 0.66640625 0.17734375 0.0234375 0.1640625
0 0.4515625 0.23125 0.03203125 0.19921875
0 0.43984375 0.246875 0.034375 0.21484375
0 0.390625 0.16015625 0.01953125 0.121875
0 0.3796875 0.259375 0.03671875 0.221875
0 0.55390625 0.25390625 0.034375 0.23125