0 0.66015625 0.178125 0.02265625 0.1640625
0 0.39453125 0.22421875 0.03046875 0.18671875
0 0.51484375 0.17734375 0.02265625 0.15078125
0 0.8703125 0.390625 0.0734375 0.39375
0 0.43828125 0.246875 0.034375 0.21484375
0 0.38515625 0.24375 0.03359375 0.20625
0 0.06640625 0.2265625 0.03125 0.16171875
0 0.1578125 0.2359375 0.03359375 0.1796875
0 0.55390625 0.25390625 0.034375 0.23125
0 0.0578125 0.36328125 0.05859375 0.29921875
0 0.43203125 0.303125 0.04375 0.26953125
0 0.4515625 0.23125 0.03203125 0.19921875
0 0.35546875 0.1703125 0.02109375 0.1296875
0 0.696875 0.6765625 0.10625 0.64453125
0 0.3796875 0.259375 0.03671875 0.221875
0 0.41875 0.16796875 0.02109375 0.13203125
0 0.27265625 0.628125 0.10546875 0.5765625