0 0.53125 0.17421875 0.02265625 0.1484375
0 0.21015625 0.23984375 0.03359375 0.18671875
0 0.47265625 0.23359375 0.03203125 0.2046875
0 0.4078125 0.23046875 0.03203125 0.19453125
0 0.66796875 0.17890625 0.02421875 0.16484375
0 0.06875 0.29765625 0.04609375 0.234375
0 0.11875 0.225 0.03125 0.16484375
0 0.34453125 0.25703125 0.03671875 0.21640625
0 0.884375 0.675 0.1359375 0.6484375
0 0.80703125 0.38125 0.06640625 0.3796875
0 0.14609375 0.22734375 0.03203125 0.16953125
0 0.384375 0.24375 0.03359375 0.20546875
0 0.67265625 0.75625 0.15703125 0.4859375
0 0.096875 0.2421875 0.03515625 0.18046875
0 0.16640625 0.2453125 0.03515625 0.1890625
0 0.1578125 0.27890625 0.04140625 0.221875
0 0.77421875 0.40859375 0.06796875 0.4046875
0 0.26875 0.46171875 0.07421875 0.41484375
0 0.4171875 0.31015625 0.04453125 0.27578125
0 0.4515625 0.2484375 0.034375 0.21796875
0 0.4203125 0.26953125 0.03828125 0.23515625
0 0.84921875 0.53046875 0.0984375 0.5296875
0 0.12109375 0.25078125 0.0359375 0.190625
0 0.71796875 0.446875 0.06953125 0.43671875
0 0.81015625 0.70546875 0.1453125 0.58671875
0 0.1609375 0.21796875 0.0296875 0.1609375