0 0.48671875 0.2859375 0.040625 0.25703125
0 0.95546875 0.2265625 0.04765625 0.2390625
0 0.43359375 0.24921875 0.034375 0.215625
0 0.32265625 0.22578125 0.03125 0.18203125
0 0.6546875 0.23671875 0.03203125 0.2234375
0 0.503125 0.43671875 0.0640625 0.409375
0 0.38828125 0.2578125 0.03671875 0.22109375
0 0.77421875 0.23125 0.0375 0.228125
0 0.4 0.23125 0.03203125 0.1953125
0 0.5515625 0.2515625 0.034375 0.2296875
0 0.45234375 0.628125 0.09765625 0.59140625
0 0.35625 0.47890625 0.07578125 0.43828125
0 0.8109375 0.2265625 0.0390625 0.225
0 0.3921875 0.68359375 0.11171875 0.63046875
0 0.153125 0.22890625 0.03203125 0.171875
0 0.15703125 0.23671875 0.03359375 0.1796875
0 0.4421875 0.296875 0.04296875 0.26484375
0 0.303125 0.2375 0.03359375 0.19375
0 0.14375 0.39453125 0.0640625 0.33671875
0 0.59375 0.23359375 0.03125 0.2140625
0 0.31875 0.378125 0.05859375 0.33515625
0 0.55703125 0.4671875 0.06796875 0.44375
0 0.453125 0.23203125 0.03203125 0.20078125
0 0.5 0.50703125 0.07578125 0.478125
0 0.20859375 0.28125 0.04140625 0.2296875
0 0.38125 0.24296875 0.03359375 0.20546875
0 0.5171875 0.15703125 0.01953125 0.13046875
0 0.09140625 0.2578125 0.0375 0.1953125