0 0.6109375 0.23046875 0.03046875 0.21171875
0 0.0671875 0.478125 0.08203125 0.41328125
0 0.3828125 0.4515625 0.06953125 0.4140625
0 0.27421875 0.165625 0.0203125 0.11875
0 0.965625 0.4046875 0.0671875 0.41640625
0 0.93671875 0.45625 0.09375 0.46484375
0 0.2390625 0.17109375 0.02109375 0.1203125
0 0.5359375 0.175 0.02265625 0.15
0 0.66875 0.18125 0.02421875 0.16875
0 0.9140625 0.575 0.11484375 0.578125
0 0.25859375 0.4296875 0.06796875 0.38125
0 0.4140625 0.30390625 0.04453125 0.26953125
0 0.0921875 0.28046875 0.0421875 0.21875
0 0.7484375 0.25859375 0.040625 0.253125