0 0.31015625 0.61875 0.1015625 0.5703125
0 0.53359375 0.25703125 0.03515625 0.23203125
0 0.7453125 0.640625 0.1046875 0.628125
0 0.26484375 0.2484375 0.03515625 0.20078125
0 0.11640625 0.23046875 0.03203125 0.1703125
0 0.3203125 0.28046875 0.040625 0.23828125
0 0.3234375 0.25390625 0.0359375 0.2109375
0 0.1640625 0.2265625 0.03203125 0.1703125
0 0.25625 0.56015625 0.09296875 0.509375
0 0.5484375 0.175 0.02265625 0.1515625
0 0.35625 0.4890625 0.07734375 0.44921875
0 0.371875 0.3796875 0.0578125 0.340625
0 0.25390625 0.4328125 0.06953125 0.384375
0 0.67109375 0.18046875 0.02421875 0.16640625
0 0.41328125 0.303125 0.04375 0.26953125
0 0.48671875 0.1703125 0.021875 0.140625