0 0.14765625 0.21015625 0.028125 0.1515625
0 0.1453125 0.271875 0.03984375 0.2140625
0 0.425 0.30703125 0.04453125 0.2734375
0 0.06640625 0.2265625 0.03203125 0.16171875
0 0.6671875 0.38359375 0.0546875 0.3703125
0 0.05625 0.36875 0.06015625 0.3046875
0 0.396875 0.23046875 0.03203125 0.19453125
0 0.56015625 0.253125 0.034375 0.23046875
0 0.13671875 0.6015625 0.10546875 0.53984375
0 0.3765625 0.259375 0.03671875 0.22109375
0 0.1859375 0.2140625 0.02890625 0.159375
0 0.66953125 0.178125 0.0234375 0.16484375
0 0.190625 0.67109375 0.11640625 0.6109375
0 0.5125 0.17734375 0.02265625 0.15078125
0 0.72109375 0.68671875 0.115625 0.625
0 0.08828125 0.41328125 0.06875 0.35078125
0 0.45234375 0.23125 0.03203125 0.19921875
0 0.921875 0.4984375 0.10078125 0.5046875
0 0.17265625 0.27421875 0.040625 0.21953125
0 0.3828125 0.24453125 0.03359375 0.20703125
0 0.4328125 0.2484375 0.03515625 0.215625