0 0.41015625 0.3109375 0.04453125 0.27578125
0 0.68671875 0.21796875 0.03046875 0.20546875
0 0.7140625 0.41796875 0.06328125 0.40703125
0 0.33828125 0.25703125 0.03671875 0.21640625
0 0.41796875 0.27109375 0.03828125 0.2359375
0 0.43515625 0.24609375 0.034375 0.21328125
0 0.24765625 0.21328125 0.02890625 0.1640625
0 0.16953125 0.1953125 0.02578125 0.1390625
0 0.3484375 0.58671875 0.09453125 0.54296875
0 0.21796875 0.18828125 0.02421875 0.1359375
0 0.1453125 0.1984375 0.02578125 0.13984375
0 0.19375 0.2 0.0265625 0.14609375
0 0.16796875 0.1890625 0.02421875 0.13203125
0 0.32578125 0.184375 0.02421875 0.14140625
0 0.075 0.2640625 0.0390625 0.20078125
0 0.0734375 0.546875 0.09609375 0.48125
0 0.66484375 0.178125 0.0234375 0.1640625
0 0.38203125 0.24375 0.03359375 0.20546875
0 0.47265625 0.23203125 0.03203125 0.2015625
0 0.29375 0.18671875 0.02421875 0.14140625
0 0.2140625 0.2 0.0265625 0.1484375
0 0.5359375 0.1734375 0.02265625 0.14921875
0 0.26640625 0.1890625 0.025 0.140625
0 0.37890625 0.534375 0.08515625 0.4953125
0 0.209375 0.21796875 0.0296875 0.165625