0 0.146875 0.20078125 0.0265625 0.14296875
0 0.63828125 0.39921875 0.05625 0.384375
0 0.41328125 0.3109375 0.0453125 0.27578125
0 0.15390625 0.22890625 0.03203125 0.17109375
0 0.22109375 0.196875 0.02578125 0.14609375
0 0.40234375 0.22734375 0.03125 0.19140625
0 0.41640625 0.15078125 0.01875 0.11484375
0 0.20546875 0.19453125 0.02578125 0.14140625
0 0.184375 0.2453125 0.03515625 0.190625
0 0.3921875 0.24375 0.03359375 0.20625
0 0.37734375 0.259375 0.03671875 0.221875
0 0.171875 0.23046875 0.03203125 0.175
0 0.55625 0.25390625 0.034375 0.23125
0 0.8390625 0.68203125 0.13359375 0.63359375
0 0.128125 0.203125 0.02734375 0.14296875
0 0.45234375 0.23203125 0.03203125 0.20078125
0 0.17578125 0.19609375 0.02578125 0.140625
0 0.9078125 0.709375 0.1671875 0.5796875
0 0.4453125 0.24453125 0.03359375 0.21171875
0 0.55625 0.17109375 0.02109375 0.146875
0 0.609375 0.440625 0.06171875 0.42109375
0 0.225 0.1890625 0.02421875 0.13828125
0 0.14765625 0.246875 0.03515625 0.18984375
0 0.66875 0.17890625 0.0234375 0.16484375