0 0.434375 0.2484375 0.03515625 0.215625
0 0.5484375 0.46796875 0.06796875 0.44296875
0 0.14453125 0.23359375 0.0328125 0.17578125
0 0.503125 0.43671875 0.0640625 0.409375
0 0.3546875 0.47265625 0.07421875 0.43203125
0 0.60546875 0.24375 0.03203125 0.22578125
0 0.92578125 0.22578125 0.0453125 0.234375
0 0.365625 0.60546875 0.09765625 0.56171875
0 0.071875 0.4109375 0.06796875 0.346875
0 0.49140625 0.50703125 0.07578125 0.478125
0 0.3015625 0.228125 0.03203125 0.184375
0 0.4921875 0.28515625 0.03984375 0.25703125
0 0.55703125 0.2515625 0.034375 0.22890625
0 0.38203125 0.25859375 0.03671875 0.2203125
0 0.2234375 0.27421875 0.040625 0.2234375
0 0.27890625 0.24296875 0.034375 0.196875
0 0.0640625 0.27265625 0.040625 0.20859375
0 0.7953125 0.23671875 0.03984375 0.234375
0 0.284375 0.6796875 0.11484375 0.628125
0 0.5203125 0.15546875 0.01953125 0.12890625
0 0.84296875 0.23203125 0.04140625 0.234375
0 0.446875 0.296875 0.0421875 0.265625
0 0.396875 0.23046875 0.03203125 0.19375
0 0.38125 0.24296875 0.03359375 0.20546875
0 0.1484375 0.24453125 0.03515625 0.18828125
0 0.24375 0.38828125 0.0609375 0.3390625
0 0.6578125 0.2484375 0.03359375 0.234375
0 0.45 0.234375 0.03203125 0.2015625