0 0.0921875 0.25859375 0.03828125 0.19609375
0 0.090625 0.54453125 0.09453125 0.4796875
0 0.41640625 0.396875 0.06015625 0.36328125
0 0.471875 0.234375 0.03203125 0.2046875
0 0.42578125 0.26875 0.03828125 0.23515625
0 0.190625 0.69375 0.125 0.6109375
0 0.52578125 0.55703125 0.0828125 0.5296875
0 0.32109375 0.58359375 0.0953125 0.53671875
0 0.5359375 0.1734375 0.02265625 0.1484375
0 0.66953125 0.43828125 0.06328125 0.42421875
0 0.45546875 0.51328125 0.078125 0.4796875
0 0.67421875 0.17890625 0.02421875 0.165625
0 0.3484375 0.359375 0.05390625 0.31875
0 0.34140625 0.2578125 0.03671875 0.21796875
0 0.37734375 0.2453125 0.034375 0.20703125
0 0.61484375 0.50234375 0.071875 0.48203125
0 0.52734375 0.36953125 0.053125 0.3453125
0 0.415625 0.31171875 0.0453125 0.2765625
0 0.478125 0.25078125 0.03515625 0.221875
0 0.40390625 0.23203125 0.03203125 0.19609375
0 0.08828125 0.28125 0.04296875 0.21875