0 0.27890625 0.24921875 0.03515625 0.203125
0 0.4875 0.28515625 0.03984375 0.25703125
0 0.26328125 0.34609375 0.053125 0.29921875
0 0.3796875 0.25859375 0.03671875 0.2203125
0 0.509375 0.43828125 0.06484375 0.4109375
0 0.3453125 0.47578125 0.075 0.43515625
0 0.45078125 0.2328125 0.03203125 0.20078125
0 0.553125 0.25078125 0.03359375 0.228125
0 0.4484375 0.246875 0.034375 0.21484375
0 0.37578125 0.24296875 0.03359375 0.2046875
0 0.5890625 0.45703125 0.06484375 0.4359375
0 0.2203125 0.19296875 0.02578125 0.140625
0 0.40703125 0.22890625 0.03125 0.19375
0 0.59453125 0.18359375 0.0234375 0.16328125
0 0.45390625 0.50703125 0.07734375 0.47421875
0 0.3140625 0.33125 0.05 0.28828125
0 0.2703125 0.28125 0.04140625 0.234375
0 0.4421875 0.29453125 0.0421875 0.26328125