0 0.665625 0.178125 0.0234375 0.1640625
0 0.14609375 0.1875 0.02421875 0.12890625
0 0.2640625 0.346875 0.053125 0.3
0 0.26796875 0.19609375 0.02578125 0.14921875
0 0.234375 0.19921875 0.0265625 0.14921875
0 0.41640625 0.2265625 0.03125 0.19296875
0 0.17890625 0.1984375 0.02578125 0.14375
0 0.40703125 0.3109375 0.0453125 0.275
0 0.3640625 0.24375 0.034375 0.20390625
0 0.0875 0.20078125 0.0265625 0.13671875
0 0.1953125 0.1984375 0.0265625 0.1453125
0 0.84609375 0.44375 0.08125 0.4453125
0 0.55546875 0.25390625 0.034375 0.23203125
0 0.37734375 0.26015625 0.03671875 0.221875
0 0.9328125 0.26875 0.0546875 0.278125
0 0.509375 0.178125 0.02265625 0.15078125
0 0.43828125 0.2453125 0.03359375 0.21328125
0 0.6234375 0.5015625 0.071875 0.48359375
0 0.46171875 0.23203125 0.03203125 0.2015625
0 0.98671875 0.2609375 0.025 0.2765625