0 0.6671875 0.178125 0.0234375 0.1640625
0 0.0765625 0.21875 0.03046875 0.1546875
0 0.4359375 0.246875 0.034375 0.2140625
0 0.20078125 0.47734375 0.07890625 0.4234375
0 0.084375 0.65234375 0.11796875 0.584375
0 0.5640625 0.253125 0.034375 0.23125
0 0.43046875 0.428125 0.06484375 0.39453125
0 0.21328125 0.221875 0.03046875 0.16953125
0 0.4046875 0.22734375 0.03125 0.19140625
0 0.29140625 0.16484375 0.02109375 0.11875
0 0.43671875 0.3046875 0.04375 0.271875
0 0.38046875 0.2609375 0.03671875 0.2234375
0 0.51015625 0.178125 0.02265625 0.15078125
0 0.453125 0.23125 0.03125 0.19921875
0 0.2234375 0.61015625 0.10390625 0.55546875
0 0.3796875 0.2453125 0.034375 0.20703125
0 0.1796875 0.22109375 0.03046875 0.165625
0 0.74140625 0.2203125 0.03359375 0.21328125
0 0.134375 0.6390625 0.11328125 0.57578125
0 0.6953125 0.228125 0.0328125 0.21640625