0 0.54609375 0.60859375 0.090625 0.58046875
0 0.08125 0.6203125 0.11171875 0.55390625
0 0.62890625 0.7328125 0.13828125 0.53203125
0 0.184375 0.20703125 0.02734375 0.1515625
0 0.49609375 0.14921875 0.01875 0.12109375
0 0.37734375 0.5109375 0.08046875 0.47109375
0 0.42578125 0.203125 0.02734375 0.16875
0 0.0984375 0.2125 0.02890625 0.15078125
0 0.53515625 0.15625 0.01953125 0.13046875
0 0.25703125 0.1859375 0.02421875 0.1359375
0 0.09453125 0.20546875 0.02734375 0.14296875
0 0.8859375 0.6859375 0.1453125 0.62578125
0 0.29140625 0.18359375 0.02421875 0.13828125
0 0.39140625 0.209375 0.028125 0.171875
0 0.79375 0.196875 0.03203125 0.19453125
0 0.55078125 0.54375 0.08046875 0.51796875
0 0.7265625 0.684375 0.115625 0.6296875
0 0.22734375 0.18671875 0.02421875 0.13515625
0 0.784375 0.26796875 0.04453125 0.26484375
0 0.57890625 0.16484375 0.02109375 0.14296875
0 0.83515625 0.27890625 0.05 0.2796875
0 0.953125 0.53046875 0.0921875 0.5390625
0 0.83984375 0.2046875 0.03671875 0.20546875
0 0.77890625 0.74296875 0.1640625 0.51328125