0 0.66953125 0.178125 0.02421875 0.16484375
0 0.54140625 0.171875 0.021875 0.1484375
0 0.8796875 0.74453125 0.1890625 0.50859375
0 0.3734375 0.259375 0.03671875 0.22109375
0 0.15078125 0.24453125 0.03515625 0.18671875
0 0.478125 0.4015625 0.05859375 0.371875
0 0.21484375 0.190625 0.025 0.1390625
0 0.1 0.20625 0.02734375 0.14453125
0 0.146875 0.2109375 0.028125 0.153125
0 0.13984375 0.26171875 0.03828125 0.20390625
0 0.56328125 0.253125 0.034375 0.23125
0 0.56015625 0.68046875 0.10390625 0.63671875
0 0.1625 0.20625 0.02734375 0.14921875
0 0.20703125 0.1953125 0.02578125 0.14296875
0 0.128125 0.20546875 0.02734375 0.14609375
0 0.41015625 0.22734375 0.03125 0.19140625
0 0.10703125 0.2140625 0.02890625 0.153125
0 0.3125 0.15703125 0.01953125 0.11171875
0 0.37890625 0.24140625 0.03359375 0.20390625
0 0.4421875 0.23203125 0.03203125 0.19921875
0 0.53828125 0.6359375 0.0953125 0.60625
0 0.53203125 0.37109375 0.053125 0.34609375
0 0.21875 0.19765625 0.02578125 0.1453125
0 0.4359375 0.246875 0.034375 0.2140625
0 0.0984375 0.265625 0.0390625 0.20390625
0 0.1125 0.24296875 0.03515625 0.18203125
0 0.42109375 0.3109375 0.04453125 0.2765625
0 0.40078125 0.1578125 0.01953125 0.12109375