0 0.2375 0.434375 0.06953125 0.384375
0 0.503125 0.1828125 0.0234375 0.1546875
0 0.21015625 0.25390625 0.03671875 0.2015625
0 0.71328125 0.53828125 0.08359375 0.52578125
0 0.6953125 0.6296875 0.0953125 0.61328125
0 0.7046875 0.69453125 0.11796875 0.60859375
0 0.44453125 0.50546875 0.07734375 0.471875
0 0.5484375 0.1734375 0.021875 0.14921875
0 0.2640625 0.27890625 0.04140625 0.23125
0 0.4171875 0.30390625 0.04453125 0.26953125
0 0.0953125 0.57890625 0.10234375 0.5140625
0 0.12265625 0.48046875 0.08203125 0.4203125
0 0.675 0.18046875 0.02421875 0.16796875
0 0.10625 0.2515625 0.0359375 0.18984375
0 0.2453125 0.2609375 0.03828125 0.21171875
0 0.59375 0.2578125 0.03515625 0.23828125
0 0.0578125 0.25546875 0.03671875 0.190625
0 0.36328125 0.38359375 0.05859375 0.3453125