0 0.3453125 0.259375 0.03671875 0.21875
0 0.4515625 0.54765625 0.08359375 0.5140625
0 0.38984375 0.38984375 0.05859375 0.35390625
0 0.39921875 0.5 0.07734375 0.46328125
0 0.471875 0.234375 0.03203125 0.2046875
0 0.2453125 0.56796875 0.09453125 0.515625
0 0.42578125 0.26875 0.03828125 0.23515625
0 0.5359375 0.1734375 0.02265625 0.1484375
0 0.28984375 0.35390625 0.05390625 0.30859375
0 0.67421875 0.17890625 0.02421875 0.165625
0 0.059375 0.28671875 0.04375 0.221875
0 0.58125 0.434375 0.06171875 0.4140625
0 0.50078125 0.2515625 0.03515625 0.22421875
0 0.5328125 0.49296875 0.07265625 0.46640625
0 0.52265625 0.37578125 0.05390625 0.35
0 0.415625 0.31171875 0.0453125 0.2765625
0 0.075 0.26484375 0.0390625 0.2015625
0 0.38203125 0.24609375 0.034375 0.20859375
0 0.08671875 0.67109375 0.121875 0.603125
0 0.40390625 0.23203125 0.03203125 0.19609375