0 0.5125 0.178125 0.02265625 0.15078125
0 0.5609375 0.25390625 0.03515625 0.23125
0 0.5328125 0.20390625 0.02734375 0.17890625
0 0.4359375 0.246875 0.034375 0.2140625
0 0.06640625 0.2265625 0.03125 0.16328125
0 0.4046875 0.22734375 0.03125 0.19140625
0 0.22890625 0.19296875 0.025 0.14140625
0 0.59921875 0.1984375 0.02578125 0.1796875
0 0.71015625 0.7265625 0.140625 0.5453125
0 0.26171875 0.19140625 0.025 0.14375
0 0.43203125 0.303125 0.04375 0.26953125
0 0.05546875 0.3609375 0.05859375 0.29609375
0 0.609375 0.440625 0.06171875 0.42109375
0 0.7953125 0.696875 0.13671875 0.60390625
0 0.96171875 0.665625 0.07578125 0.66796875
0 0.38125 0.24453125 0.034375 0.20703125
0 0.378125 0.259375 0.03671875 0.221875
0 0.68671875 0.78203125 0.17734375 0.43359375
0 0.45 0.23125 0.03203125 0.19921875
0 0.66484375 0.17890625 0.0234375 0.16484375