0 0.27421875 0.24453125 0.03515625 0.1984375
0 0.3328125 0.225 0.03046875 0.18359375
0 0.0609375 0.3671875 0.06015625 0.303125
0 0.20078125 0.196875 0.02578125 0.14375
0 0.49375 0.55625 0.08359375 0.525
0 0.4484375 0.23125 0.03203125 0.2
0 0.39609375 0.23125 0.03203125 0.19453125
0 0.509375 0.1765625 0.02265625 0.14921875
0 0.42421875 0.30859375 0.04453125 0.27421875
0 0.4359375 0.2484375 0.03515625 0.21484375
0 0.7078125 0.61640625 0.0953125 0.6015625
0 0.06953125 0.22578125 0.03125 0.1609375
0 0.34296875 0.228125 0.03125 0.18671875
0 0.65859375 0.1765625 0.02265625 0.16328125
0 0.378125 0.259375 0.03671875 0.221875
0 0.27421875 0.43125 0.06875 0.38515625
0 0.38828125 0.24296875 0.034375 0.20625
0 0.18203125 0.196875 0.02578125 0.14296875
0 0.55625 0.25625 0.034375 0.234375