0 0.41328125 0.22578125 0.03125 0.190625
0 0.41875 0.3109375 0.0453125 0.278125
0 0.5625 0.25390625 0.034375 0.23125
0 0.21796875 0.1984375 0.02578125 0.14609375
0 0.3125 0.1640625 0.0203125 0.1203125
0 0.28359375 0.16640625 0.02109375 0.1203125
0 0.06640625 0.2203125 0.03046875 0.15546875
0 0.3421875 0.36171875 0.0546875 0.32109375
0 0.37890625 0.24140625 0.03359375 0.20390625
0 0.1 0.221875 0.03046875 0.16015625
0 0.20703125 0.1953125 0.02578125 0.14296875
0 0.2625 0.54609375 0.08984375 0.4953125
0 0.5390625 0.1734375 0.021875 0.1484375
0 0.22109375 0.61640625 0.10546875 0.56015625
0 0.10078125 0.23046875 0.03203125 0.16796875
0 0.659375 0.178125 0.0234375 0.16328125
0 0.34765625 0.25859375 0.03671875 0.21875
0 0.403125 0.69921875 0.121875 0.59921875
0 0.153125 0.21875 0.03046875 0.16171875
0 0.08828125 0.26875 0.03984375 0.20546875
0 0.375 0.16875 0.02109375 0.13046875
0 0.12734375 0.2265625 0.03203125 0.16796875
0 0.4359375 0.246875 0.034375 0.2140625
0 0.45234375 0.23359375 0.03203125 0.2015625
0 0.21484375 0.190625 0.025 0.1390625
0 0.3796875 0.33671875 0.05 0.3
0 0.99296875 0.59453125 0.0125 0.61015625