0 0.46015625 0.23203125 0.03203125 0.2015625
0 0.41640625 0.2265625 0.03125 0.19296875
0 0.3640625 0.24375 0.034375 0.20390625
0 0.16796875 0.2046875 0.02734375 0.1484375
0 0.0875 0.20078125 0.0265625 0.13671875
0 0.9140625 0.43828125 0.0875 0.44453125
0 0.40703125 0.3109375 0.0453125 0.275
0 0.9453125 0.27421875 0.05703125 0.28515625
0 0.1859375 0.20546875 0.02734375 0.15078125
0 0.22734375 0.20703125 0.028125 0.15625
0 0.259375 0.2015625 0.0265625 0.153125
0 0.55546875 0.25390625 0.034375 0.23203125
0 0.50859375 0.17890625 0.02265625 0.1515625
0 0.37734375 0.26015625 0.03671875 0.221875
0 0.253125 0.3375 0.0515625 0.28984375
0 0.7140625 0.515625 0.0796875 0.50390625
0 0.43828125 0.2453125 0.03359375 0.21328125
0 0.665625 0.178125 0.0234375 0.1640625