0 0.4 0.23046875 0.03203125 0.19453125
0 0.68828125 0.2359375 0.03359375 0.22421875
0 0.384375 0.24375 0.03359375 0.20625
0 0.55625 0.25625 0.034375 0.234375
0 0.434375 0.2484375 0.03515625 0.215625
0 0.67421875 0.24921875 0.034375 0.23671875
0 0.50859375 0.18984375 0.025 0.16328125
0 0.6578125 0.178125 0.02265625 0.16328125
0 0.1015625 0.34921875 0.05546875 0.2890625
0 0.45 0.23125 0.03203125 0.2
0 0.5125 0.1765625 0.02265625 0.14921875
0 0.19296875 0.4140625 0.0671875 0.36015625
0 0.42109375 0.309375 0.04453125 0.27578125
0 0.3796875 0.259375 0.03671875 0.221875
0 0.18125 0.45625 0.07578125 0.4015625