0 0.10546875 0.31640625 0.04921875 0.25546875
0 0.2765625 0.17421875 0.02265625 0.1265625
0 0.41171875 0.29375 0.0421875 0.259375
0 0.38671875 0.25859375 0.03671875 0.221875
0 0.44375 0.246875 0.034375 0.21484375
0 0.959375 0.728125 0.08046875 0.54296875
0 0.71875 0.2109375 0.03125 0.2015625
0 0.23671875 0.178125 0.02265625 0.128125
0 0.22890625 0.175 0.021875 0.12421875
0 0.3859375 0.2421875 0.03359375 0.2046875
0 0.5578125 0.25078125 0.034375 0.228125
0 0.453125 0.23203125 0.03203125 0.20078125
0 0.4453125 0.28203125 0.03984375 0.25078125
0 0.44453125 0.484375 0.07421875 0.45078125
0 0.40625 0.2296875 0.03203125 0.19453125
0 0.24609375 0.46796875 0.07578125 0.41796875
0 0.25625 0.43671875 0.0703125 0.3890625
0 0.3921875 0.3890625 0.05859375 0.353125