0 0.884375 0.728125 0.1765625 0.54296875
0 0.88125 0.67734375 0.1375 0.64375
0 0.359375 0.48828125 0.07734375 0.446875
0 0.415625 0.309375 0.04453125 0.27421875
0 0.67578125 0.17890625 0.02421875 0.165625
0 0.67421875 0.31015625 0.04375 0.2984375
0 0.53984375 0.1734375 0.02265625 0.1484375
0 0.3640625 0.25859375 0.03671875 0.21953125
0 0.8515625 0.21328125 0.0390625 0.21484375
0 0.07421875 0.2203125 0.03046875 0.15546875
0 0.40234375 0.23203125 0.03203125 0.19609375
0 0.4921875 0.259375 0.0359375 0.23125
0 0.384375 0.246875 0.03515625 0.209375
0 0.83984375 0.790625 0.21328125 0.41640625
0 0.71484375 0.2375 0.03515625 0.22890625
0 0.42734375 0.2671875 0.0375 0.234375
0 0.8859375 0.621875 0.12109375 0.62109375