0 0.384375 0.25859375 0.03671875 0.2203125
0 0.4203125 0.29296875 0.0421875 0.259375
0 0.4515625 0.23203125 0.03203125 0.2
0 0.2078125 0.1984375 0.02578125 0.1453125
0 0.128125 0.41328125 0.06796875 0.35390625
0 0.40625 0.2296875 0.03203125 0.19453125
0 0.2671875 0.1984375 0.02578125 0.15078125
0 0.384375 0.2421875 0.03359375 0.2046875
0 0.96328125 0.28046875 0.059375 0.29296875
0 0.97265625 0.5 0.05390625 0.51328125
0 0.515625 0.72421875 0.1328125 0.55
0 0.5578125 0.25078125 0.034375 0.228125
0 0.44375 0.246875 0.034375 0.21484375
0 0.22421875 0.203125 0.02734375 0.1515625
0 0.3828125 0.6671875 0.1078125 0.6234375
0 0.359375 0.2921875 0.04296875 0.253125