0 0.46328125 0.23046875 0.03125 0.19921875
0 0.48125 0.2984375 0.0421875 0.26953125
0 0.07578125 0.41640625 0.06953125 0.35390625
0 0.55625 0.2515625 0.034375 0.22890625
0 0.4171875 0.2921875 0.0421875 0.25859375
0 0.1953125 0.228125 0.03203125 0.17421875
0 0.953125 0.29140625 0.0609375 0.303125
0 0.27421875 0.68359375 0.115625 0.6296875
0 0.38828125 0.24296875 0.034375 0.20625
0 0.16953125 0.22265625 0.03046875 0.16796875
0 0.38671875 0.2578125 0.03671875 0.22109375
0 0.4421875 0.246875 0.034375 0.21484375
0 0.8046875 0.9109375 0.2890625 0.17578125
0 0.2453125 0.2203125 0.03046875 0.1703125
0 0.39609375 0.2234375 0.03046875 0.18671875