0 0.5453125 0.1734375 0.02265625 0.14921875
0 0.20078125 0.20859375 0.028125 0.1546875
0 0.33125 0.24375 0.034375 0.203125
0 0.54375 0.565625 0.08359375 0.53828125
0 0.11015625 0.49375 0.084375 0.43203125
0 0.4171875 0.303125 0.04375 0.26875
0 0.67421875 0.17890625 0.02421875 0.165625
0 0.4375 0.37265625 0.05546875 0.33984375
0 0.59453125 0.51640625 0.07421875 0.4953125
0 0.6265625 0.68984375 0.11015625 0.61875
0 0.4703125 0.25625 0.0359375 0.22578125
0 0.33125 0.41953125 0.065625 0.378125
0 0.175 0.2109375 0.028125 0.1546875
0 0.34921875 0.26796875 0.03828125 0.228125
0 0.3390625 0.253125 0.0359375 0.21171875
0 0.465625 0.159375 0.0203125 0.128125