0 0.69453125 0.5125 0.07734375 0.49921875
0 0.5390625 0.1734375 0.021875 0.1484375
0 0.0796875 0.2515625 0.03671875 0.1890625
0 0.21953125 0.334375 0.0515625 0.284375
0 0.5625 0.25390625 0.034375 0.23125
0 0.27109375 0.178125 0.02265625 0.1296875
0 0.3578125 0.1484375 0.01796875 0.10859375
0 0.3140625 0.17265625 0.02265625 0.12890625
0 0.37890625 0.24140625 0.03359375 0.20390625
0 0.2171875 0.19921875 0.0265625 0.146875
0 0.21484375 0.190625 0.025 0.1390625
0 0.20703125 0.1953125 0.02578125 0.14296875
0 0.1515625 0.23671875 0.03359375 0.17890625
0 0.0640625 0.2390625 0.03359375 0.175
0 0.4171875 0.31171875 0.0453125 0.2765625
0 0.659375 0.178125 0.0234375 0.16328125
0 0.4515625 0.23359375 0.03203125 0.203125
0 0.4359375 0.246875 0.034375 0.2140625
0 0.0953125 0.6546875 0.11796875 0.58671875
0 0.27734375 0.3140625 0.046875 0.26796875
0 0.4421875 0.22109375 0.03046875 0.18828125
0 0.33125 0.25859375 0.03671875 0.21640625
0 0.3484375 0.18125 0.0234375 0.13984375