0 0.25625 0.17109375 0.02109375 0.121875
0 0.5125 0.178125 0.02265625 0.15078125
0 0.28203125 0.16875 0.02109375 0.121875
0 0.421875 0.1859375 0.02421875 0.1515625
0 0.56015625 0.25390625 0.034375 0.23203125
0 0.05546875 0.3640625 0.05859375 0.29921875
0 0.4046875 0.22734375 0.03125 0.19140625
0 0.77890625 0.41796875 0.06953125 0.4140625
0 0.38046875 0.56875 0.090625 0.528125
0 0.43671875 0.24609375 0.034375 0.21328125
0 0.4765625 0.18671875 0.02421875 0.15703125
0 0.43203125 0.303125 0.04375 0.26953125
0 0.378125 0.259375 0.03671875 0.221875
0 0.06484375 0.2265625 0.03125 0.16171875
0 0.4515625 0.23125 0.03203125 0.19921875
0 0.38125 0.24453125 0.034375 0.20703125
0 0.665625 0.178125 0.0234375 0.1640625