0 0.18671875 0.48984375 0.08203125 0.43515625
0 0.28203125 0.28046875 0.040625 0.234375
0 0.68046875 0.18046875 0.02421875 0.16796875
0 0.0765625 0.534375 0.09296875 0.46875
0 0.57734375 0.259375 0.03515625 0.2390625
0 0.36875 0.38203125 0.0578125 0.34453125
0 0.81875 0.553125 0.0984375 0.54921875
0 0.1546875 0.59375 0.103125 0.53359375
0 0.54765625 0.17421875 0.02265625 0.15
0 0.2328125 0.2515625 0.03671875 0.2015625
0 0.53125 0.5359375 0.07890625 0.50859375
0 0.071875 0.2484375 0.0359375 0.184375
0 0.85625 0.7078125 0.15546875 0.58203125
0 0.2703125 0.25859375 0.03671875 0.2109375
0 0.50078125 0.17890625 0.02265625 0.15078125
0 0.4171875 0.30390625 0.04453125 0.26953125
0 0.1265625 0.24296875 0.03515625 0.18359375
0 0.24140625 0.43515625 0.06953125 0.38515625
0 0.803125 0.6328125 0.11171875 0.625