0 0.2265625 0.40078125 0.0640625 0.34921875
0 0.59296875 0.16640625 0.02109375 0.1453125
0 0.6703125 0.18359375 0.02421875 0.1703125
0 0.44140625 0.2359375 0.03203125 0.203125
0 0.3625 0.60078125 0.096875 0.55703125
0 0.6234375 0.41953125 0.05859375 0.4015625
0 0.38359375 0.234375 0.0328125 0.196875
0 0.28671875 0.490625 0.07890625 0.44453125
0 0.6453125 0.96015625 0.30234375 0.078125
0 0.196875 0.18125 0.0234375 0.128125
0 0.26171875 0.45703125 0.0734375 0.40859375
0 0.0671875 0.4828125 0.0828125 0.41796875
0 0.5171875 0.5453125 0.08125 0.51640625
0 0.57734375 0.44609375 0.0640625 0.42421875
0 0.60234375 0.484375 0.06875 0.46484375