0 0.0875 0.2015625 0.0265625 0.1390625
0 0.82734375 0.2484375 0.04375 0.24921875
0 0.6734375 0.18125 0.02421875 0.16875
0 0.38984375 0.6515625 0.10390625 0.60859375
0 0.50078125 0.54375 0.08203125 0.51328125
0 0.4140625 0.30703125 0.04453125 0.2734375
0 0.121875 0.57109375 0.09921875 0.509375
0 0.85078125 0.2359375 0.04296875 0.2390625
0 0.209375 0.48671875 0.08046875 0.43359375
0 0.5 0.72109375 0.13203125 0.55546875
0 0.7375 0.54375 0.08671875 0.53359375
0 0.60390625 0.63125 0.0921875 0.60703125
0 0.59140625 0.16640625 0.02109375 0.1453125