0 0.4015625 0.3640625 0.0546875 0.32890625
0 0.3828125 0.24375 0.03359375 0.20625
0 0.471875 0.234375 0.03203125 0.2046875
0 0.45625 0.40390625 0.06015625 0.3734375
0 0.76875 0.45546875 0.07578125 0.44921875
0 0.10546875 0.253125 0.03671875 0.19140625
0 0.41171875 0.5890625 0.09296875 0.55078125
0 0.42578125 0.26875 0.03828125 0.23515625
0 0.284375 0.7015625 0.12890625 0.59453125
0 0.40703125 0.23125 0.03203125 0.19609375
0 0.53828125 0.1734375 0.02265625 0.1484375
0 0.0609375 0.25390625 0.03671875 0.1890625
0 0.67421875 0.17890625 0.02421875 0.165625
0 0.6921875 0.50703125 0.07578125 0.49453125
0 0.15546875 0.578125 0.1 0.51875
0 0.46640625 0.25078125 0.03515625 0.2203125
0 0.3390625 0.25703125 0.03671875 0.215625
0 0.06640625 0.265625 0.0390625 0.20078125
0 0.546875 0.36953125 0.05234375 0.34609375
0 0.11171875 0.2765625 0.04140625 0.21640625
0 0.6265625 0.5640625 0.08203125 0.54453125
0 0.52265625 0.51953125 0.07734375 0.49296875
0 0.415625 0.31171875 0.0453125 0.2765625