0 0.4015625 0.23125 0.03203125 0.1953125
0 0.98828125 0.734375 0.02265625 0.52890625
0 0.66953125 0.178125 0.0234375 0.1640625
0 0.48203125 0.325 0.04609375 0.29609375
0 0.43984375 0.246875 0.034375 0.21484375
0 0.45 0.23125 0.03203125 0.2
0 0.59296875 0.16328125 0.02109375 0.14296875
0 0.096875 0.35078125 0.05546875 0.2890625
0 0.51171875 0.1765625 0.02265625 0.14921875
0 0.5578125 0.25546875 0.034375 0.23359375
0 0.42109375 0.309375 0.04453125 0.27578125
0 0.3796875 0.2453125 0.034375 0.20703125
0 0.3796875 0.259375 0.03671875 0.221875
0 0.38125 0.69921875 0.12265625 0.6