0 0.6734375 0.17890625 0.02421875 0.16484375
0 0.4265625 0.26796875 0.03828125 0.234375
0 0.3984375 0.2375 0.0328125 0.20078125
0 0.2703125 0.68515625 0.1171875 0.628125
0 0.553125 0.296875 0.04140625 0.27421875
0 0.96171875 0.26640625 0.05625 0.27890625
0 0.07109375 0.51484375 0.08984375 0.45
0 0.17421875 0.1890625 0.02421875 0.13359375
0 0.4 0.575 0.090625 0.53515625
0 0.4765625 0.49375 0.07421875 0.4640625
0 0.4171875 0.30390625 0.04453125 0.26953125
0 0.58828125 0.26953125 0.03671875 0.25078125
0 0.9953125 0.51953125 0.0078125 0.5359375
0 0.54375 0.17421875 0.02265625 0.15
0 0.2609375 0.7140625 0.13828125 0.56953125
0 0.3734375 0.2484375 0.03515625 0.209375
0 0.66875 0.35234375 0.04921875 0.33984375
0 0.359375 0.259375 0.03671875 0.22109375