0 0.42265625 0.30703125 0.04453125 0.2734375
0 0.6671875 0.178125 0.0234375 0.1640625
0 0.65625 0.44765625 0.0640625 0.43203125
0 0.13828125 0.1890625 0.02421875 0.1296875
0 0.88359375 0.25703125 0.04921875 0.26328125
0 0.07578125 0.20390625 0.02734375 0.13984375
0 0.24375 0.1890625 0.025 0.13984375
0 0.41640625 0.2265625 0.03125 0.19296875
0 0.55703125 0.25390625 0.034375 0.23125
0 0.43984375 0.2453125 0.03359375 0.21328125
0 0.93125 0.2484375 0.05078125 0.25703125
0 0.509375 0.178125 0.02265625 0.15078125
0 0.365625 0.24296875 0.034375 0.2046875
0 0.37734375 0.26015625 0.03671875 0.221875
0 0.065625 0.2609375 0.03828125 0.19609375
0 0.4515625 0.471875 0.07109375 0.43984375
0 0.20703125 0.18984375 0.025 0.13671875
0 0.19453125 0.18671875 0.02421875 0.13359375
0 0.28359375 0.3796875 0.059375 0.33359375
0 0.09921875 0.2640625 0.03828125 0.203125
0 0.46328125 0.23203125 0.03203125 0.20078125
0 0.2796875 0.1859375 0.02421875 0.13828125