0 0.41328125 0.3765625 0.05625 0.34140625
0 0.3375 0.253125 0.0359375 0.21171875
0 0.48671875 0.25625 0.03515625 0.228125
0 0.41796875 0.303125 0.04375 0.26875
0 0.46328125 0.571875 0.0875 0.53828125
0 0.28671875 0.4296875 0.06796875 0.38359375
0 0.18671875 0.2140625 0.02890625 0.159375
0 0.5046875 0.6796875 0.10546875 0.6390625
0 0.334375 0.27109375 0.0390625 0.2296875
0 0.475 0.16171875 0.0203125 0.13125
0 0.54609375 0.1734375 0.021875 0.14921875
0 0.51953125 0.5203125 0.07734375 0.49296875
0 0.0703125 0.47578125 0.08125 0.41015625
0 0.30625 0.2453125 0.034375 0.2015625
0 0.6734375 0.1796875 0.02421875 0.16640625
0 0.15625 0.215625 0.0296875 0.159375