0 0.4 0.23046875 0.03203125 0.19453125
0 0.471875 0.19921875 0.0265625 0.16875
0 0.6609375 0.1765625 0.02265625 0.16328125
0 0.384375 0.24375 0.03359375 0.20625
0 0.334375 0.396875 0.06171875 0.35546875
0 0.33515625 0.45 0.07109375 0.40703125
0 0.42265625 0.30859375 0.04453125 0.275
0 0.434375 0.2484375 0.03515625 0.215625
0 0.1078125 0.35390625 0.05625 0.29296875
0 0.83125 0.74296875 0.1765625 0.51171875
0 0.60859375 0.2375 0.03203125 0.21953125
0 0.378125 0.259375 0.03671875 0.221875
0 0.6265625 0.22890625 0.03046875 0.21171875
0 0.45 0.23125 0.03203125 0.2
0 0.5125 0.1765625 0.02265625 0.14921875
0 0.55625 0.25625 0.034375 0.234375