0 0.42421875 0.30546875 0.04375 0.27109375
0 0.559375 0.25546875 0.034375 0.23359375
0 0.1515625 0.32578125 0.05078125 0.26875
0 0.0921875 0.32265625 0.05078125 0.26015625
0 0.36875 0.325 0.04765625 0.28671875
0 0.07578125 0.34453125 0.05546875 0.28203125
0 0.5515625 0.159375 0.0203125 0.1359375
0 0.45078125 0.23203125 0.03203125 0.20078125
0 0.38671875 0.2578125 0.03671875 0.22109375
0 0.4421875 0.246875 0.034375 0.21484375
0 0.3875 0.24375 0.03359375 0.20625
0 0.39765625 0.2265625 0.03125 0.18984375