0 0.0765625 0.28671875 0.04296875 0.2234375
0 0.325 0.1640625 0.0203125 0.12109375
0 0.33828125 0.25703125 0.03671875 0.21640625
0 0.6640625 0.178125 0.0234375 0.1640625
0 0.19375 0.4515625 0.07421875 0.3984375
0 0.75234375 0.65078125 0.10703125 0.6390625
0 0.21796875 0.190625 0.025 0.13828125
0 0.26171875 0.19609375 0.02578125 0.1484375
0 0.4125 0.31015625 0.0453125 0.27578125
0 0.22421875 0.20390625 0.02734375 0.153125
0 0.6140625 0.18125 0.0234375 0.16328125
0 0.41875 0.2234375 0.03046875 0.18984375
0 0.20546875 0.1953125 0.02578125 0.14296875
0 0.296875 0.16796875 0.02109375 0.1234375
0 0.13046875 0.27578125 0.04140625 0.21640625
0 0.38203125 0.24375 0.03359375 0.20546875
0 0.47265625 0.23203125 0.03203125 0.2015625
0 0.4890625 0.2640625 0.03671875 0.2359375
0 0.2203125 0.1984375 0.0265625 0.14609375
0 0.2375 0.215625 0.0296875 0.16484375
0 0.43203125 0.246875 0.034375 0.2140625
0 0.3546875 0.1640625 0.02109375 0.1234375
0 0.5359375 0.1734375 0.02265625 0.14921875