0 0.61484375 0.61953125 0.090625 0.596875
0 0.66875 0.17734375 0.0234375 0.1640625
0 0.47734375 0.265625 0.03671875 0.2359375
0 0.22265625 0.20859375 0.028125 0.15703125
0 0.21796875 0.190625 0.025 0.13828125
0 0.4125 0.31015625 0.0453125 0.27578125
0 0.43671875 0.24609375 0.034375 0.21328125
0 0.9953125 0.7125 0.0078125 0.5734375
0 0.21796875 0.19921875 0.02578125 0.146875
0 0.06640625 0.28359375 0.04296875 0.21953125
0 0.11328125 0.45625 0.0765625 0.3953125
0 0.20546875 0.1953125 0.02578125 0.14296875
0 0.421875 0.22734375 0.03125 0.19375
0 0.2125 0.2234375 0.03046875 0.17109375
0 0.33828125 0.25703125 0.03671875 0.21640625
0 0.296875 0.16953125 0.02109375 0.125
0 0.353125 0.1671875 0.02109375 0.1265625
0 0.38203125 0.24375 0.03359375 0.20546875
0 0.47265625 0.23203125 0.03203125 0.2015625
0 0.61484375 0.18671875 0.02421875 0.16875
0 0.103125 0.26875 0.03984375 0.20703125
0 0.32109375 0.16796875 0.02109375 0.125
0 0.5359375 0.1734375 0.02265625 0.14921875
0 0.25390625 0.20078125 0.02734375 0.1515625