0 0.2140625 0.2484375 0.03515625 0.196875
0 0.1328125 0.228125 0.03203125 0.16953125
0 0.2453125 0.24921875 0.03515625 0.20078125
0 0.56875 0.25703125 0.03515625 0.2359375
0 0.58125 0.703125 0.11640625 0.59140625
0 0.18984375 0.21328125 0.02890625 0.159375
0 0.05859375 0.36796875 0.06015625 0.30390625
0 0.42265625 0.30859375 0.04453125 0.275
0 0.3875 0.24375 0.03359375 0.20625
0 0.6703125 0.178125 0.0234375 0.16484375
0 0.6421875 0.4890625 0.0703125 0.471875
0 0.29375 0.73359375 0.15078125 0.53125
0 0.3765625 0.259375 0.03671875 0.22109375
0 0.396875 0.23046875 0.03203125 0.19453125
0 0.06484375 0.2265625 0.03125 0.16171875
0 0.19140625 0.18828125 0.02421875 0.13359375
0 0.10078125 0.2890625 0.04375 0.228125
0 0.57265625 0.425 0.06015625 0.40390625
0 0.51171875 0.17734375 0.02265625 0.15078125
0 0.45234375 0.23125 0.03203125 0.19921875
0 0.4328125 0.2484375 0.03515625 0.215625