0 0.20234375 0.3859375 0.06171875 0.33203125
0 0.515625 0.15703125 0.01953125 0.13046875
0 0.33984375 0.47890625 0.07578125 0.43671875
0 0.4875 0.28515625 0.03984375 0.25703125
0 0.74296875 0.225 0.034375 0.21875
0 0.4 0.23125 0.03203125 0.1953125
0 0.503125 0.43359375 0.0640625 0.40625
0 0.3875 0.25859375 0.03671875 0.22109375
0 0.3265625 0.23203125 0.03203125 0.18984375
0 0.58046875 0.225 0.03046875 0.20390625
0 0.49140625 0.50703125 0.07578125 0.478125
0 0.34140625 0.2203125 0.03046875 0.1796875
0 0.10703125 0.246875 0.03515625 0.1859375
0 0.50078125 0.69375 0.11484375 0.61015625
0 0.55703125 0.2515625 0.034375 0.22890625
0 0.4359375 0.2484375 0.03515625 0.21484375
0 0.54375 0.4640625 0.0671875 0.4390625
0 0.7890625 0.22109375 0.03671875 0.21875
0 0.64296875 0.225 0.03046875 0.209375
0 0.19375 0.28828125 0.04296875 0.2359375
0 0.17109375 0.23125 0.03203125 0.175
0 0.0453125 0.2609375 0.03828125 0.19453125
0 0.446875 0.296875 0.0421875 0.265625
0 0.44921875 0.23203125 0.03203125 0.2
0 0.37578125 0.36171875 0.05390625 0.3234375
0 0.153125 0.2265625 0.03203125 0.1703125
0 0.58359375 0.67109375 0.09921875 0.64375