0 0.31953125 0.15625 0.01875 0.11171875
0 0.3765625 0.165625 0.0203125 0.1265625
0 0.7421875 0.59453125 0.09609375 0.58359375
0 0.86796875 0.678125 0.13515625 0.64296875
0 0.7734375 0.26953125 0.04375 0.265625
0 0.79609375 0.73203125 0.1609375 0.534375
0 0.83203125 0.2765625 0.04921875 0.278125
0 0.58359375 0.1640625 0.02109375 0.14375
0 0.73125 0.19453125 0.02890625 0.18671875
0 0.35 0.16796875 0.02109375 0.1265625
0 0.21953125 0.21328125 0.02890625 0.1609375
0 0.44375 0.77421875 0.16953125 0.44921875
0 0.6421875 0.715625 0.128125 0.56640625
0 0.53046875 0.15703125 0.01953125 0.13125
0 0.70390625 0.6796875 0.10859375 0.6390625