0 0.2125 0.19921875 0.0265625 0.14609375
0 0.59921875 0.184375 0.02421875 0.16484375
0 0.48984375 0.28671875 0.040625 0.259375
0 0.55625 0.25 0.03359375 0.228125
0 0.23046875 0.3421875 0.053125 0.29140625
0 0.34921875 0.47109375 0.07421875 0.4296875
0 0.3890625 0.25859375 0.03671875 0.221875
0 0.521875 0.43046875 0.06328125 0.4046875
0 0.40703125 0.2296875 0.03125 0.19453125
0 0.44609375 0.246875 0.034375 0.21484375
0 0.440625 0.2953125 0.04296875 0.26328125
0 0.378125 0.24296875 0.03359375 0.2046875
0 0.28984375 0.33125 0.05 0.2859375
0 0.2765625 0.2859375 0.0421875 0.23984375
0 0.27265625 0.24921875 0.03515625 0.2015625
0 0.6046875 0.46171875 0.065625 0.44140625
0 0.44609375 0.2328125 0.03203125 0.20078125
0 0.45625 0.50390625 0.0765625 0.47109375