0 0.39765625 0.228125 0.03125 0.190625
0 0.67109375 0.17890625 0.02421875 0.16484375
0 0.44140625 0.246875 0.034375 0.2140625
0 0.2953125 0.159375 0.01953125 0.1140625
0 0.3859375 0.2421875 0.03359375 0.2046875
0 0.38828125 0.26015625 0.03671875 0.22421875
0 0.2203125 0.2234375 0.03046875 0.171875
0 0.55859375 0.25390625 0.034375 0.23125
0 0.1578125 0.2234375 0.03125 0.16640625
0 0.50546875 0.1796875 0.02265625 0.1515625
0 0.1046875 0.228125 0.03203125 0.16796875
0 0.196875 0.3140625 0.04765625 0.2609375
0 0.18359375 0.23046875 0.03203125 0.175
0 0.45 0.23125 0.03203125 0.2
0 0.98828125 0.2859375 0.02265625 0.30078125
0 0.41640625 0.30859375 0.04453125 0.27421875
0 0.98515625 0.5640625 0.02890625 0.578125
0 0.31328125 0.15859375 0.01953125 0.1140625