0 0.384375 0.24375 0.03359375 0.20546875
0 0.5578125 0.25078125 0.034375 0.228125
0 0.39609375 0.68515625 0.1125 0.628125
0 0.07265625 0.315625 0.04921875 0.2515625
0 0.51015625 0.32578125 0.04609375 0.3
0 0.13203125 0.21640625 0.0296875 0.15703125
0 0.43984375 0.29609375 0.04296875 0.2640625
0 0.37890625 0.25859375 0.03671875 0.22109375
0 0.5640625 0.190625 0.02421875 0.16875
0 0.35 0.46640625 0.0734375 0.42578125
0 0.09453125 0.221875 0.03046875 0.159375
0 0.51171875 0.509375 0.07578125 0.48125
0 0.39921875 0.23125 0.03203125 0.1953125
0 0.1921875 0.20546875 0.02734375 0.1515625
0 0.4515625 0.23203125 0.03203125 0.2
0 0.51171875 0.42890625 0.0625 0.4015625
0 0.21875 0.67109375 0.11640625 0.6140625
0 0.43984375 0.2484375 0.034375 0.215625
0 0.1640625 0.20546875 0.02734375 0.14921875
0 0.44921875 0.203125 0.02734375 0.1703125
0 0.56796875 0.46953125 0.06796875 0.44609375
0 0.41640625 0.21796875 0.0296875 0.18359375
0 0.6625 0.30390625 0.0421875 0.290625
0 0.515625 0.1578125 0.0203125 0.13046875
0 0.64140625 0.19921875 0.02578125 0.184375
0 0.17265625 0.3015625 0.04609375 0.24609375
0 0.52578125 0.19140625 0.025 0.165625
0 0.48671875 0.2859375 0.040625 0.25703125
0 0.32265625 0.7125 0.134375 0.5734375
0 0.6875 0.196875 0.02734375 0.184375