0 0.45390625 0.23125 0.03203125 0.2
0 0.42421875 0.30546875 0.04375 0.27109375
0 0.0578125 0.359375 0.0578125 0.29453125
0 0.146875 0.34296875 0.05390625 0.28515625
0 0.3828125 0.24375 0.03359375 0.20625
0 0.55859375 0.25546875 0.03515625 0.23203125
0 0.359375 0.31796875 0.046875 0.27890625
0 0.38671875 0.2578125 0.03671875 0.22109375
0 0.4421875 0.246875 0.034375 0.21484375
0 0.53984375 0.165625 0.02109375 0.13984375
0 0.10078125 0.33046875 0.05234375 0.26953125
0 0.39765625 0.2265625 0.03125 0.18984375