0 0.60234375 0.1625 0.02109375 0.14375
0 0.3828125 0.24375 0.03359375 0.20546875
0 0.22265625 0.32890625 0.05078125 0.27890625
0 0.4359375 0.296875 0.04296875 0.2640625
0 0.37890625 0.25859375 0.03671875 0.22109375
0 0.52890625 0.459375 0.0671875 0.43359375
0 0.3359375 0.3140625 0.04609375 0.2734375
0 0.45625 0.49609375 0.07578125 0.46328125
0 0.31484375 0.5140625 0.0828125 0.46953125
0 0.1328125 0.33828125 0.053125 0.2796875
0 0.4859375 0.2859375 0.03984375 0.25625
0 0.1828125 0.271875 0.03984375 0.21875
0 0.44609375 0.246875 0.034375 0.21484375
0 0.5609375 0.18125 0.0234375 0.159375
0 0.553125 0.2515625 0.034375 0.2296875
0 0.14609375 0.23359375 0.03359375 0.1765625
0 0.45234375 0.23203125 0.03203125 0.20078125
0 0.7625 0.40390625 0.06640625 0.3984375
0 0.3953125 0.23046875 0.03203125 0.19375