0 0.4 0.23046875 0.03203125 0.19453125
0 0.3859375 0.24375 0.03359375 0.20625
0 0.84453125 0.28359375 0.05078125 0.2859375
0 0.85625 0.2734375 0.05078125 0.27578125
0 0.6625 0.178125 0.0234375 0.1640625
0 0.43984375 0.246875 0.034375 0.21484375
0 0.5125 0.1765625 0.02265625 0.14921875
0 0.5671875 0.17421875 0.02265625 0.153125
0 0.5625 0.25625 0.03515625 0.23515625
0 0.42109375 0.309375 0.04453125 0.27578125
0 0.2640625 0.64609375 0.10859375 0.59375
0 0.3796875 0.259375 0.03671875 0.221875
0 0.45234375 0.23125 0.03203125 0.19921875
0 0.09453125 0.35078125 0.05625 0.2890625