0 0.109375 0.5828125 0.10234375 0.51953125
0 0.15703125 0.2171875 0.0296875 0.16015625
0 0.16875 0.29921875 0.0453125 0.24453125
0 0.60546875 0.2078125 0.02734375 0.18984375
0 0.503125 0.33828125 0.0484375 0.31171875
0 0.3625 0.47265625 0.07421875 0.43203125
0 0.43671875 0.2484375 0.034375 0.215625
0 0.384375 0.21328125 0.02890625 0.17578125
0 0.45078125 0.2328125 0.03203125 0.20078125
0 0.8125 0.68359375 0.1296875 0.63125
0 0.06015625 0.2359375 0.03359375 0.1703125
0 0.53984375 0.47421875 0.06953125 0.44921875
0 0.38671875 0.25859375 0.03671875 0.221875
0 0.55390625 0.21015625 0.02734375 0.18671875
0 0.44765625 0.30078125 0.04296875 0.26953125
0 0.3984375 0.23125 0.03203125 0.19453125
0 0.55703125 0.2515625 0.034375 0.22890625
0 0.51484375 0.15703125 0.01953125 0.1296875
0 0.6921875 0.21328125 0.0296875 0.2015625
0 0.73515625 0.20859375 0.03125 0.20078125
0 0.48984375 0.5015625 0.075 0.471875
0 0.36328125 0.2265625 0.03125 0.18828125
0 0.51328125 0.4359375 0.06328125 0.40859375
0 0.38359375 0.2421875 0.03359375 0.2046875
0 0.790625 0.71484375 0.14765625 0.56875
0 0.08828125 0.2390625 0.03359375 0.1765625
0 0.18125 0.21875 0.03046875 0.1640625
0 0.33359375 0.36484375 0.05546875 0.32421875
0 0.4859375 0.28671875 0.03984375 0.25859375
0 0.1203125 0.23203125 0.0328125 0.171875