0 0.10390625 0.27109375 0.03984375 0.21015625
0 0.1546875 0.2734375 0.040625 0.21796875
0 0.3765625 0.38984375 0.059375 0.3515625
0 0.671875 0.18125 0.02421875 0.16796875
0 0.61796875 0.25546875 0.034375 0.2390625
0 0.521875 0.1984375 0.0265625 0.1734375
0 0.54140625 0.175 0.02265625 0.15
0 0.20859375 0.27421875 0.040625 0.221875
0 0.43203125 0.51171875 0.07890625 0.4765625
0 0.33046875 0.65625 0.1078125 0.609375
0 0.153125 0.50703125 0.0859375 0.44921875
0 0.23671875 0.4328125 0.06953125 0.38203125
0 0.41484375 0.30390625 0.04375 0.26953125
0 0.3421875 0.56953125 0.0921875 0.52578125