0 0.06640625 0.2265625 0.03203125 0.16171875
0 0.18125 0.2609375 0.03828125 0.20625
0 0.184375 0.2140625 0.02890625 0.159375
0 0.775 0.49609375 0.08359375 0.48984375
0 0.5125 0.17734375 0.02265625 0.15078125
0 0.17734375 0.68515625 0.1203125 0.62421875
0 0.3875 0.24375 0.03359375 0.20625
0 0.56015625 0.253125 0.034375 0.23046875
0 0.93046875 0.69296875 0.1375 0.61171875
0 0.3765625 0.259375 0.03671875 0.22109375
0 0.396875 0.23046875 0.03203125 0.19453125
0 0.20625 0.26328125 0.03828125 0.2109375
0 0.4265625 0.30703125 0.04453125 0.27421875
0 0.0921875 0.24140625 0.034375 0.1796875
0 0.05625 0.36875 0.06015625 0.3046875
0 0.6703125 0.178125 0.0234375 0.16484375
0 0.36015625 0.68359375 0.11328125 0.63046875
0 0.17578125 0.1984375 0.02578125 0.14296875
0 0.45234375 0.23125 0.03203125 0.19921875
0 0.61640625 0.4046875 0.05703125 0.38671875
0 0.4328125 0.2484375 0.03515625 0.215625