0 0.42734375 0.20859375 0.02734375 0.17421875
0 0.39921875 0.23125 0.03203125 0.1953125
0 0.7609375 0.64296875 0.10703125 0.63046875
0 0.384375 0.24375 0.03359375 0.20625
0 0.6609375 0.1765625 0.02265625 0.16328125
0 0.5546875 0.21953125 0.0296875 0.196875
0 0.49453125 0.42734375 0.06328125 0.39921875
0 0.42265625 0.30859375 0.04453125 0.275
0 0.553125 0.22890625 0.03046875 0.20625
0 0.434375 0.2484375 0.03515625 0.215625
0 0.77265625 0.69609375 0.13125 0.60625
0 0.04921875 0.2296875 0.03203125 0.16328125
0 0.4203125 0.69453125 0.11796875 0.60859375
0 0.1 0.35546875 0.05703125 0.29375
0 0.378125 0.259375 0.03671875 0.221875
0 0.51171875 0.38828125 0.05625 0.36171875
0 0.45 0.23125 0.03203125 0.2
0 0.5125 0.1765625 0.02265625 0.14921875
0 0.7921875 0.86640625 0.25390625 0.265625
0 0.55625 0.25625 0.034375 0.234375