0 0.796875 0.75 0.1734375 0.4984375
0 0.19609375 0.18203125 0.0234375 0.12890625
0 0.22578125 0.17890625 0.02265625 0.1265625
0 0.39921875 0.2328125 0.03203125 0.196875
0 0.46796875 0.221875 0.03046875 0.19296875
0 0.953125 0.58203125 0.0921875 0.58984375
0 0.55625 0.25625 0.034375 0.234375
0 0.06640625 0.2265625 0.03125 0.16171875
0 0.07734375 0.4234375 0.07109375 0.36015625
0 0.46953125 0.21171875 0.028125 0.18125
0 0.434375 0.2484375 0.03515625 0.215625
0 0.72109375 0.353125 0.05390625 0.34453125
0 0.1234375 0.58125 0.10234375 0.51875
0 0.765625 0.39921875 0.065625 0.39375
0 0.65859375 0.1765625 0.02265625 0.16328125
0 0.378125 0.259375 0.03671875 0.221875
0 0.31875 0.69453125 0.121875 0.609375
0 0.36171875 0.2234375 0.03046875 0.18359375
0 0.5125 0.1765625 0.02265625 0.14921875
0 0.45234375 0.23125 0.03203125 0.19921875
0 0.38125 0.24453125 0.034375 0.20703125
0 0.4203125 0.30859375 0.04453125 0.275
0 0.05546875 0.3609375 0.05859375 0.29609375
0 0.36328125 0.58671875 0.09375 0.54453125