0 0.40859375 0.29296875 0.0421875 0.25859375
0 0.209375 0.4640625 0.0765625 0.4109375
0 0.78046875 0.71640625 0.146875 0.56484375
0 0.43359375 0.28125 0.03984375 0.24921875
0 0.38515625 0.25859375 0.03671875 0.22109375
0 0.22734375 0.178125 0.02265625 0.12578125
0 0.4390625 0.50546875 0.07734375 0.47109375
0 0.453125 0.23203125 0.03203125 0.20078125
0 0.09921875 0.31640625 0.04921875 0.25546875
0 0.40625 0.2296875 0.03203125 0.19453125
0 0.746875 0.21640625 0.03359375 0.21015625
0 0.2765625 0.17734375 0.02265625 0.13046875
0 0.34375 0.3890625 0.06015625 0.34921875
0 0.5578125 0.25078125 0.034375 0.228125
0 0.44375 0.246875 0.034375 0.21484375
0 0.23984375 0.1796875 0.02265625 0.1296875
0 0.37734375 0.24140625 0.03359375 0.203125
0 0.21875 0.43828125 0.07109375 0.3859375