0 0.2125 0.20078125 0.0265625 0.1484375
0 0.1 0.47734375 0.08203125 0.415625
0 0.2203125 0.209375 0.028125 0.15703125
0 0.47265625 0.23359375 0.03203125 0.2046875
0 0.76015625 0.93046875 0.2953125 0.13671875
0 0.41796875 0.3109375 0.0453125 0.2765625
0 0.4078125 0.23046875 0.03203125 0.19453125
0 0.53828125 0.1734375 0.02265625 0.14921875
0 0.16953125 0.19765625 0.02578125 0.14140625
0 0.11484375 0.21875 0.0296875 0.15703125
0 0.28515625 0.20234375 0.02734375 0.15625
0 0.08671875 0.2109375 0.02890625 0.1484375
0 0.66875 0.178125 0.0234375 0.16484375
0 0.790625 0.2515625 0.0421875 0.24921875
0 0.36171875 0.7265625 0.14296875 0.54453125
0 0.71015625 0.6046875 0.09375 0.590625
0 0.4265625 0.26796875 0.03828125 0.234375
0 0.15390625 0.215625 0.0296875 0.15859375
0 0.128125 0.20625 0.02734375 0.14609375
0 0.23671875 0.23203125 0.03203125 0.18203125
0 0.14453125 0.20859375 0.02734375 0.15
0 0.4515625 0.2484375 0.034375 0.21796875
0 0.1921875 0.2 0.0265625 0.14609375
0 0.3859375 0.24296875 0.03359375 0.20625
0 0.33984375 0.25859375 0.03671875 0.21796875
0 0.253125 0.20546875 0.02734375 0.15625
0 0.22265625 0.41484375 0.06640625 0.36328125
0 0.18671875 0.2390625 0.034375 0.18515625