0 0.4203125 0.31015625 0.0453125 0.27578125
0 0.06484375 0.459375 0.078125 0.3953125
0 0.53984375 0.1734375 0.02265625 0.1484375
0 0.6328125 0.28359375 0.03828125 0.26640625
0 0.3640625 0.25859375 0.03671875 0.21953125
0 0.67578125 0.17890625 0.02421875 0.165625
0 0.4234375 0.26796875 0.03828125 0.23359375
0 0.49296875 0.4890625 0.07265625 0.459375
0 0.44609375 0.246875 0.034375 0.21484375
0 0.790625 0.2140625 0.0359375 0.21171875
0 0.3953125 0.23125 0.03203125 0.19453125
0 0.38828125 0.24609375 0.034375 0.209375