0 0.55390625 0.2515625 0.034375 0.2296875
0 0.52265625 0.1546875 0.01953125 0.128125
0 0.66328125 0.26328125 0.0359375 0.25
0 0.45078125 0.2984375 0.04296875 0.26640625
0 0.1375 0.24921875 0.0359375 0.19140625
0 0.1921875 0.65625 0.1140625 0.596875
0 0.88671875 0.23671875 0.0453125 0.24140625
0 0.13359375 0.2390625 0.03359375 0.1796875
0 0.1796875 0.4078125 0.06640625 0.353125
0 0.8671875 0.221875 0.04140625 0.22578125
0 0.478125 0.5078125 0.0765625 0.4765625
0 0.34453125 0.46953125 0.07421875 0.42890625
0 0.48984375 0.28359375 0.03984375 0.25625
0 0.39453125 0.23203125 0.03203125 0.1953125
0 0.4890625 0.43515625 0.06484375 0.40546875
0 0.28984375 0.234375 0.0328125 0.1890625
0 0.25546875 0.24921875 0.03515625 0.2
0 0.61015625 0.25390625 0.034375 0.2359375
0 0.37578125 0.24296875 0.03359375 0.2046875
0 0.39140625 0.25703125 0.03671875 0.2203125
0 0.54375 0.46796875 0.06796875 0.44296875
0 0.82734375 0.24296875 0.04296875 0.24296875
0 0.2921875 0.58515625 0.09609375 0.53671875
0 0.25625 0.2671875 0.03828125 0.21953125