0 0.43359375 0.24921875 0.034375 0.215625
0 0.06640625 0.2265625 0.03203125 0.16171875
0 0.7703125 0.36796875 0.06015625 0.36328125
0 0.1859375 0.2140625 0.02890625 0.159375
0 0.45 0.23125 0.03203125 0.19921875
0 0.05859375 0.36875 0.06015625 0.30390625
0 0.56015625 0.253125 0.034375 0.23046875
0 0.50859375 0.178125 0.02265625 0.15078125
0 0.396875 0.23046875 0.03203125 0.19453125
0 0.66640625 0.17734375 0.0234375 0.1640625
0 0.37890625 0.24453125 0.034375 0.20625
0 0.440625 0.66640625 0.10546875 0.628125
0 0.0734375 0.54375 0.09609375 0.478125
0 0.378125 0.259375 0.03671875 0.221875
0 0.10625 0.23359375 0.0328125 0.1734375
0 0.23359375 0.440625 0.07109375 0.390625
0 0.4203125 0.30703125 0.04453125 0.27421875