0 0.35390625 0.4765625 0.07421875 0.4359375
0 0.18984375 0.20859375 0.028125 0.1546875
0 0.5125 0.1578125 0.01953125 0.13046875
0 0.21015625 0.69921875 0.12890625 0.59921875
0 0.53046875 0.196875 0.02578125 0.171875
0 0.4453125 0.29921875 0.04296875 0.26640625
0 0.40703125 0.23125 0.03203125 0.1953125
0 0.66171875 0.20390625 0.02734375 0.18984375
0 0.3828125 0.24375 0.03359375 0.20546875
0 0.38671875 0.25859375 0.03671875 0.221875
0 0.45 0.2328125 0.03203125 0.20078125
0 0.0953125 0.22734375 0.03203125 0.165625
0 0.54765625 0.4734375 0.06875 0.44921875
0 0.27734375 0.65078125 0.109375 0.59921875
0 0.615625 0.315625 0.04296875 0.2984375
0 0.48515625 0.28515625 0.03984375 0.25703125
0 0.55703125 0.2515625 0.034375 0.22890625
0 0.16796875 0.3015625 0.04609375 0.24609375
0 0.42734375 0.24765625 0.034375 0.2140625
0 0.46015625 0.33984375 0.04921875 0.309375
0 0.42421875 0.20625 0.02734375 0.17109375
0 0.5140625 0.43828125 0.0640625 0.41171875
0 0.5 0.515625 0.07734375 0.48671875
0 0.121875 0.22265625 0.03046875 0.16171875
0 0.0703125 0.22421875 0.03046875 0.16015625
0 0.6984375 0.20078125 0.02890625 0.18984375
0 0.39140625 0.21953125 0.03046875 0.18203125
0 0.16015625 0.209375 0.02890625 0.153125
0 0.575 0.1953125 0.02578125 0.17421875