0 0.42265625 0.37890625 0.05625 0.34453125
0 0.42265625 0.14765625 0.01796875 0.11171875
0 0.6765625 0.18125 0.02421875 0.16796875
0 0.59453125 0.16640625 0.02109375 0.1453125
0 0.165625 0.2015625 0.0265625 0.1453125
0 0.24609375 0.30703125 0.04609375 0.25859375
0 0.40859375 0.56640625 0.08828125 0.528125
0 0.18359375 0.2640625 0.03828125 0.209375
0 0.44921875 0.14453125 0.01796875 0.11171875
0 0.40546875 0.49296875 0.0765625 0.45625
0 0.17890625 0.42734375 0.06953125 0.3734375
0 0.18515625 0.25625 0.03671875 0.2015625
0 0.20546875 0.51640625 0.08671875 0.46328125