0 0.28046875 0.16640625 0.02109375 0.11953125
0 0.36640625 0.2484375 0.03515625 0.21015625
0 0.546875 0.1734375 0.02265625 0.14921875
0 0.5671875 0.3265625 0.0453125 0.30546875
0 0.425 0.26796875 0.03828125 0.234375
0 0.6328125 0.365625 0.05078125 0.35
0 0.41953125 0.30234375 0.04375 0.26796875
0 0.22578125 0.17421875 0.02109375 0.121875
0 0.67265625 0.17890625 0.02421875 0.16484375
0 0.7234375 0.49375 0.07734375 0.484375
0 0.91484375 0.5953125 0.11953125 0.5984375
0 0.2546875 0.17109375 0.02109375 0.12109375
0 0.1421875 0.528125 0.090625 0.46875
0 0.23984375 0.47109375 0.0765625 0.4203125
0 0.3625 0.259375 0.03671875 0.2203125
0 0.3984375 0.2375 0.0328125 0.20078125
0 0.47421875 0.30625 0.04375 0.2765625
0 0.50859375 0.71875 0.1296875 0.5609375
0 0.878125 0.671875 0.1328125 0.6546875