0 0.5828125 0.72421875 0.12890625 0.55
0 0.5671875 0.16484375 0.02109375 0.14296875
0 0.1234375 0.23828125 0.03359375 0.178125
0 0.98203125 0.41875 0.03515625 0.43359375
0 0.50859375 0.48359375 0.071875 0.45625
0 0.2125 0.20078125 0.0265625 0.1484375
0 0.13671875 0.6015625 0.10546875 0.53984375
0 0.63671875 0.68359375 0.10625 0.63125
0 0.234375 0.2015625 0.02734375 0.1515625
0 0.26484375 0.20078125 0.02734375 0.15390625
0 0.4515625 0.2390625 0.0328125 0.20703125
0 0.83203125 0.27890625 0.05 0.28046875
0 0.7734375 0.740625 0.16171875 0.51640625
0 0.4953125 0.2296875 0.03125 0.2015625
0 0.83984375 0.20390625 0.03671875 0.20546875
0 0.5328125 0.15625 0.01953125 0.13046875
0 0.871875 0.68671875 0.14296875 0.625
0 0.84140625 0.55390625 0.10234375 0.5515625
0 0.7984375 0.26953125 0.0453125 0.26796875
0 0.21875 0.528125 0.08828125 0.47421875
0 0.7890625 0.19765625 0.0328125 0.1953125
0 0.496875 0.14921875 0.01796875 0.12109375