0 0.17578125 0.53984375 0.09140625 0.48359375
0 0.4703125 0.234375 0.03203125 0.2046875
0 0.440625 0.4765625 0.07265625 0.44296875
0 0.32421875 0.49140625 0.078125 0.4484375
0 0.25234375 0.34296875 0.05234375 0.2953125
0 0.42578125 0.26875 0.03828125 0.23515625
0 0.5140625 0.25390625 0.03515625 0.22890625
0 0.5359375 0.1734375 0.02265625 0.1484375
0 0.67421875 0.17890625 0.02421875 0.165625
0 0.35078125 0.25859375 0.03671875 0.21875
0 0.38671875 0.24609375 0.034375 0.209375
0 0.40546875 0.2328125 0.03203125 0.196875
0 0.525 0.38359375 0.05546875 0.35859375
0 0.415625 0.31171875 0.0453125 0.2765625
0 0.35234375 0.3859375 0.05859375 0.3453125
0 0.48359375 0.425 0.0625 0.39609375
0 0.3828125 0.53359375 0.08359375 0.49375