0 0.2828125 0.37109375 0.0578125 0.32578125
0 0.17578125 0.32578125 0.05078125 0.27109375
0 0.53984375 0.1734375 0.02265625 0.1484375
0 0.2359375 0.51875 0.0859375 0.46796875
0 0.53046875 0.41796875 0.06015625 0.39296875
0 0.67578125 0.17890625 0.02421875 0.165625
0 0.4234375 0.26796875 0.03828125 0.23359375
0 0.365625 0.25859375 0.03671875 0.21953125
0 0.415625 0.31171875 0.0453125 0.2765625
0 0.559375 0.25625 0.03515625 0.234375
0 0.4640625 0.2375 0.03203125 0.20625
0 0.38828125 0.246875 0.03515625 0.2109375
0 0.32109375 0.465625 0.0734375 0.42109375
0 0.3203125 0.41875 0.06484375 0.37578125
0 0.39296875 0.23203125 0.03203125 0.1953125
0 0.1828125 0.490625 0.08203125 0.43515625