0 0.5578125 0.25078125 0.034375 0.228125
0 0.44140625 0.29609375 0.0421875 0.2640625
0 0.4671875 0.15546875 0.01953125 0.12421875
0 0.37890625 0.25859375 0.03671875 0.22109375
0 0.5015625 0.20625 0.02734375 0.17890625
0 0.36015625 0.46953125 0.07421875 0.43046875
0 0.4421875 0.246875 0.034375 0.21484375
0 0.3796875 0.24375 0.03359375 0.20546875
0 0.39921875 0.23125 0.03203125 0.1953125
0 0.5828125 0.69453125 0.1109375 0.609375
0 0.2859375 0.22578125 0.03125 0.1796875
0 0.4875 0.28515625 0.03984375 0.25703125
0 0.47109375 0.509375 0.07734375 0.47890625
0 0.553125 0.46484375 0.0671875 0.440625
0 0.51328125 0.4296875 0.0625 0.40390625
0 0.61484375 0.1859375 0.02421875 0.16875
0 0.346875 0.73671875 0.15078125 0.52421875
0 0.88828125 0.240625 0.04609375 0.2453125
0 0.24453125 0.2265625 0.03203125 0.1765625
0 0.459375 0.23203125 0.03203125 0.2015625
0 0.5140625 0.15859375 0.01953125 0.13125
0 0.440625 0.15703125 0.01953125 0.1234375
0 0.51484375 0.1734375 0.021875 0.146875