0 0.18984375 0.18671875 0.02421875 0.13203125
0 0.8578125 0.57578125 0.10859375 0.57421875
0 0.22890625 0.58671875 0.09921875 0.53203125
0 0.80625 0.34609375 0.06015625 0.34453125
0 0.76484375 0.71953125 0.14609375 0.559375
0 0.39609375 0.23203125 0.03203125 0.1953125
0 0.55625 0.25625 0.034375 0.234375
0 0.06640625 0.2265625 0.03125 0.16171875
0 0.3390625 0.228125 0.03203125 0.1859375
0 0.43203125 0.2234375 0.03046875 0.18984375
0 0.434375 0.2484375 0.03515625 0.215625
0 0.13671875 0.41875 0.06875 0.359375
0 0.43203125 0.215625 0.02890625 0.18125
0 0.81640625 0.38671875 0.06796875 0.3859375
0 0.65859375 0.1765625 0.02265625 0.16328125
0 0.05546875 0.3609375 0.05859375 0.29609375
0 0.15234375 0.6984375 0.13046875 0.60078125
0 0.5125 0.1765625 0.02265625 0.14921875
0 0.45234375 0.23125 0.03203125 0.19921875
0 0.38125 0.24453125 0.034375 0.20703125
0 0.4203125 0.30859375 0.04453125 0.275
0 0.378125 0.259375 0.03671875 0.221875
0 0.2203125 0.1828125 0.0234375 0.13046875