0 0.4203125 0.31015625 0.0453125 0.27578125
0 0.3953125 0.23125 0.03203125 0.19453125
0 0.5390625 0.1734375 0.02265625 0.1484375
0 0.3640625 0.25859375 0.03671875 0.21953125
0 0.103125 0.36484375 0.05859375 0.30390625
0 0.67578125 0.17890625 0.02421875 0.165625
0 0.4234375 0.26796875 0.03828125 0.23359375
0 0.61875 0.278125 0.0375 0.2609375
0 0.4359375 0.246875 0.034375 0.2140625
0 0.5234375 0.50390625 0.07421875 0.4765625
0 0.103125 0.45859375 0.07734375 0.396875
0 0.80625 0.20625 0.03515625 0.20546875
0 0.38828125 0.24609375 0.034375 0.209375