0 0.2265625 0.25546875 0.03671875 0.2046875
0 0.4875 0.28515625 0.03984375 0.25703125
0 0.36015625 0.46953125 0.07421875 0.43046875
0 0.91015625 0.25 0.04921875 0.25703125
0 0.5578125 0.25078125 0.034375 0.228125
0 0.3796875 0.24375 0.03359375 0.20546875
0 0.39921875 0.23125 0.03203125 0.1953125
0 0.47265625 0.5109375 0.07734375 0.4796875
0 0.49609375 0.20703125 0.02734375 0.1796875
0 0.23515625 0.64140625 0.109375 0.5859375
0 0.43984375 0.2484375 0.034375 0.215625
0 0.48828125 0.16484375 0.02109375 0.13515625
0 0.553125 0.47421875 0.06953125 0.45
0 0.25390625 0.25390625 0.03671875 0.20546875
0 0.51328125 0.4296875 0.0625 0.40390625
0 0.55859375 0.19140625 0.025 0.16875
0 0.515625 0.1578125 0.0203125 0.13046875
0 0.19609375 0.18515625 0.02421875 0.13125
0 0.37890625 0.25859375 0.03671875 0.22109375
0 0.4421875 0.29453125 0.0421875 0.26328125
0 0.58671875 0.178125 0.02265625 0.15703125
0 0.4609375 0.16640625 0.02109375 0.13515625
0 0.77421875 0.25859375 0.0421875 0.2546875
0 0.56328125 0.18046875 0.0234375 0.15703125