0 0.58203125 0.4609375 0.065625 0.4390625
0 0.6234375 0.1875 0.02421875 0.16953125
0 0.4671875 0.515625 0.078125 0.48359375
0 0.228125 0.18046875 0.02265625 0.12890625
0 0.38515625 0.25859375 0.03671875 0.22109375
0 0.38125 0.23125 0.03203125 0.19453125
0 0.09453125 0.2890625 0.04375 0.228125
0 0.5046875 0.43828125 0.0640625 0.4109375
0 0.49375 0.28515625 0.03984375 0.25703125
0 0.34765625 0.4734375 0.075 0.43203125
0 0.453125 0.23359375 0.03203125 0.2015625
0 0.54921875 0.25078125 0.034375 0.228125
0 0.415625 0.33828125 0.04921875 0.30390625
0 0.44140625 0.24765625 0.034375 0.215625
0 0.2734375 0.25546875 0.03671875 0.20859375
0 0.38203125 0.24375 0.03359375 0.20546875
0 0.240625 0.27109375 0.03984375 0.221875
0 0.44453125 0.29765625 0.04296875 0.265625
0 0.37578125 0.359375 0.05390625 0.32109375