0 0.2015625 0.20546875 0.02734375 0.1515625
0 0.22734375 0.21796875 0.0296875 0.16640625
0 0.215625 0.24609375 0.03515625 0.19453125
0 0.5484375 0.5421875 0.0796875 0.515625
0 0.47265625 0.23359375 0.03203125 0.2046875
0 0.83125 0.778125 0.2015625 0.44296875
0 0.1328125 0.2171875 0.0296875 0.15859375
0 0.4078125 0.23046875 0.03203125 0.19453125
0 0.66796875 0.17890625 0.02421875 0.16484375
0 0.53828125 0.1734375 0.02265625 0.14921875
0 0.1171875 0.23046875 0.03203125 0.16953125
0 0.15234375 0.20625 0.02734375 0.14921875
0 0.25703125 0.21328125 0.02890625 0.16484375
0 0.9890625 0.446875 0.02109375 0.4640625
0 0.184375 0.20390625 0.02734375 0.14921875
0 0.9515625 0.4828125 0.09609375 0.49140625
0 0.096875 0.23046875 0.03203125 0.16875
0 0.4265625 0.26796875 0.03828125 0.234375
0 0.1796875 0.25625 0.03671875 0.2015625
0 0.06484375 0.2203125 0.03046875 0.15546875
0 0.4171875 0.31015625 0.04453125 0.27578125
0 0.4515625 0.2484375 0.034375 0.21796875
0 0.10390625 0.21875 0.0296875 0.15703125
0 0.86875 0.2765625 0.0515625 0.28125
0 0.33984375 0.25859375 0.03671875 0.21796875
0 0.1953125 0.221875 0.03046875 0.16796875
0 0.3859375 0.24296875 0.03359375 0.20625