0 0.16953125 0.20078125 0.0265625 0.14453125
0 0.5578125 0.25078125 0.034375 0.228125
0 0.39921875 0.23125 0.03203125 0.1953125
0 0.196875 0.20078125 0.02734375 0.146875
0 0.56796875 0.309375 0.04296875 0.28828125
0 0.43984375 0.29609375 0.04296875 0.2640625
0 0.11796875 0.30703125 0.04765625 0.2484375
0 0.16328125 0.21171875 0.028125 0.1546875
0 0.51171875 0.42890625 0.0625 0.4015625
0 0.62890625 0.19453125 0.025 0.178125
0 0.17109375 0.3 0.0453125 0.24453125
0 0.440625 0.7390625 0.14609375 0.5203125
0 0.66953125 0.1921875 0.02578125 0.17890625
0 0.3796875 0.24375 0.03359375 0.20546875
0 0.4515625 0.23203125 0.03203125 0.2
0 0.09375 0.21796875 0.03046875 0.15546875
0 0.55625 0.184375 0.02421875 0.16171875
0 0.43203125 0.21640625 0.02890625 0.18203125
0 0.47734375 0.2 0.0265625 0.1703125
0 0.43984375 0.2484375 0.034375 0.215625
0 0.51640625 0.18671875 0.02421875 0.16015625
0 0.71015625 0.29296875 0.04375 0.284375
0 0.515625 0.1578125 0.0203125 0.13046875
0 0.3515625 0.46875 0.0734375 0.42890625
0 0.37890625 0.25859375 0.03671875 0.22109375
0 0.559375 0.471875 0.06796875 0.4484375
0 0.48671875 0.2859375 0.040625 0.25703125
0 0.31171875 0.6875 0.1171875 0.6234375
0 0.490625 0.68125 0.10703125 0.63515625