0 0.384375 0.47421875 0.0734375 0.4359375
0 0.0984375 0.53828125 0.09375 0.475
0 0.30859375 0.53125 0.0859375 0.48515625
0 0.42578125 0.26875 0.03828125 0.23515625
0 0.20625 0.334375 0.0515625 0.28125
0 0.4171875 0.41953125 0.06328125 0.38515625
0 0.25078125 0.484375 0.07890625 0.43515625
0 0.32265625 0.378125 0.05859375 0.3359375
0 0.39296875 0.23359375 0.03203125 0.19609375
0 0.5359375 0.1734375 0.02265625 0.1484375
0 0.67421875 0.17890625 0.02421875 0.165625
0 0.471875 0.2359375 0.03203125 0.20546875
0 0.38671875 0.24609375 0.034375 0.209375
0 0.540625 0.3953125 0.05703125 0.3703125
0 0.5359375 0.25546875 0.03515625 0.23046875
0 0.415625 0.31171875 0.0453125 0.2765625
0 0.35234375 0.25859375 0.03671875 0.21875