0 0.4015625 0.23125 0.03203125 0.1953125
0 0.66953125 0.178125 0.0234375 0.1640625
0 0.45078125 0.23125 0.03125 0.2
0 0.53984375 0.30546875 0.04296875 0.28046875
0 0.43984375 0.246875 0.034375 0.21484375
0 0.59375 0.1625 0.0203125 0.14140625
0 0.096875 0.35078125 0.05546875 0.2890625
0 0.51171875 0.1765625 0.02265625 0.14921875
0 0.53828125 0.70625 0.12109375 0.58515625
0 0.5578125 0.25546875 0.034375 0.23359375
0 0.42109375 0.309375 0.04453125 0.27578125
0 0.3796875 0.2453125 0.034375 0.20703125
0 0.3796875 0.259375 0.03671875 0.221875