0 0.66953125 0.18125 0.02421875 0.16875
0 0.08828125 0.59609375 0.10546875 0.53046875
0 0.4140625 0.30390625 0.04453125 0.26953125
0 0.56484375 0.21640625 0.02890625 0.19453125
0 0.6875 0.25546875 0.0359375 0.24375
0 0.07734375 0.28984375 0.04453125 0.22578125
0 0.1875 0.49140625 0.08203125 0.4359375
0 0.14765625 0.27578125 0.040625 0.21875
0 0.5359375 0.175 0.02265625 0.15
0 0.38828125 0.4234375 0.06484375 0.3859375
0 0.0859375 0.5390625 0.09453125 0.47421875
0 0.353125 0.89375 0.25859375 0.21015625
0 0.25546875 0.43046875 0.06875 0.38125