0 0.96875 0.79609375 0.0609375 0.40546875
0 0.384375 0.24375 0.03359375 0.20546875
0 0.17265625 0.209375 0.028125 0.15390625
0 0.47265625 0.23359375 0.03203125 0.2046875
0 0.39609375 0.4921875 0.0765625 0.4546875
0 0.178125 0.21484375 0.0296875 0.159375
0 0.946875 0.39609375 0.08203125 0.40625
0 0.4078125 0.23046875 0.03203125 0.19453125
0 0.66796875 0.17890625 0.02421875 0.16484375
0 0.8875 0.4265625 0.0828125 0.43125
0 0.134375 0.28046875 0.0421875 0.22109375
0 0.08828125 0.246875 0.03515625 0.18515625
0 0.196875 0.22890625 0.03203125 0.175
0 0.16171875 0.2328125 0.0328125 0.1765625
0 0.53671875 0.1734375 0.02265625 0.1484375
0 0.4265625 0.26796875 0.03828125 0.234375
0 0.8625 0.69921875 0.15078125 0.6
0 0.1890625 0.2609375 0.03828125 0.20703125
0 0.2390625 0.2265625 0.03203125 0.1765625
0 0.93828125 0.30625 0.06328125 0.315625
0 0.14140625 0.2140625 0.02890625 0.15546875
0 0.84296875 0.46640625 0.08515625 0.465625
0 0.12421875 0.22890625 0.03203125 0.16953125
0 0.4171875 0.31015625 0.04453125 0.27578125
0 0.06640625 0.2375 0.03359375 0.1734375
0 0.4515625 0.2484375 0.034375 0.21796875
0 0.33984375 0.25859375 0.03671875 0.21796875
0 0.0640625 0.246875 0.03515625 0.18203125