0 0.840625 0.20390625 0.03671875 0.20546875
0 0.41015625 0.2140625 0.02890625 0.17890625
0 0.84609375 0.56640625 0.1046875 0.5640625
0 0.49609375 0.14921875 0.01875 0.12109375
0 0.47109375 0.6375 0.09921875 0.603125
0 0.434375 0.20859375 0.028125 0.17578125
0 0.9578125 0.62734375 0.08359375 0.634375
0 0.171875 0.21328125 0.02890625 0.15703125
0 0.7828125 0.26875 0.04453125 0.26484375
0 0.53359375 0.15625 0.01953125 0.13046875
0 0.0921875 0.21796875 0.0296875 0.15546875
0 0.284375 0.1875 0.02421875 0.14140625
0 0.084375 0.20703125 0.02734375 0.14453125
0 0.7921875 0.196875 0.0328125 0.19453125
0 0.8859375 0.6859375 0.1453125 0.62578125
0 0.721875 0.68515625 0.11484375 0.628125
0 0.62265625 0.73359375 0.13828125 0.53046875
0 0.57890625 0.16484375 0.02109375 0.14296875
0 0.83515625 0.27890625 0.05 0.2796875
0 0.4546875 0.52578125 0.08046875 0.49296875
0 0.29140625 0.5046875 0.08203125 0.45703125
0 0.21328125 0.19375 0.025 0.140625
0 0.77890625 0.74296875 0.1640625 0.51328125
0 0.24609375 0.19140625 0.025 0.14296875