0 0.5453125 0.1734375 0.02265625 0.14921875
0 0.771875 0.70078125 0.134375 0.59609375
0 0.21484375 0.2015625 0.02734375 0.15
0 0.1890625 0.4953125 0.0828125 0.440625
0 0.4171875 0.303125 0.04375 0.26875
0 0.63125 0.58046875 0.084375 0.56015625
0 0.35546875 0.41953125 0.06484375 0.3796875
0 0.459375 0.3671875 0.05390625 0.3359375
0 0.1859375 0.20390625 0.02734375 0.14921875
0 0.10234375 0.45546875 0.07734375 0.39375
0 0.3390625 0.253125 0.0359375 0.21171875
0 0.4625 0.15625 0.01953125 0.125
0 0.67421875 0.17890625 0.02421875 0.165625
0 0.35625 0.265625 0.03828125 0.22578125
0 0.09140625 0.54921875 0.09609375 0.48515625
0 0.67578125 0.5265625 0.07734375 0.5109375
0 0.33828125 0.24453125 0.034375 0.20390625
0 0.44921875 0.259375 0.0359375 0.228125