0 0.38984375 0.24609375 0.034375 0.209375
0 0.821875 0.2015625 0.03515625 0.2015625
0 0.3640625 0.25859375 0.03671875 0.21953125
0 0.1 0.42734375 0.07109375 0.365625
0 0.54765625 0.4734375 0.06875 0.44921875
0 0.60859375 0.271875 0.03671875 0.25390625
0 0.67578125 0.17890625 0.02421875 0.165625
0 0.4234375 0.26796875 0.03828125 0.23359375
0 0.15625 0.4578125 0.07578125 0.40078125
0 0.39453125 0.23125 0.03203125 0.19453125
0 0.42421875 0.309375 0.04453125 0.27578125
0 0.4375 0.24453125 0.03359375 0.21171875
0 0.075 0.51640625 0.08984375 0.4515625
0 0.14921875 0.36640625 0.05859375 0.309375
0 0.071875 0.303125 0.046875 0.2390625
0 0.5390625 0.1734375 0.02265625 0.1484375