0 0.41015625 0.3109375 0.04453125 0.27578125
0 0.33828125 0.25703125 0.03671875 0.21640625
0 0.346875 0.171875 0.02265625 0.13125
0 0.43515625 0.24609375 0.034375 0.21328125
0 0.2046875 0.196875 0.02578125 0.14375
0 0.21796875 0.190625 0.025 0.13828125
0 0.628125 0.1984375 0.02578125 0.18203125
0 0.25625 0.20625 0.02734375 0.15703125
0 0.35 0.56640625 0.09140625 0.52421875
0 0.07109375 0.2640625 0.0390625 0.20078125
0 0.284375 0.17734375 0.02265625 0.13046875
0 0.21484375 0.20078125 0.0265625 0.1484375
0 0.7609375 0.64296875 0.10703125 0.63046875
0 0.2171875 0.2125 0.02890625 0.16015625
0 0.74765625 0.6859375 0.11953125 0.6265625
0 0.66484375 0.178125 0.0234375 0.1640625
0 0.38203125 0.24375 0.03359375 0.20546875
0 0.47265625 0.23203125 0.03203125 0.2015625
0 0.16640625 0.23671875 0.03359375 0.18125
0 0.3140625 0.17421875 0.02265625 0.13046875
0 0.41953125 0.26953125 0.03828125 0.2359375
0 0.5359375 0.1734375 0.02265625 0.14921875
0 0.4203125 0.23046875 0.03203125 0.19609375