0 0.37890625 0.25859375 0.03671875 0.22109375
0 0.40078125 0.240625 0.03359375 0.2046875
0 0.578125 0.1828125 0.02421875 0.16171875
0 0.43671875 0.2984375 0.04296875 0.265625
0 0.15859375 0.340625 0.053125 0.284375
0 0.734375 0.43984375 0.06953125 0.43125
0 0.2421875 0.325 0.04921875 0.27578125
0 0.553125 0.2515625 0.034375 0.2296875
0 0.17734375 0.21875 0.03046875 0.16328125
0 0.44609375 0.246875 0.034375 0.21484375
0 0.484375 0.2859375 0.040625 0.25703125
0 0.403125 0.22890625 0.03203125 0.19375
0 0.53671875 0.44921875 0.065625 0.425
0 0.46171875 0.49296875 0.07421875 0.4609375
0 0.59921875 0.16328125 0.02109375 0.14296875
0 0.22109375 0.26171875 0.03828125 0.2109375
0 0.31640625 0.3015625 0.04453125 0.25859375
0 0.34140625 0.49140625 0.07734375 0.45
0 0.45078125 0.23203125 0.03203125 0.20078125