0 0.10390625 0.20859375 0.028125 0.14609375
0 0.39453125 0.20078125 0.0265625 0.1640625
0 0.784375 0.74140625 0.16484375 0.515625
0 0.49609375 0.14921875 0.01875 0.12109375
0 0.7859375 0.26796875 0.04453125 0.26484375
0 0.18984375 0.2015625 0.02734375 0.1484375
0 0.534375 0.15625 0.01953125 0.13046875
0 0.66015625 0.728125 0.1375 0.54140625
0 0.23046875 0.18359375 0.0234375 0.13125
0 0.11953125 0.19921875 0.0265625 0.13984375
0 0.29453125 0.18046875 0.0234375 0.134375
0 0.2625 0.18125 0.02265625 0.13359375
0 0.6171875 0.6015625 0.0875 0.5796875
0 0.8859375 0.6859375 0.1453125 0.62578125
0 0.9953125 0.55390625 0.00859375 0.56953125
0 0.721875 0.68515625 0.11484375 0.628125
0 0.453125 0.51953125 0.0796875 0.4859375
0 0.57890625 0.16484375 0.02109375 0.14296875
0 0.83515625 0.27890625 0.05 0.2796875
0 0.41953125 0.196875 0.02578125 0.16171875
0 0.11484375 0.64296875 0.11484375 0.578125
0 0.84453125 0.20234375 0.03671875 0.2046875
0 0.78828125 0.1984375 0.03203125 0.19453125
0 0.91015625 0.26328125 0.05234375 0.2703125
0 0.66328125 0.50546875 0.0734375 0.48984375