0 0.84609375 0.56640625 0.1046875 0.5640625
0 0.51484375 0.17734375 0.02265625 0.15078125
0 0.34296875 0.165625 0.02109375 0.1234375
0 0.9765625 0.6953125 0.04609375 0.60703125
0 0.5328125 0.678125 0.103125 0.64140625
0 0.3890625 0.22890625 0.03203125 0.19140625
0 0.16015625 0.22578125 0.03125 0.16953125
0 0.38515625 0.24375 0.03359375 0.20625
0 0.0578125 0.36328125 0.05859375 0.29921875
0 0.403125 0.16171875 0.0203125 0.125
0 0.8859375 0.38671875 0.075 0.39140625
0 0.66640625 0.17734375 0.0234375 0.1640625
0 0.43203125 0.303125 0.04375 0.26953125
0 0.4515625 0.23125 0.03203125 0.19921875
0 0.43984375 0.246875 0.034375 0.21484375
0 0.3796875 0.259375 0.03671875 0.221875
0 0.55390625 0.25390625 0.034375 0.23125
0 0.06796875 0.2265625 0.03125 0.16171875