0 0.88671875 0.2859375 0.05546875 0.29296875
0 0.2546875 0.184375 0.02421875 0.13515625
0 0.509375 0.49140625 0.0734375 0.46328125
0 0.43828125 0.44453125 0.0671875 0.4109375
0 0.56796875 0.4171875 0.06015625 0.3953125
0 0.72734375 0.278125 0.0421875 0.27109375
0 0.66875 0.18125 0.02421875 0.16875
0 0.27578125 0.43359375 0.06875 0.3859375
0 0.3859375 0.54375 0.0859375 0.50390625
0 0.21953125 0.18828125 0.02421875 0.13515625
0 0.53515625 0.175 0.02265625 0.15
0 0.6234375 0.39375 0.0546875 0.3765625
0 0.40859375 0.30546875 0.04453125 0.26953125