0 0.25703125 0.25 0.03515625 0.2015625
0 0.06953125 0.22578125 0.03125 0.1609375
0 0.4484375 0.23125 0.03203125 0.2
0 0.39609375 0.23125 0.03203125 0.19453125
0 0.42421875 0.30859375 0.04453125 0.27421875
0 0.05859375 0.36796875 0.06015625 0.30390625
0 0.4359375 0.2484375 0.03515625 0.21484375
0 0.51171875 0.17734375 0.02265625 0.15078125
0 0.69296875 0.56328125 0.08515625 0.54921875
0 0.20234375 0.2 0.0265625 0.14609375
0 0.3828125 0.55859375 0.08828125 0.51875
0 0.1765625 0.2015625 0.0265625 0.14609375
0 0.6578125 0.178125 0.02265625 0.16328125
0 0.31796875 0.2265625 0.03125 0.18359375
0 0.3765625 0.259375 0.03671875 0.22109375
0 0.3046875 0.23125 0.03203125 0.18671875
0 0.38828125 0.24296875 0.034375 0.20625
0 0.55625 0.25625 0.034375 0.234375
0 0.30859375 0.4484375 0.07109375 0.4046875