0 0.25390625 0.365625 0.05703125 0.31796875
0 0.83359375 0.19765625 0.03515625 0.19921875
0 0.3640625 0.25859375 0.03671875 0.21953125
0 0.4421875 0.23984375 0.0328125 0.20703125
0 0.54375 0.44296875 0.0640625 0.41875
0 0.1734375 0.52109375 0.08828125 0.4640625
0 0.10625 0.490625 0.08359375 0.4296875
0 0.67578125 0.17890625 0.02421875 0.165625
0 0.4234375 0.26796875 0.03828125 0.23359375
0 0.14609375 0.31875 0.04921875 0.26171875
0 0.415625 0.31171875 0.0453125 0.2765625
0 0.38828125 0.246875 0.03515625 0.2109375
0 0.39296875 0.23203125 0.03203125 0.1953125
0 0.5390625 0.1734375 0.02265625 0.1484375
0 0.57890625 0.26171875 0.03515625 0.24140625
0 0.26015625 0.41171875 0.065625 0.3640625
0 0.271875 0.4609375 0.07421875 0.41328125