0 0.27265625 0.18359375 0.02421875 0.1359375
0 0.6703125 0.17890625 0.0234375 0.16484375
0 0.5390625 0.58125 0.0859375 0.553125
0 0.44375 0.23359375 0.03203125 0.2015625
0 0.15546875 0.2015625 0.0265625 0.14375
0 0.55859375 0.253125 0.034375 0.2296875
0 0.378125 0.24375 0.03359375 0.20546875
0 0.1046875 0.2203125 0.03046875 0.159375
0 0.43671875 0.24609375 0.034375 0.21328125
0 0.9765625 0.6890625 0.0453125 0.61953125
0 0.1328125 0.22421875 0.03125 0.16484375
0 0.290625 0.1765625 0.02265625 0.13046875
0 0.23046875 0.19375 0.02578125 0.14296875
0 0.31953125 0.17421875 0.021875 0.1296875
0 0.54765625 0.665625 0.09921875 0.63515625
0 0.30078125 0.18046875 0.02265625 0.134375
0 0.21796875 0.190625 0.02421875 0.13828125
0 0.21328125 0.19375 0.02578125 0.14140625
0 0.9546875 0.7296875 0.08984375 0.5390625
0 0.39921875 0.2265625 0.03125 0.190625
0 0.54921875 0.1703125 0.02109375 0.14609375
0 0.228125 0.44375 0.071875 0.39296875
0 0.41171875 0.31015625 0.0453125 0.27578125
0 0.37421875 0.259375 0.03671875 0.22109375