0 0.45390625 0.23125 0.03203125 0.2
0 0.55859375 0.25546875 0.03515625 0.23203125
0 0.3984375 0.22265625 0.03046875 0.1859375
0 0.05546875 0.3609375 0.05859375 0.29609375
0 0.42421875 0.30546875 0.04375 0.27109375
0 0.11796875 0.33203125 0.05234375 0.2734375
0 0.525 0.16953125 0.02109375 0.14296875
0 0.3828125 0.24375 0.03359375 0.20625
0 0.1390625 0.3609375 0.0578125 0.30390625
0 0.36640625 0.3078125 0.0453125 0.26953125
0 0.38671875 0.2578125 0.03671875 0.22109375
0 0.4421875 0.246875 0.034375 0.21484375