0 0.37109375 0.60625 0.09765625 0.5640625
0 0.7078125 0.1984375 0.02890625 0.18828125
0 0.66953125 0.178125 0.0234375 0.1640625
0 0.4453125 0.69375 0.11640625 0.61015625
0 0.096875 0.3421875 0.05390625 0.28046875
0 0.43984375 0.5515625 0.08515625 0.515625
0 0.4046875 0.23125 0.03203125 0.19609375
0 0.51171875 0.1765625 0.02265625 0.14921875
0 0.4484375 0.23125 0.03203125 0.2
0 0.44140625 0.246875 0.034375 0.21484375
0 0.42265625 0.30859375 0.04453125 0.275
0 0.38125 0.25859375 0.03671875 0.22109375
0 0.559375 0.25390625 0.03515625 0.23203125
0 0.3796875 0.24375 0.03359375 0.20625