0 0.51328125 0.1765625 0.02265625 0.14921875
0 0.403125 0.2234375 0.03046875 0.18671875
0 0.06640625 0.2265625 0.03203125 0.16171875
0 0.3859375 0.24375 0.03359375 0.20625
0 0.1796875 0.190625 0.025 0.13515625
0 0.871875 0.33515625 0.06328125 0.3390625
0 0.1265625 0.57578125 0.10078125 0.51484375
0 0.0578125 0.3609375 0.05859375 0.2953125
0 0.39609375 0.23203125 0.03203125 0.1953125
0 0.55625 0.25625 0.034375 0.234375
0 0.7359375 0.56328125 0.08984375 0.5515625
0 0.434375 0.2484375 0.03515625 0.215625
0 0.19375 0.41015625 0.06640625 0.35703125
0 0.21953125 0.1859375 0.02421875 0.13359375
0 0.65859375 0.1765625 0.02265625 0.16328125
0 0.378125 0.259375 0.03671875 0.221875
0 0.39765625 0.21875 0.0296875 0.18203125
0 0.31875 0.2328125 0.03203125 0.18984375
0 0.4203125 0.30859375 0.04453125 0.275
0 0.89453125 0.37421875 0.07265625 0.3796875
0 0.45234375 0.23125 0.03203125 0.19921875
0 0.73515625 0.696875 0.125 0.6046875