0 0.096875 0.35 0.05546875 0.2890625
0 0.66953125 0.178125 0.0234375 0.1640625
0 0.5625 0.25625 0.03515625 0.23515625
0 0.97421875 0.315625 0.05078125 0.32890625
0 0.9875 0.30390625 0.02421875 0.3203125
0 0.3796875 0.259375 0.03671875 0.221875
0 0.4015625 0.23046875 0.03203125 0.19453125
0 0.3875 0.24375 0.03359375 0.20625
0 0.43984375 0.246875 0.034375 0.21484375
0 0.5796875 0.16640625 0.02109375 0.14453125
0 0.2546875 0.4 0.06328125 0.3515625
0 0.1046875 0.64609375 0.115625 0.58046875
0 0.45078125 0.23125 0.03125 0.2
0 0.51171875 0.1765625 0.02265625 0.14921875
0 0.42109375 0.309375 0.04453125 0.27578125
0 0.61171875 0.69609375 0.1125 0.60546875