0 0.1046875 0.28828125 0.04375 0.2265625
0 0.37890625 0.25859375 0.03671875 0.22109375
0 0.4359375 0.296875 0.04296875 0.2640625
0 0.36171875 0.334375 0.05 0.2953125
0 0.10234375 0.34375 0.0546875 0.28203125
0 0.39765625 0.2296875 0.03203125 0.19296875
0 0.3078125 0.51640625 0.08359375 0.47109375
0 0.51328125 0.45390625 0.06640625 0.42578125
0 0.4484375 0.23125 0.03203125 0.2
0 0.4859375 0.2859375 0.03984375 0.25625
0 0.44609375 0.246875 0.034375 0.21484375
0 0.571875 0.18046875 0.0234375 0.15859375
0 0.74140625 0.40859375 0.06484375 0.40078125
0 0.553125 0.2515625 0.034375 0.2296875
0 0.60234375 0.1625 0.02109375 0.14375
0 0.43515625 0.4875 0.075 0.453125
0 0.18828125 0.3265625 0.05 0.2734375
0 0.38125 0.24375 0.03359375 0.20625
0 0.103125 0.253125 0.03671875 0.19140625