0 0.34140625 0.53125 0.078125 0.4953125
0 0.64375 0.21875 0.03515625 0.2046875
0 0.9921875 0.3109375 0.01484375 0.2765625
0 0.6078125 0.74140625 0.13984375 0.515625
0 0.1734375 0.51640625 0.0890625 0.48828125
0 0.5234375 0.6015625 0.08515625 0.5515625
0 0.2078125 0.46015625 0.07734375 0.43671875
0 0.3140625 0.48125 0.07265625 0.4515625
0 0.37890625 0.66640625 0.09453125 0.6109375
0 0.49140625 0.659375 0.09140625 0.6015625
0 0.97734375 0.334375 0.04453125 0.29921875
0 0.50859375 0.25546875 0.03515625 0.24140625