0 0.3890625 0.6640625 0.09296875 0.609375
0 0.0140625 0.4203125 0.028125 0.409375
0 0.60546875 0.2328125 0.0359375 0.21796875
0 0.63671875 0.21875 0.03515625 0.20390625
0 0.8609375 0.4765625 0.0984375 0.43125
0 0.51875 0.6765625 0.09609375 0.61640625
0 0.54765625 0.49453125 0.071875 0.45703125
0 0.528125 0.259375 0.03671875 0.2453125
0 0.98515625 0.2984375 0.02890625 0.26640625
0 0.6140625 0.6109375 0.09765625 0.55625
0 0.94140625 0.31796875 0.06875 0.28515625
0 0.6734375 0.57265625 0.0984375 0.52109375