0 0.80703125 0.540625 0.10625 0.4890625
0 0.49609375 0.240625 0.03203125 0.2296875
0 0.6265625 0.47421875 0.0765625 0.4359375
0 0.77578125 0.48984375 0.09296875 0.44609375
0 0.97734375 0.33359375 0.04453125 0.2984375
0 0.63828125 0.21796875 0.03515625 0.20390625
0 0.3359375 0.9484375 0.2390625 0.1015625
0 0.621875 0.54140625 0.08671875 0.49609375
0 0.5046875 0.67421875 0.09375 0.61484375
0 0.553125 0.61171875 0.090625 0.559375
0 0.9859375 0.30703125 0.0265625 0.27421875
0 0.38125 0.66953125 0.09453125 0.6140625