0 0.68046875 0.61875 0.10703125 0.56171875
0 0.85390625 0.56171875 0.11640625 0.50625
0 0.98984375 0.2984375 0.01953125 0.265625
0 0.98828125 0.32890625 0.02265625 0.29375
0 0.534375 0.2609375 0.03671875 0.24609375
0 0.5234375 0.72734375 0.11875 0.54375
0 0.7453125 0.46015625 0.084375 0.4203125
0 0.90078125 0.88125 0.19765625 0.23515625
0 0.63671875 0.21875 0.03515625 0.20390625
0 0.99375 0.21953125 0.0109375 0.19375
0 0.95546875 0.703125 0.08828125 0.59296875
0 0.76484375 0.77578125 0.19140625 0.44609375
0 0.8234375 0.7359375 0.17421875 0.52578125
0 0.63515625 0.690625 0.11484375 0.61796875
0 0.7875 0.50703125 0.09765625 0.46015625