0 0.884375 0.2296875 0.04609375 0.20703125
0 0.9125 0.49609375 0.10703125 0.446875
0 0.396875 0.73671875 0.12109375 0.52421875
0 0.321875 0.67890625 0.10234375 0.6234375
0 0.4765625 0.77421875 0.14296875 0.45
0 0.63671875 0.6890625 0.11484375 0.6203125
0 0.08671875 0.7671875 0.1734375 0.4625
0 0.46875 0.43046875 0.05703125 0.4015625
0 0.63828125 0.21953125 0.03515625 0.2046875
0 0.98515625 0.2984375 0.02890625 0.26640625
0 0.46015625 0.47890625 0.06484375 0.4453125
0 0.66328125 0.61796875 0.1046875 0.56171875
0 0.53203125 0.26171875 0.03671875 0.246875
0 0.4671875 0.52890625 0.07109375 0.4890625
0 0.965625 0.55625 0.06796875 0.496875