0 0.6390625 0.2203125 0.03515625 0.20546875
0 0.3890625 0.6640625 0.09296875 0.609375
0 0.6234375 0.515625 0.0828125 0.4734375
0 0.7546875 0.57265625 0.1078125 0.51953125
0 0.6453125 0.2359375 0.03828125 0.21953125
0 0.9625 0.32421875 0.07109375 0.29140625
0 0.51875 0.6765625 0.09609375 0.61640625
0 0.98515625 0.2984375 0.02890625 0.26640625
0 0.6140625 0.6109375 0.09765625 0.55625
0 0.94453125 0.509375 0.11015625 0.45703125
0 0.04609375 0.41796875 0.08046875 0.4046875
0 0.53203125 0.26171875 0.03671875 0.246875