0 0.8125 0.67421875 0.13515625 0.6046875
0 0.1328125 0.2765625 0.05 0.2734375
0 0.78203125 0.3234375 0.0609375 0.29609375
0 0.93671875 0.81953125 0.12578125 0.359375
0 0.3046875 0.25625 0.0390625 0.24921875
0 0.3546875 0.56484375 0.08203125 0.52421875
0 0.6828125 0.9109375 0.259375 0.1765625
0 0.95703125 0.184375 0.03828125 0.16328125
0 0.3953125 0.4890625 0.06796875 0.45625
0 0.84296875 0.34453125 0.06953125 0.3140625
0 0.78125 0.20078125 0.03671875 0.18359375
0 0.30234375 0.653125 0.1 0.603125
0 0.46796875 0.240625 0.03125 0.2296875
0 0.81953125 0.196875 0.0375 0.17890625