0 0.4796875 0.6515625 0.08984375 0.5953125
0 0.64375 0.21875 0.03515625 0.2046875
0 0.9921875 0.3109375 0.01484375 0.2765625
0 0.9609375 0.7140625 0.0765625 0.5703125
0 0.23125 0.54140625 0.0890625 0.50703125
0 0.50859375 0.259375 0.03515625 0.24609375
0 0.9546875 0.76953125 0.08984375 0.459375
0 0.33359375 0.66796875 0.09921875 0.61328125
0 0.97734375 0.334375 0.04453125 0.29921875
0 0.409375 0.7390625 0.12265625 0.51953125
0 0.47734375 0.59140625 0.08125 0.54375
0 0.08671875 0.515625 0.09609375 0.4890625
0 0.11640625 0.4640625 0.084375 0.44375
0 0.20234375 0.4828125 0.08046875 0.45625