0 0.97734375 0.33359375 0.04453125 0.2984375
0 0.3828125 0.6734375 0.0953125 0.61640625
0 0.0828125 0.7453125 0.165625 0.50703125
0 0.95390625 0.6359375 0.09140625 0.56640625
0 0.6390625 0.21875 0.03515625 0.20390625
0 0.9859375 0.30703125 0.0265625 0.27421875
0 0.50546875 0.24453125 0.03359375 0.23203125
0 0.9796875 0.5078125 0.03984375 0.4546875
0 0.04609375 0.70703125 0.09140625 0.584375
0 0.50703125 0.6765625 0.09453125 0.61640625
0 0.59453125 0.621875 0.096875 0.565625
0 0.0703125 0.79609375 0.13984375 0.40546875
0 0.88046875 0.54765625 0.11640625 0.49375