0 0.81796875 0.19609375 0.0375 0.178125
0 0.8890625 0.33125 0.06875 0.29921875
0 0.1328125 0.2765625 0.05 0.2734375
0 0.8359375 0.31796875 0.06328125 0.2890625
0 0.92890625 0.68125 0.14140625 0.60703125
0 0.30625 0.25703125 0.0390625 0.24921875
0 0.47109375 0.49296875 0.06640625 0.45859375
0 0.803125 0.93984375 0.31640625 0.11875
0 0.78203125 0.20078125 0.03671875 0.18359375
0 0.46796875 0.240625 0.03125 0.2296875
0 0.95703125 0.184375 0.03828125 0.16328125
0 0.4703125 0.6625 0.09140625 0.6046875
0 0.49609375 0.56796875 0.078125 0.521875