0 0.85859375 0.60546875 0.12578125 0.54375
0 0.0203125 0.79140625 0.03984375 0.415625
0 0.49921875 0.24140625 0.0328125 0.2296875
0 0.80859375 0.5046875 0.09921875 0.45703125
0 0.97734375 0.33359375 0.04453125 0.2984375
0 0.6390625 0.21875 0.03515625 0.20390625
0 0.9859375 0.30703125 0.0265625 0.27421875
0 0.03984375 0.7078125 0.0796875 0.58203125
0 0.3828125 0.6734375 0.0953125 0.61640625
0 0.50703125 0.6765625 0.09453125 0.61640625
0 0.9625 0.55546875 0.0734375 0.496875
0 0.59453125 0.621875 0.096875 0.565625
0 0.9359375 0.5015625 0.1109375 0.4515625