0 0.5578125 0.525 0.07734375 0.48359375
0 0.97734375 0.33359375 0.04453125 0.2984375
0 0.63828125 0.21796875 0.03515625 0.20390625
0 0.50234375 0.67109375 0.09375 0.61171875
0 0.49765625 0.240625 0.03203125 0.2296875
0 0.5734375 0.46640625 0.0703125 0.43046875
0 0.68046875 0.47890625 0.08203125 0.4390625
0 0.5484375 0.60703125 0.0890625 0.5546875
0 0.7046875 0.51796875 0.09140625 0.4734375
0 0.38125 0.66953125 0.09453125 0.6140625
0 0.13203125 0.94375 0.2640625 0.11015625
0 0.9921875 0.309375 0.01484375 0.2765625