0 0.6 0.6125 0.09609375 0.55859375
0 0.63984375 0.21875 0.03515625 0.20390625
0 0.97734375 0.33359375 0.04453125 0.2984375
0 0.2328125 0.75390625 0.15234375 0.490625
0 0.14296875 0.81875 0.20546875 0.3609375
0 0.9859375 0.30703125 0.0265625 0.27421875
0 0.50546875 0.2484375 0.03359375 0.2359375
0 0.03984375 0.75703125 0.0796875 0.4828125
0 0.9859375 0.65078125 0.0265625 0.5765625
0 0.15234375 0.71484375 0.13984375 0.56875
0 0.50703125 0.6765625 0.09453125 0.61640625
0 0.37734375 0.64609375 0.0921875 0.59375
0 0.95859375 0.56640625 0.08203125 0.50625