0 0.27421875 0.45859375 0.071875 0.43359375
0 0.51015625 0.2515625 0.03515625 0.2390625
0 0.64375 0.21875 0.03515625 0.2046875
0 0.41953125 0.521875 0.07109375 0.48515625
0 0.9921875 0.3109375 0.01484375 0.2765625
0 0.390625 0.66640625 0.09375 0.6109375
0 0.259375 0.51640625 0.08203125 0.48515625
0 0.52734375 0.60078125 0.08515625 0.55
0 0.38828125 0.48125 0.06796875 0.45
0 0.48984375 0.67109375 0.09296875 0.61171875
0 0.76328125 0.74375 0.16953125 0.5109375
0 0.97734375 0.334375 0.04453125 0.29921875