0 0.63671875 0.21875 0.03515625 0.20390625
0 0.0328125 0.85703125 0.065625 0.28359375
0 0.98984375 0.2984375 0.01953125 0.265625
0 0.98828125 0.32890625 0.02265625 0.29375
0 0.3625 0.759375 0.13671875 0.4796875
0 0.534375 0.2609375 0.03671875 0.24609375
0 0.9421875 0.48515625 0.10703125 0.43671875
0 0.640625 0.68828125 0.11484375 0.62109375
0 0.67421875 0.61015625 0.10546875 0.55390625
0 0.35859375 0.68984375 0.10234375 0.61875
0 0.91640625 0.2265625 0.046875 0.203125
0 0.55234375 0.4359375 0.0640625 0.40546875
0 0.99140625 0.54375 0.015625 0.48515625
0 0.51875 0.48671875 0.06796875 0.45078125
0 0.56015625 0.73359375 0.128125 0.53046875
0 0.56875 0.534375 0.08046875 0.49140625
0 0.6515625 0.7546875 0.15703125 0.4890625