0 0.33828125 0.61875 0.09140625 0.57109375
0 0.64375 0.21875 0.03515625 0.2046875
0 0.9921875 0.3109375 0.01484375 0.2765625
0 0.33125 0.55078125 0.08203125 0.51328125
0 0.003125 0.45859375 0.00625 0.44375
0 0.0734375 0.7109375 0.146875 0.575
0 0.52734375 0.2671875 0.0375 0.253125
0 0.21875 0.64296875 0.10625 0.59609375
0 0.0359375 0.4890625 0.071875 0.46875
0 0.63984375 0.76953125 0.16328125 0.459375
0 0.97734375 0.334375 0.04453125 0.29921875
0 0.03125 0.553125 0.06171875 0.52421875
0 0.71953125 0.71328125 0.14140625 0.57109375