0 0.97890625 0.31953125 0.04140625 0.28515625
0 0.13984375 0.4734375 0.08359375 0.45
0 0.1875 0.415625 0.0703125 0.396875
0 0.73203125 0.23671875 0.04140625 0.21796875
0 0.7546875 0.5046875 0.09453125 0.459375
0 0.3890625 0.6640625 0.09296875 0.609375
0 0.8984375 0.55078125 0.11796875 0.49609375
0 0.53203125 0.26171875 0.03671875 0.246875
0 0.67421875 0.6140625 0.10546875 0.55703125
0 0.51875 0.6765625 0.09609375 0.61640625
0 0.63828125 0.21953125 0.03515625 0.2046875
0 0.98515625 0.2984375 0.02890625 0.26640625
0 0.06484375 0.51875 0.0984375 0.49296875