0 0.64375 0.21875 0.03515625 0.2046875
0 0.2828125 0.659375 0.10234375 0.60859375
0 0.9921875 0.3109375 0.01484375 0.2765625
0 0.1109375 0.48828125 0.08828125 0.46484375
0 0.85625 0.7734375 0.2078125 0.4515625
0 0.425 0.6265625 0.08515625 0.57578125
0 0.51953125 0.2640625 0.03671875 0.25
0 0.86328125 0.71484375 0.1640625 0.56875
0 0.02890625 0.5078125 0.0578125 0.484375
0 0.1203125 0.553125 0.1 0.52109375
0 0.040625 0.46015625 0.08125 0.4421875
0 0.215625 0.72890625 0.140625 0.53984375
0 0.42734375 0.57109375 0.07734375 0.5265625
0 0.97734375 0.334375 0.04453125 0.29921875