0 0.97421875 0.72890625 0.05078125 0.540625
0 0.7046875 0.25546875 0.04453125 0.2359375
0 0.990625 0.334375 0.01796875 0.2984375
0 0.771875 0.659375 0.12734375 0.59375
0 0.9875 0.30703125 0.0234375 0.27421875
0 0.74921875 0.71484375 0.14765625 0.56875
0 0.7890625 0.309375 0.05859375 0.28359375
0 0.9171875 0.3265625 0.06953125 0.29453125
0 0.3046875 0.26640625 0.04140625 0.259375
0 0.78203125 0.234375 0.04375 0.21484375
0 0.6984375 0.2703125 0.04609375 0.25
0 0.76953125 0.221875 0.040625 0.20390625