0 0.86171875 0.2984375 0.046875 0.25
0 0.8578125 0.35234375 0.07109375 0.3765625
0 0.915625 0.33671875 0.0671875 0.3390625
0 0.9875 0.28515625 0.02421875 0.21484375
0 0.98671875 0.28203125 0.025 0.209375
0 0.6328125 0.3296875 0.04921875 0.33125
0 0.8125 0.29296875 0.04296875 0.2390625
0 0.43984375 0.31796875 0.0359375 0.3140625
0 0.74765625 0.340625 0.059375 0.35390625
0 0.0953125 0.46328125 0.1078125 0.67109375
0 0.73671875 0.315625 0.04921875 0.29609375
0 0.81953125 0.328125 0.05859375 0.32109375