0 0.91796875 0.33515625 0.06640625 0.33515625
0 0.69140625 0.43359375 0.09140625 0.575
0 0.8125 0.32734375 0.05703125 0.31953125
0 0.62421875 0.3640625 0.06015625 0.41328125
0 0.75703125 0.33671875 0.05859375 0.34375
0 0.57578125 0.409375 0.071875 0.5234375
0 0.47734375 0.28203125 0.02734375 0.228125
0 0.88984375 0.34765625 0.07109375 0.3640625
0 0.28515625 0.2890625 0.02890625 0.25
0 0.440625 0.31875 0.0359375 0.315625
0 0.7125 0.321875 0.05078125 0.31328125
0 0.21953125 0.28671875 0.03203125 0.25