0 0.80859375 0.3265625 0.05703125 0.31796875
0 0.115625 0.30859375 0.046875 0.30390625
0 0.7703125 0.33828125 0.059375 0.34609375
0 0.009375 0.2859375 0.01875 0.25625
0 0.64140625 0.36796875 0.06328125 0.42109375
0 0.94453125 0.33828125 0.06875 0.3390625
0 0.9609375 0.49296875 0.0765625 0.7015625
0 0.70625 0.321875 0.05 0.31171875
0 0.89765625 0.34921875 0.07109375 0.36640625
0 0.44921875 0.32265625 0.03671875 0.3234375
0 0.00625 0.29140625 0.0125 0.2703125
0 0.9046875 0.44609375 0.11796875 0.59609375
0 0.1921875 0.2828125 0.0328125 0.23984375
0 0.003125 0.28203125 0.00546875 0.2484375