0 0.91640625 0.33515625 0.06640625 0.33359375
0 0.8125 0.32734375 0.05703125 0.31953125
0 0.965625 0.39140625 0.06796875 0.4640625
0 0.09921875 0.3125 0.04921875 0.3140625
0 0.44375 0.31953125 0.0359375 0.31640625
0 0.86484375 0.38125 0.084375 0.44453125
0 0.75703125 0.33671875 0.05859375 0.34375
0 0.99453125 0.2765625 0.009375 0.19453125
0 0.4609375 0.28203125 0.0265625 0.2296875
0 0.71171875 0.321875 0.05078125 0.31171875
0 0.1578125 0.31875 0.046875 0.32578125
0 0.88984375 0.34765625 0.07109375 0.3640625
0 0.62421875 0.3640625 0.06015625 0.41328125