0 0.5765625 0.28359375 0.03046875 0.22578125
0 0.51328125 0.32109375 0.03984375 0.315625
0 0.71484375 0.32421875 0.0515625 0.31640625
0 0.7625 0.3390625 0.06015625 0.35078125
0 0.9859375 0.51328125 0.0265625 0.7484375
0 0.828125 0.328125 0.05859375 0.32109375
0 0.66328125 0.36796875 0.06484375 0.4203125
0 0.88359375 0.34765625 0.07109375 0.365625
0 0.54609375 0.32890625 0.04375 0.334375
0 0.05078125 0.30390625 0.05 0.2953125
0 0.925 0.33671875 0.06796875 0.3390625
0 0.17265625 0.29140625 0.03671875 0.26015625
0 0.21484375 0.29296875 0.03515625 0.26328125
0 0.23203125 0.30625 0.03828125 0.29375