0 0.9328125 0.5609375 0.13359375 0.87578125
0 0.1015625 0.5546875 0.14296875 0.8890625
0 0.86171875 0.30546875 0.05 0.265625
0 0.75703125 0.3375 0.05859375 0.3453125
0 0.43984375 0.36171875 0.04765625 0.41640625
0 0.78359375 0.296875 0.04375 0.25
0 0.828125 0.3265625 0.05859375 0.31875
0 0.92109375 0.33671875 0.0671875 0.33828125
0 0.71484375 0.32421875 0.0515625 0.31640625
0 0.3109375 0.36640625 0.04921875 0.43125
0 0.65703125 0.36640625 0.06328125 0.41796875
0 0.884375 0.34765625 0.0703125 0.3640625
0 0.5078125 0.33671875 0.04453125 0.3546875
0 0.0359375 0.540625 0.07109375 0.91640625
0 0.1109375 0.28359375 0.03828125 0.2453125
0 0.890625 0.284375 0.04140625 0.21640625
0 0.0203125 0.303125 0.040625 0.296875
0 0.796875 0.28359375 0.0390625 0.21953125
0 0.01796875 0.31328125 0.0359375 0.31953125
0 0.4734375 0.32421875 0.03828125 0.32578125
0 0.7640625 0.30703125 0.046875 0.275
0 0.0703125 0.31171875 0.0515625 0.31328125
0 0.09453125 0.296875 0.04375 0.278125