0 0.33359375 0.296875 0.03046875 0.26875
0 0.51484375 0.2890625 0.03046875 0.24375
0 0.1125 0.2890625 0.03984375 0.25859375
0 0.0921875 0.31640625 0.05234375 0.32421875
0 0.6390625 0.32890625 0.04921875 0.3296875
0 0.72421875 0.3203125 0.05 0.30703125
0 0.43671875 0.31796875 0.03515625 0.3140625
0 0.61953125 0.36484375 0.06015625 0.41484375
0 0.83359375 0.3484375 0.06796875 0.36953125
0 0.7890625 0.32734375 0.05625 0.32109375
0 0.140625 0.29609375 0.040625 0.2734375
0 0.21484375 0.29765625 0.0359375 0.275
0 0.909375 0.33359375 0.06484375 0.3296875
0 0.16953125 0.28671875 0.03515625 0.25078125