0 0.740625 0.2921875 0.03984375 0.23984375
0 0.66328125 0.36796875 0.06484375 0.4203125
0 0.846875 0.28203125 0.0390625 0.2140625
0 0.79921875 0.30078125 0.04609375 0.25859375
0 0.89140625 0.3484375 0.0703125 0.36484375
0 0.33125 0.34375 0.04296875 0.378125
0 0.75703125 0.3390625 0.059375 0.35078125
0 0.2390625 0.3390625 0.04765625 0.37109375
0 0.81796875 0.3265625 0.0578125 0.31875
0 0.0109375 0.3125 0.021875 0.31875
0 0.47578125 0.3234375 0.03828125 0.325
0 0.775 0.3078125 0.04765625 0.2765625
0 0.75 0.28046875 0.0359375 0.21171875
0 0.715625 0.32421875 0.0515625 0.31796875
0 0.95 0.3390625 0.06953125 0.34140625
0 0.11171875 0.29609375 0.04296875 0.275
0 0.01328125 0.303125 0.02578125 0.2953125
0 0.07265625 0.31328125 0.05234375 0.315625
0 0.5109375 0.33671875 0.04453125 0.353125