0 0.5953125 0.54453125 0.1203125 0.8453125
0 0.54765625 0.328125 0.04375 0.33203125
0 0.265625 0.284375 0.02890625 0.240625
0 0.29296875 0.29453125 0.03046875 0.26328125
0 0.52578125 0.31796875 0.03984375 0.31015625
0 0.925 0.33671875 0.06796875 0.3390625
0 0.66328125 0.36796875 0.06484375 0.4203125
0 0.88359375 0.34765625 0.07109375 0.365625
0 0.82890625 0.325 0.05703125 0.31328125
0 0.56953125 0.28125 0.03046875 0.221875
0 0.7609375 0.33828125 0.059375 0.34921875
0 0.2265625 0.28203125 0.03046875 0.2390625
0 0.715625 0.32421875 0.0515625 0.31796875