0 0.7703125 0.33828125 0.059375 0.34609375
0 0.18046875 0.28828125 0.03515625 0.25390625
0 0.04921875 0.28125 0.04140625 0.24140625
0 0.64140625 0.36796875 0.06328125 0.42109375
0 0.1375 0.30625 0.04453125 0.2984375
0 0.94453125 0.33828125 0.06875 0.3390625
0 0.44921875 0.32265625 0.03671875 0.3234375
0 0.70234375 0.321875 0.05 0.31328125
0 0.89765625 0.34921875 0.07109375 0.36640625
0 0.03125 0.28671875 0.04453125 0.25703125
0 0.80859375 0.3265625 0.05703125 0.31796875
0 0.86328125 0.5046875 0.140625 0.73671875
0 0.0421875 0.2828125 0.0421875 0.246875
0 0.7859375 0.4515625 0.10859375 0.6140625