0 0.5671875 0.30546875 0.0375 0.2796875
0 0.478125 0.2890625 0.0296875 0.2453125
0 0.0296875 0.30546875 0.0515625 0.29921875
0 0.07421875 0.3109375 0.05078125 0.3109375
0 0.47578125 0.3234375 0.03828125 0.325
0 0.7875 0.3015625 0.0453125 0.26015625
0 0.7609375 0.33984375 0.06015625 0.3515625
0 0.93046875 0.33671875 0.06796875 0.3359375
0 0.5 0.33515625 0.04296875 0.35
0 0.45 0.296875 0.03046875 0.26171875
0 0.659375 0.365625 0.06328125 0.415625
0 0.88671875 0.34765625 0.07109375 0.365625
0 0.715625 0.321875 0.05078125 0.3109375
0 0.09609375 0.29609375 0.04375 0.27578125
0 0.828125 0.33046875 0.06015625 0.3265625