0 0.65625 0.365625 0.06328125 0.415625
0 0.4828125 0.3921875 0.05859375 0.4859375
0 0.46796875 0.3265625 0.03828125 0.33046875
0 0.8625 0.2875 0.0421875 0.225
0 0.015625 0.28515625 0.03125 0.2546875
0 0.371875 0.553125 0.1125 0.89296875
0 0.93515625 0.28671875 0.04453125 0.221875
0 0.30546875 0.2875 0.028125 0.246875
0 0.66875 0.54921875 0.17578125 0.89921875
0 0.0171875 0.30546875 0.034375 0.29921875
0 0.12265625 0.296875 0.04296875 0.278125
0 0.5078125 0.33671875 0.04453125 0.3546875
0 0.9109375 0.33359375 0.06484375 0.33046875
0 0.09140625 0.3109375 0.04921875 0.3109375
0 0.9234375 0.31171875 0.05546875 0.27890625
0 0.83046875 0.30390625 0.04765625 0.26484375
0 0.59765625 0.38125 0.06484375 0.45546875
0 0.82421875 0.32578125 0.05703125 0.31640625
0 0.71796875 0.32578125 0.0515625 0.31953125
0 0.02109375 0.31328125 0.0421875 0.31875
0 0.4328125 0.5140625 0.09140625 0.778125
0 0.0234375 0.29140625 0.04609375 0.265625
0 0.72421875 0.3015625 0.04296875 0.2640625