0 0.04921875 0.28828125 0.04375 0.25703125
0 0.0109375 0.3765625 0.02109375 0.46953125
0 0.90625 0.334375 0.06484375 0.33125
0 0.62421875 0.3640625 0.06015625 0.41328125
0 0.95859375 0.32265625 0.0625 0.303125
0 0.96796875 0.346875 0.0625 0.35859375
0 0.75703125 0.33671875 0.05859375 0.34375
0 0.303125 0.284375 0.02734375 0.23984375
0 0.4640625 0.27890625 0.02578125 0.22109375
0 0.89296875 0.3484375 0.07109375 0.365625
0 0.81015625 0.3265625 0.05703125 0.31875
0 0.44296875 0.31875 0.0359375 0.315625
0 0.71171875 0.321875 0.05078125 0.31171875