0 0.4984375 0.33515625 0.04296875 0.3515625
0 0.66328125 0.36796875 0.06484375 0.4203125
0 0.3390625 0.36953125 0.04921875 0.43828125
0 0.484375 0.32421875 0.0390625 0.3265625
0 0.084375 0.3140625 0.0515625 0.31640625
0 0.1140625 0.2984375 0.04296875 0.28046875
0 0.82265625 0.3265625 0.05703125 0.31875
0 0.91640625 0.33515625 0.06640625 0.33359375
0 0.87734375 0.34609375 0.06875 0.36015625
0 0.75546875 0.33828125 0.059375 0.346875
0 0.01484375 0.31328125 0.02890625 0.31875
0 0.25234375 0.43125 0.07265625 0.5859375
0 0.66015625 0.2890625 0.0359375 0.23828125
0 0.71484375 0.321875 0.05078125 0.31328125
0 0.6578125 0.29140625 0.03671875 0.24296875
0 0.0140625 0.3046875 0.028125 0.3