0 0.75078125 0.3390625 0.059375 0.35
0 0.66328125 0.36796875 0.06484375 0.4203125
0 0.50390625 0.3359375 0.04375 0.3515625
0 0.1171875 0.29609375 0.0421875 0.27578125
0 0.309375 0.3328125 0.03984375 0.353125
0 0.78046875 0.2984375 0.04453125 0.2546875
0 0.9375 0.3359375 0.06796875 0.33515625
0 0.81796875 0.3265625 0.0578125 0.31875
0 0.4765625 0.32421875 0.0390625 0.3265625
0 0.01875 0.30234375 0.0375 0.2953125
0 0.878125 0.346875 0.06953125 0.3640625
0 0.01484375 0.31328125 0.0296875 0.3203125
0 0.775 0.30703125 0.04765625 0.27578125
0 0.7328125 0.2890625 0.03828125 0.23359375
0 0.715625 0.32421875 0.0515625 0.31796875
0 0.0765625 0.3125 0.05078125 0.3140625
0 0.22734375 0.32890625 0.04453125 0.34609375
0 0.82109375 0.28046875 0.03828125 0.2109375