0 0.14140625 0.29140625 0.03828125 0.26171875
0 0.11796875 0.2859375 0.03828125 0.24921875
0 0.025 0.28828125 0.0453125 0.26015625
0 0.95546875 0.2890625 0.04609375 0.22421875
0 0.771875 0.31015625 0.0484375 0.28125
0 0.63828125 0.30703125 0.04140625 0.2796875
0 0.2671875 0.30546875 0.03515625 0.28984375
0 0.22578125 0.29296875 0.03359375 0.2609375
0 0.94609375 0.2828125 0.04296875 0.21171875
0 0.83984375 0.303125 0.04765625 0.26171875
0 0.6234375 0.36328125 0.06015625 0.4109375
0 0.46875 0.31875 0.03671875 0.31328125