0 0.8296875 0.28203125 0.0390625 0.2140625
0 0.14375 0.28125 0.03515625 0.2390625
0 0.2 0.30703125 0.03984375 0.2984375
0 0.85390625 0.3515625 0.07109375 0.37578125
0 0.6296875 0.32890625 0.0484375 0.33046875
0 0.01875 0.29296875 0.0375 0.2703125
0 0.0203125 0.303125 0.040625 0.2953125
0 0.328125 0.3046875 0.03203125 0.28515625
0 0.7375 0.31640625 0.04921875 0.296875
0 0.809375 0.32578125 0.05625 0.31640625
0 0.18515625 0.3234375 0.04609375 0.33515625
0 0.43671875 0.31796875 0.03515625 0.3140625
0 0.71328125 0.34609375 0.059375 0.36796875
0 0.90234375 0.3359375 0.065625 0.3359375
0 0.71875 0.28125 0.03515625 0.21640625