0 0.28203125 0.54296875 0.19765625 0.909375
0 0.6578125 0.3828125 0.0875 0.415625
0 0.49375 0.34375 0.05859375 0.36796875
0 0.40859375 0.140625 0.03125 0.1703125
0 0.56015625 0.14296875 0.03671875 0.18515625
0 0.71875 0.340625 0.05703125 0.30078125
0 0.765625 0.34453125 0.07421875 0.325
0 0.82109375 0.3390625 0.06015625 0.30078125
0 0.1109375 0.29921875 0.06484375 0.28984375
0 0.88359375 0.35234375 0.09140625 0.37890625
0 0.32109375 0.153125 0.03515625 0.1859375
0 0.67890625 0.11640625 0.03203125 0.128125
0 0.6453125 0.14765625 0.03515625 0.17109375
0 0.08125 0.328125 0.05625 0.28984375
0 0.0234375 0.3328125 0.04609375 0.29140625
0 0.47265625 0.16484375 0.03359375 0.1703125
0 0.52578125 0.16328125 0.02734375 0.1859375
0 0.28125 0.09296875 0.03203125 0.090625
0 0.50390625 0.140625 0.028125 0.15546875
0 0.77109375 0.20078125 0.04296875 0.1015625
0 0.45078125 0.15390625 0.01875 0.121875
0 0.06015625 0.24453125 0.0453125 0.2140625
0 0.01796875 0.18671875 0.03203125 0.08984375
0 0.928125 0.34765625 0.0671875 0.3265625
0 0.72421875 0.1515625 0.02734375 0.121875