0 0.7171875 0.32265625 0.05078125 0.31171875
0 0.03125 0.30390625 0.05078125 0.296875
0 0.73828125 0.29609375 0.04140625 0.24921875
0 0.48046875 0.29453125 0.03046875 0.25546875
0 0.49765625 0.28671875 0.02890625 0.2390625
0 0.8328125 0.32890625 0.05859375 0.3234375
0 0.50546875 0.30859375 0.0359375 0.28828125
0 0.0984375 0.29375 0.0421875 0.26953125
0 0.5 0.33515625 0.04296875 0.35
0 0.7609375 0.33984375 0.06015625 0.3515625
0 0.996875 0.2921875 0.00546875 0.23046875
0 0.659375 0.365625 0.06328125 0.415625
0 0.925 0.3359375 0.06640625 0.334375
0 0.47578125 0.3234375 0.03828125 0.325
0 0.03515625 0.3140625 0.05546875 0.31875
0 0.884375 0.34765625 0.0703125 0.3640625