0 0.97734375 0.3390625 0.04453125 0.340625
0 0.8140625 0.328125 0.05703125 0.3203125
0 0.0984375 0.28359375 0.0390625 0.24453125
0 0.46484375 0.27890625 0.02578125 0.22109375
0 0.90625 0.334375 0.06484375 0.33125
0 0.62421875 0.3640625 0.06015625 0.41328125
0 0.75703125 0.33671875 0.05859375 0.34375
0 0.29375 0.2890625 0.02890625 0.25
0 0.71171875 0.321875 0.05078125 0.31171875
0 0.92578125 0.3171875 0.05859375 0.29140625
0 0.44296875 0.31875 0.0359375 0.315625
0 0.89296875 0.3484375 0.07109375 0.365625