0 0.7171875 0.32265625 0.05078125 0.31171875
0 0.49296875 0.28359375 0.028125 0.2296875
0 0.4828125 0.3234375 0.0390625 0.325
0 0.08359375 0.29296875 0.04296875 0.26953125
0 0.709375 0.2875 0.03671875 0.23046875
0 0.434375 0.30859375 0.0328125 0.29140625
0 0.91015625 0.28671875 0.04375 0.22109375
0 0.03359375 0.30390625 0.05078125 0.29609375
0 0.50078125 0.3359375 0.04296875 0.35078125
0 0.7609375 0.33984375 0.06015625 0.3515625
0 0.659375 0.365625 0.06328125 0.415625
0 0.48671875 0.2921875 0.03046875 0.25078125
0 0.8828125 0.346875 0.06953125 0.36328125
0 0.0484375 0.3109375 0.05234375 0.31328125
0 0.815625 0.3265625 0.05703125 0.31875
0 0.92578125 0.334375 0.06640625 0.33125