0 0.82890625 0.3265625 0.0578125 0.31796875
0 0.3265625 0.53359375 0.096875 0.828125
0 0.71484375 0.32421875 0.0515625 0.31640625
0 0.7625 0.3390625 0.06015625 0.35078125
0 0.04609375 0.2828125 0.04140625 0.246875
0 0.5484375 0.3125 0.0390625 0.2953125
0 0.5484375 0.321875 0.0421875 0.31796875
0 0.31015625 0.28046875 0.02578125 0.22890625
0 0.66328125 0.36796875 0.06484375 0.4203125
0 0.88359375 0.34765625 0.07109375 0.365625
0 0.30703125 0.28671875 0.028125 0.24609375
0 0.925 0.33671875 0.06796875 0.3390625
0 0.553125 0.27890625 0.02890625 0.21640625