0 0.775 0.340625 0.0609375 0.35078125
0 0.11640625 0.3 0.04375 0.28359375
0 0.9484375 0.340625 0.07109375 0.34609375
0 0.63984375 0.365625 0.06171875 0.415625
0 0.88046875 0.35078125 0.071875 0.371875
0 0.27578125 0.296875 0.03203125 0.26953125
0 0.8265625 0.28515625 0.03984375 0.221875
0 0.025 0.315625 0.05 0.325
0 0.8625 0.28203125 0.03984375 0.21328125
0 0.46171875 0.31953125 0.03671875 0.31796875
0 0.828125 0.32421875 0.05703125 0.3109375
0 0.70859375 0.321875 0.05 0.31171875
0 0.30546875 0.5125 0.09296875 0.77890625
0 0.28125 0.553125 0.11796875 0.89140625