0 0.0078125 0.29140625 0.01484375 0.26796875
0 0.63671875 0.35703125 0.05859375 0.396875
0 0.82890625 0.30546875 0.0484375 0.26796875
0 0.984375 0.28515625 0.03046875 0.21484375
0 0.62890625 0.309375 0.04140625 0.28515625
0 0.77578125 0.3140625 0.05 0.290625
0 0.99296875 0.29140625 0.01328125 0.2296875
0 0.06171875 0.28984375 0.04296875 0.2609375
0 0.09140625 0.29765625 0.04453125 0.27890625
0 0.26484375 0.30546875 0.03515625 0.28984375
0 0.2234375 0.29296875 0.03359375 0.2609375
0 0.4703125 0.31875 0.03671875 0.3140625