0 0.09609375 0.3 0.04453125 0.28515625
0 0.14765625 0.28203125 0.03515625 0.23984375
0 0.0671875 0.29296875 0.04453125 0.26953125
0 0.6296875 0.32890625 0.0484375 0.33046875
0 0.475 0.2921875 0.0296875 0.25078125
0 0.159375 0.30625 0.04296875 0.2953125
0 0.14765625 0.290625 0.03828125 0.2609375
0 0.29453125 0.30078125 0.03203125 0.2765625
0 0.896875 0.3328125 0.0640625 0.32890625
0 0.83984375 0.3515625 0.06953125 0.375
0 0.7953125 0.3265625 0.05703125 0.3203125
0 0.1234375 0.32109375 0.05078125 0.33203125
0 0.64609375 0.35859375 0.06015625 0.40078125
0 0.43671875 0.31796875 0.03515625 0.3140625
0 0.7328125 0.31796875 0.04921875 0.30078125