0 0.10859375 0.29765625 0.04375 0.27890625
0 0.46640625 0.325 0.03828125 0.328125
0 0.91171875 0.33671875 0.0671875 0.3390625
0 0.81953125 0.32734375 0.0578125 0.31953125
0 0.71484375 0.32421875 0.0515625 0.31640625
0 0.88046875 0.346875 0.06953125 0.36328125
0 0.996875 0.2828125 0.0046875 0.20859375
0 0.01640625 0.3125 0.03203125 0.31796875
0 0.00234375 0.28828125 0.0046875 0.2640625
0 0.26640625 0.35078125 0.04765625 0.3953125
0 0.50390625 0.33515625 0.04375 0.35
0 0.65859375 0.36640625 0.06328125 0.41875
0 0.60390625 0.2890625 0.03359375 0.23984375
0 0.76875 0.33515625 0.05859375 0.340625
0 0.31171875 0.31953125 0.03671875 0.321875
0 0.0703125 0.31328125 0.05234375 0.31640625
0 0.0078125 0.30625 0.01484375 0.303125
0 0.99375 0.33671875 0.01171875 0.33515625