0 0.66328125 0.36796875 0.06484375 0.4203125
0 0.93203125 0.303125 0.0515625 0.25703125
0 0.48515625 0.325 0.03984375 0.328125
0 0.1140625 0.2984375 0.04296875 0.28046875
0 0.01875 0.303125 0.0375 0.296875
0 0.06015625 0.53359375 0.1203125 0.9296875
0 0.82265625 0.3265625 0.05703125 0.31875
0 0.91640625 0.33515625 0.06640625 0.33359375
0 0.9484375 0.3109375 0.05625 0.275
0 0.5015625 0.3359375 0.04375 0.353125
0 0.75546875 0.33828125 0.059375 0.346875
0 0.0203125 0.3140625 0.03984375 0.3203125
0 0.084375 0.3140625 0.0515625 0.31640625
0 0.88359375 0.34765625 0.07109375 0.365625
0 0.359375 0.5265625 0.09296875 0.8109375
0 0.71484375 0.321875 0.05078125 0.31328125