0 0.71796875 0.3234375 0.05078125 0.315625
0 0.08125 0.3140625 0.0515625 0.31640625
0 0.40625 0.30546875 0.03203125 0.28515625
0 0.81953125 0.32578125 0.05703125 0.31640625
0 0.66640625 0.365625 0.0640625 0.41640625
0 0.01953125 0.30390625 0.03828125 0.296875
0 0.75546875 0.33671875 0.05859375 0.34453125
0 0.49921875 0.3359375 0.04375 0.35390625
0 0.01015625 0.31796875 0.0203125 0.3296875
0 0.66875 0.29921875 0.03984375 0.26015625
0 0.8796875 0.34921875 0.0703125 0.36875
0 0.81328125 0.3078125 0.04921875 0.275
0 0.48671875 0.32421875 0.03984375 0.3265625
0 0.93359375 0.33671875 0.06796875 0.3390625
0 0.1078125 0.296875 0.04296875 0.278125
0 0.371875 0.29921875 0.03046875 0.271875