0 0.7140625 0.321875 0.05 0.31015625
0 0.89375 0.2890625 0.04453125 0.22890625
0 0.153125 0.31328125 0.04609375 0.3140625
0 0.7953125 0.28671875 0.03984375 0.228125
0 0.64453125 0.36796875 0.06328125 0.42109375
0 0.9453125 0.3390625 0.06953125 0.34296875
0 0.83515625 0.3265625 0.05859375 0.31875
0 0.88984375 0.3453125 0.06953125 0.359375
0 0.1796875 0.3234375 0.04765625 0.3359375
0 0.7703125 0.33828125 0.059375 0.34609375
0 0.7890625 0.28203125 0.03828125 0.21640625
0 0.909375 0.284375 0.0421875 0.21640625
0 0.43515625 0.31875 0.03515625 0.31484375