0 0.75 0.33671875 0.0578125 0.34375
0 0.009375 0.36015625 0.01796875 0.4296875
0 0.89375 0.3484375 0.07109375 0.36484375
0 0.44453125 0.27890625 0.02578125 0.2234375
0 0.6421875 0.36640625 0.0625 0.41875
0 0.91875 0.334375 0.06640625 0.33203125
0 0.8109375 0.3265625 0.05703125 0.31796875
0 0.15078125 0.28046875 0.034375 0.23671875
0 0.71171875 0.321875 0.05078125 0.31171875
0 0.9703125 0.284375 0.04453125 0.21328125
0 0.2203125 0.29140625 0.03359375 0.25859375
0 0.4484375 0.31875 0.0359375 0.315625