0 0.07578125 0.31328125 0.05078125 0.31484375
0 0.759375 0.2984375 0.04296875 0.2546875
0 0.0171875 0.31328125 0.03359375 0.31953125
0 0.66015625 0.365625 0.06328125 0.41640625
0 0.79765625 0.2796875 0.03671875 0.209375
0 0.9171875 0.33046875 0.0640625 0.32421875
0 0.81796875 0.3265625 0.0578125 0.31875
0 0.77578125 0.30703125 0.04765625 0.27421875
0 0.88359375 0.34765625 0.07109375 0.365625
0 0.71796875 0.2859375 0.03671875 0.228125
0 0.475 0.32578125 0.0390625 0.32890625
0 0.01640625 0.30390625 0.03203125 0.29609375
0 0.11484375 0.296875 0.04296875 0.2765625
0 0.31171875 0.325 0.03828125 0.33515625
0 0.753125 0.3390625 0.05859375 0.35
0 0.25859375 0.31796875 0.0390625 0.31875
0 0.49765625 0.33671875 0.04375 0.3546875
0 0.715625 0.32421875 0.0515625 0.31796875