0 0.44921875 0.31953125 0.03671875 0.31796875
0 0.76171875 0.2890625 0.03984375 0.234375
0 0.91875 0.334375 0.06640625 0.33203125
0 0.6421875 0.36640625 0.0625 0.41875
0 0.0703125 0.334375 0.06015625 0.365625
0 0.71015625 0.321875 0.05 0.31171875
0 0.7421875 0.2921875 0.03984375 0.24140625
0 0.03125 0.284375 0.04296875 0.25
0 0.44453125 0.27890625 0.025 0.22109375
0 0.89296875 0.3484375 0.07109375 0.365625
0 0.86796875 0.27890625 0.0390625 0.20625
0 0.81171875 0.3265625 0.05703125 0.31875
0 0.75546875 0.3359375 0.0578125 0.34296875