0 0.865625 0.28046875 0.0390625 0.209375
0 0.46484375 0.29296875 0.0296875 0.2546875
0 0.640625 0.36796875 0.06328125 0.4203125
0 0.8328125 0.3265625 0.05859375 0.31875
0 0.94453125 0.2890625 0.04609375 0.2265625
0 0.94296875 0.27890625 0.040625 0.2015625
0 0.434375 0.31796875 0.0359375 0.3140625
0 0.86875 0.346875 0.06953125 0.3640625
0 0.7703125 0.33828125 0.059375 0.34609375
0 0.04375 0.28125 0.04140625 0.24296875
0 0.50390625 0.30078125 0.03359375 0.26953125
0 0.98125 0.35078125 0.0359375 0.36796875
0 0.740625 0.3140625 0.04921875 0.29140625