0 0.4484375 0.31953125 0.0359375 0.31640625
0 0.01796875 0.31015625 0.0359375 0.3109375
0 0.9484375 0.340625 0.07109375 0.34609375
0 0.63984375 0.365625 0.06171875 0.415625
0 0.88046875 0.35078125 0.071875 0.371875
0 0.76015625 0.27890625 0.03515625 0.21015625
0 0.70859375 0.321875 0.05 0.31171875
0 0.828125 0.32421875 0.05703125 0.3109375
0 0.33515625 0.296875 0.03046875 0.26796875
0 0.0734375 0.515625 0.13203125 0.79609375
0 0.0296875 0.546875 0.059375 0.90390625
0 0.77578125 0.33828125 0.06015625 0.346875