0 0.4984375 0.33515625 0.04296875 0.3515625
0 0.66328125 0.36796875 0.06484375 0.4203125
0 0.484375 0.32421875 0.0390625 0.3265625
0 0.08671875 0.3140625 0.05078125 0.31640625
0 0.63984375 0.28671875 0.034375 0.23359375
0 0.82265625 0.3265625 0.05703125 0.31875
0 0.91640625 0.33515625 0.06640625 0.33359375
0 0.0109375 0.3046875 0.021875 0.3
0 0.75546875 0.33828125 0.059375 0.346875
0 0.01484375 0.31328125 0.02890625 0.31875
0 0.88359375 0.34765625 0.07109375 0.365625
0 0.33671875 0.35546875 0.04609375 0.40546875
0 0.11953125 0.29765625 0.04296875 0.27890625
0 0.71484375 0.321875 0.05078125 0.31328125
0 0.62578125 0.290625 0.03515625 0.24140625
0 0.25859375 0.40390625 0.06484375 0.5234375