0 0.89921875 0.334375 0.06484375 0.33359375
0 0.96875 0.3578125 0.0609375 0.384375
0 0.62421875 0.3640625 0.06015625 0.41328125
0 0.31953125 0.28125 0.02578125 0.23046875
0 0.75703125 0.33671875 0.05859375 0.34375
0 0.059375 0.35625 0.0703125 0.41875
0 0.09453125 0.28203125 0.0390625 0.24453125
0 0.71171875 0.321875 0.05078125 0.31171875
0 0.98359375 0.32890625 0.03203125 0.31640625
0 0.89296875 0.3484375 0.07109375 0.365625
0 0.81015625 0.3265625 0.05703125 0.31875
0 0.44296875 0.31875 0.0359375 0.315625
0 0.4640625 0.27890625 0.02578125 0.22109375
0 0.00859375 0.29453125 0.0171875 0.27578125