0 0.77578125 0.28203125 0.0375 0.21640625
0 0.86796875 0.2828125 0.040625 0.2140625
0 0.66015625 0.365625 0.06328125 0.41640625
0 0.76171875 0.29453125 0.04140625 0.24609375
0 0.75703125 0.3390625 0.059375 0.35078125
0 0.38359375 0.35390625 0.04453125 0.39921875
0 0.8203125 0.3265625 0.0578125 0.31875
0 0.0203125 0.3125 0.03984375 0.31796875
0 0.765625 0.30703125 0.04765625 0.27578125
0 0.93984375 0.33828125 0.06875 0.3390625
0 0.715625 0.32421875 0.0515625 0.31796875
0 0.0203125 0.303125 0.040625 0.2953125
0 0.8296875 0.30234375 0.04765625 0.26171875
0 0.8796875 0.34609375 0.06953125 0.36015625
0 0.1109375 0.29609375 0.04296875 0.27578125
0 0.25625 0.353125 0.04921875 0.4015625
0 0.5 0.33671875 0.04375 0.3546875
0 0.475 0.32578125 0.0390625 0.32890625
0 0.07265625 0.31328125 0.05234375 0.315625