0 0.80390625 0.29921875 0.04453125 0.25390625
0 0.5015625 0.3359375 0.04375 0.353125
0 0.1140625 0.2984375 0.04296875 0.28046875
0 0.1625 0.55390625 0.13359375 0.88984375
0 0.66328125 0.36796875 0.06484375 0.4203125
0 0.82265625 0.3265625 0.05703125 0.31875
0 0.91640625 0.33515625 0.06640625 0.33359375
0 0.01640625 0.30390625 0.0328125 0.2984375
0 0.01328125 0.2875 0.0265625 0.25859375
0 0.75546875 0.33828125 0.059375 0.346875
0 0.01484375 0.31328125 0.02890625 0.31875
0 0.80234375 0.303125 0.046875 0.26328125
0 0.084375 0.3140625 0.0515625 0.31640625
0 0.71484375 0.321875 0.05078125 0.31328125
0 0.4875 0.32578125 0.03984375 0.32890625
0 0.37421875 0.44375 0.06953125 0.61171875