0 0.81640625 0.32890625 0.05859375 0.321875
0 0.02265625 0.30546875 0.04453125 0.3
0 0.8875 0.346875 0.0703125 0.36328125
0 0.92421875 0.30546875 0.05234375 0.26484375
0 0.44375 0.31953125 0.03671875 0.31796875
0 0.44609375 0.2796875 0.025 0.221875
0 0.75703125 0.33671875 0.05859375 0.34375
0 0.71015625 0.321875 0.05 0.31171875
0 0.91875 0.334375 0.06640625 0.33203125
0 0.73671875 0.29140625 0.03984375 0.23828125
0 0.15234375 0.28203125 0.03515625 0.240625
0 0.9203125 0.309375 0.0546875 0.275
0 0.61640625 0.36640625 0.0609375 0.4203125