0 0.91796875 0.33515625 0.06640625 0.33515625
0 0.4890625 0.41796875 0.0671875 0.546875
0 0.8125 0.32734375 0.05703125 0.31953125
0 0.55546875 0.4421875 0.08046875 0.60078125
0 0.26953125 0.284375 0.02890625 0.240625
0 0.76171875 0.33828125 0.059375 0.346875
0 0.440625 0.31875 0.0359375 0.315625
0 0.3125 0.28359375 0.0265625 0.23828125
0 0.47734375 0.28203125 0.02734375 0.228125
0 0.89140625 0.3484375 0.0703125 0.36484375
0 0.7125 0.321875 0.05078125 0.31328125
0 0.62421875 0.3640625 0.06015625 0.41328125