0 0.81953125 0.32734375 0.0578125 0.31953125
0 0.01015625 0.303125 0.0203125 0.29453125
0 0.11640625 0.296875 0.04296875 0.278125
0 0.9171875 0.33046875 0.0640625 0.32421875
0 0.6578125 0.3640625 0.06328125 0.4140625
0 0.50234375 0.33671875 0.04375 0.3546875
0 0.759375 0.278125 0.03515625 0.20703125
0 0.871875 0.34609375 0.06875 0.3609375
0 0.47421875 0.32421875 0.03828125 0.3265625
0 0.73125 0.2984375 0.0421875 0.25625
0 0.7 0.284375 0.0359375 0.225
0 0.0171875 0.3140625 0.034375 0.32109375
0 0.07421875 0.3125 0.0515625 0.3140625
0 0.27265625 0.3109375 0.03671875 0.30390625
0 0.753125 0.3390625 0.05859375 0.35
0 0.33671875 0.31796875 0.03515625 0.31796875
0 0.7828125 0.30625 0.04765625 0.27109375
0 0.71484375 0.32421875 0.0515625 0.31640625