0 0.775 0.340625 0.0609375 0.35078125
0 0.19921875 0.2890625 0.034375 0.2546875
0 0.14609375 0.28125 0.03515625 0.2390625
0 0.65703125 0.36796875 0.0640625 0.4203125
0 0.56171875 0.4796875 0.09375 0.690625
0 0.88046875 0.35078125 0.071875 0.371875
0 0.1109375 0.30078125 0.04453125 0.284375
0 0.94140625 0.2890625 0.04609375 0.2265625
0 0.21328125 0.30078125 0.0375 0.28046875
0 0.46171875 0.31953125 0.03671875 0.31796875
0 0.82109375 0.321875 0.05546875 0.30703125
0 0.93515625 0.3375 0.06875 0.33984375
0 0.92890625 0.29140625 0.046875 0.23359375
0 0.62578125 0.53515625 0.121875 0.8203125
0 0.709375 0.321875 0.05 0.31328125