0 0.66328125 0.36796875 0.06484375 0.4203125
0 0.48515625 0.325 0.03984375 0.328125
0 0.71484375 0.321875 0.05078125 0.31328125
0 0.1140625 0.2984375 0.04296875 0.28046875
0 0.7609375 0.33828125 0.059375 0.34921875
0 0.82265625 0.3265625 0.05703125 0.31875
0 0.91640625 0.33515625 0.06640625 0.33359375
0 0.9828125 0.31171875 0.0328125 0.278125
0 0.5015625 0.3359375 0.04375 0.353125
0 0.01796875 0.3046875 0.03515625 0.2984375
0 0.0203125 0.3140625 0.03984375 0.3203125
0 0.084375 0.3140625 0.0515625 0.31640625
0 0.321875 0.55390625 0.1125 0.88984375
0 0.98515625 0.30546875 0.02890625 0.26015625
0 0.875 0.34921875 0.0703125 0.36953125