0 0.9171875 0.334375 0.06640625 0.33125
0 0.71015625 0.321875 0.05 0.31171875
0 0.8875 0.346875 0.0703125 0.36328125
0 0.04453125 0.290625 0.04453125 0.2640625
0 0.44375 0.31953125 0.03671875 0.31796875
0 0.44609375 0.2796875 0.025 0.221875
0 0.7578125 0.33671875 0.05859375 0.34453125
0 0.7984375 0.29921875 0.0453125 0.25625
0 0.81640625 0.32890625 0.05859375 0.321875
0 0.109375 0.2984375 0.04375 0.28046875
0 0.62421875 0.3640625 0.06015625 0.41328125
0 0.9453125 0.31015625 0.05546875 0.27421875
0 0.96953125 0.31640625 0.059375 0.2890625