0 0.228125 0.29140625 0.03359375 0.25859375
0 0.81640625 0.296875 0.04453125 0.24921875
0 0.02734375 0.30234375 0.05078125 0.29375
0 0.6609375 0.3015625 0.040625 0.265625
0 0.465625 0.31953125 0.03671875 0.31484375
0 0.10703125 0.28125 0.0375 0.240625
0 0.20859375 0.28359375 0.03203125 0.240625
0 0.86484375 0.28359375 0.040625 0.215625
0 0.76328125 0.30078125 0.04453125 0.2609375
0 0.58203125 0.3734375 0.0609375 0.43828125
0 0.85390625 0.278125 0.03828125 0.2046875
0 0.2609375 0.30390625 0.03515625 0.28671875