0 0.81875 0.328125 0.0578125 0.3203125
0 0.66328125 0.36796875 0.06484375 0.4203125
0 0.59140625 0.28046875 0.03046875 0.21953125
0 0.3203125 0.32890625 0.03828125 0.34375
0 0.484375 0.32421875 0.0390625 0.3265625
0 0.71484375 0.321875 0.05078125 0.31328125
0 0.12421875 0.29765625 0.0421875 0.27890625
0 0.0078125 0.30703125 0.01484375 0.30546875
0 0.91640625 0.33515625 0.06640625 0.33359375
0 0.88203125 0.346875 0.0703125 0.36484375
0 0.08671875 0.3140625 0.05078125 0.31640625
0 0.00625 0.2859375 0.0125 0.25625
0 0.75546875 0.33828125 0.059375 0.346875
0 0.0125 0.31484375 0.025 0.3234375
0 0.26640625 0.365625 0.05234375 0.43046875
0 0.6015625 0.28984375 0.034375 0.240625
0 0.4984375 0.33515625 0.04296875 0.3515625