0 0.2234375 0.28203125 0.03046875 0.23828125
0 0.8578125 0.35234375 0.07109375 0.3765625
0 0.4375 0.31875 0.03515625 0.31484375
0 0.915625 0.33671875 0.0671875 0.3390625
0 0.40625 0.465625 0.07578125 0.66328125
0 0.6328125 0.3296875 0.04921875 0.33125
0 0.95546875 0.303125 0.05234375 0.25703125
0 0.74765625 0.340625 0.059375 0.35390625
0 0.81953125 0.328125 0.05859375 0.32109375
0 0.73671875 0.315625 0.04921875 0.29609375
0 0.27109375 0.290625 0.03046875 0.25546875
0 0.9171875 0.29453125 0.04765625 0.2390625