0 0.075 0.28359375 0.040625 0.246875
0 0.11484375 0.2890625 0.03984375 0.25859375
0 0.01484375 0.284375 0.0296875 0.253125
0 0.4734375 0.28203125 0.0265625 0.228125
0 0.9421875 0.4703125 0.11484375 0.6515625
0 0.9296875 0.3328125 0.065625 0.32890625
0 0.8875 0.346875 0.0703125 0.36328125
0 0.76328125 0.3390625 0.06015625 0.3484375
0 0.6328125 0.36484375 0.0609375 0.41484375
0 0.44140625 0.31953125 0.0359375 0.31796875
0 0.7140625 0.32265625 0.05078125 0.3140625
0 0.8140625 0.3265625 0.05703125 0.31796875