0 0.84765625 0.29765625 0.04609375 0.24921875
0 0.99140625 0.2875 0.01640625 0.21953125
0 0.82890625 0.30234375 0.04765625 0.26015625
0 0.60703125 0.36640625 0.06015625 0.4203125
0 0.44609375 0.2796875 0.025 0.221875
0 0.44375 0.31953125 0.0359375 0.31640625
0 0.815625 0.328125 0.0578125 0.32109375
0 0.71015625 0.321875 0.05 0.31171875
0 0.91875 0.334375 0.06640625 0.33203125
0 0.6828125 0.2828125 0.03515625 0.22109375
0 0.0515625 0.3203125 0.05703125 0.33359375
0 0.89296875 0.3484375 0.07109375 0.365625
0 0.75546875 0.3359375 0.0578125 0.34296875