0 0.04296875 0.33125 0.06171875 0.3609375
0 0.4390625 0.31796875 0.03515625 0.31328125
0 0.98515625 0.290625 0.028125 0.2265625
0 0.95 0.33671875 0.06953125 0.33671875
0 0.87890625 0.29375 0.0453125 0.2390625
0 0.81171875 0.32890625 0.05859375 0.32421875
0 0.7140625 0.321875 0.05078125 0.3109375
0 0.9796875 0.29296875 0.03984375 0.23359375
0 0.64296875 0.365625 0.06171875 0.415625
0 0.88671875 0.34765625 0.07109375 0.365625
0 0.77890625 0.340625 0.06171875 0.3515625
0 0.0171875 0.321875 0.034375 0.340625
0 0.8765625 0.2890625 0.04375 0.228125