0 0.89296875 0.48828125 0.13671875 0.696875
0 0.75546875 0.33671875 0.05859375 0.34453125
0 0.0890625 0.3125 0.05 0.3140625
0 0.9703125 0.43125 0.05859375 0.55625
0 0.33671875 0.29609375 0.0296875 0.265625
0 0.01171875 0.30546875 0.0234375 0.3015625
0 0.82734375 0.33046875 0.059375 0.325
0 0.0203125 0.3125 0.03984375 0.31796875
0 0.71484375 0.32421875 0.0515625 0.31640625
0 0.91796875 0.2765625 0.0390625 0.1984375
0 0.88671875 0.34765625 0.07109375 0.365625
0 0.93046875 0.2859375 0.04375 0.21796875
0 0.65703125 0.36640625 0.06328125 0.41796875
0 0.93671875 0.54765625 0.12578125 0.8359375
0 0.115625 0.29765625 0.04296875 0.27890625
0 0.9734375 0.3984375 0.05234375 0.478125
0 0.29609375 0.31640625 0.03671875 0.3140625
0 0.91796875 0.33515625 0.06640625 0.33515625
0 0.49921875 0.3359375 0.04375 0.35390625
0 0.8921875 0.28046875 0.03984375 0.20703125
0 0.94296875 0.32265625 0.06171875 0.3046875
0 0.63359375 0.290625 0.03515625 0.24296875
0 0.47734375 0.32734375 0.03984375 0.33203125