0 0.0859375 0.29921875 0.0453125 0.28359375
0 0.81484375 0.32578125 0.05703125 0.31640625
0 0.48515625 0.321875 0.03828125 0.3203125
0 0.9234375 0.33515625 0.06640625 0.33359375
0 0.7140625 0.32265625 0.05078125 0.3140625
0 0.47890625 0.2796875 0.02578125 0.221875
0 0.7609375 0.33984375 0.06015625 0.3515625
0 0.88671875 0.34609375 0.06953125 0.36015625
0 0.659375 0.365625 0.06328125 0.415625
0 0.234375 0.30625 0.0375 0.29375
0 0.48828125 0.33828125 0.04296875 0.35859375
0 0.09921875 0.3265625 0.0546875 0.34609375
0 0.10234375 0.2890625 0.040625 0.25859375
0 0.54140625 0.28515625 0.03046875 0.23359375