0 0.16953125 0.28671875 0.0359375 0.25078125
0 0.64765625 0.30390625 0.040625 0.271875
0 0.16015625 0.28046875 0.034375 0.23671875
0 0.58671875 0.36796875 0.059375 0.425
0 0.26015625 0.3046875 0.03515625 0.2890625
0 0.071875 0.284375 0.04140625 0.2484375
0 0.81953125 0.3 0.04609375 0.25546875
0 0.8890625 0.28046875 0.03984375 0.20625
0 0.76640625 0.3046875 0.04609375 0.26875
0 0.465625 0.31953125 0.03671875 0.31484375
0 0.91171875 0.2859375 0.04296875 0.2203125
0 0.22578125 0.29140625 0.03359375 0.259375