0 0.01328125 0.3171875 0.0265625 0.32890625
0 0.01640625 0.30390625 0.03203125 0.29609375
0 0.71328125 0.3234375 0.05078125 0.315625
0 0.91484375 0.33046875 0.0640625 0.32421875
0 0.684375 0.28203125 0.03359375 0.2203125
0 0.0765625 0.3125 0.05078125 0.3140625
0 0.49765625 0.33671875 0.04375 0.3546875
0 0.11640625 0.296875 0.04296875 0.278125
0 0.87421875 0.34765625 0.06953125 0.365625
0 0.6671875 0.36484375 0.06328125 0.41328125
0 0.34765625 0.3140625 0.034375 0.30703125
0 0.75703125 0.33828125 0.05859375 0.34921875
0 0.7859375 0.30546875 0.04765625 0.2703125
0 0.821875 0.32734375 0.0578125 0.31953125
0 0.709375 0.29921875 0.04140625 0.25859375
0 0.475 0.32578125 0.0390625 0.32890625
0 0.31015625 0.30703125 0.03359375 0.29296875