0 0.09765625 0.28203125 0.03828125 0.24296875
0 0.61328125 0.2890625 0.034375 0.23984375
0 0.28515625 0.32578125 0.03984375 0.33671875
0 0.11015625 0.2984375 0.04375 0.28046875
0 0.753125 0.3375 0.05859375 0.3453125
0 0.878125 0.346875 0.06953125 0.3640625
0 0.96640625 0.27890625 0.04140625 0.2
0 0.01796875 0.3109375 0.0359375 0.315625
0 0.71484375 0.32421875 0.0515625 0.31640625
0 0.459375 0.325 0.03828125 0.328125
0 0.9125 0.334375 0.065625 0.33203125
0 0.65859375 0.36640625 0.06328125 0.41875
0 0.9765625 0.4828125 0.04609375 0.67890625
0 0.0171875 0.30625 0.03359375 0.303125
0 0.9671875 0.328125 0.0640625 0.315625
0 0.075 0.31328125 0.0515625 0.315625
0 0.82890625 0.328125 0.05859375 0.3203125
0 0.93828125 0.28125 0.0421875 0.209375
0 0.32109375 0.30234375 0.03125 0.28046875
0 0.4953125 0.334375 0.04296875 0.35078125
0 0.97734375 0.2859375 0.04453125 0.21640625