0 0.9828125 0.27734375 0.03359375 0.196875
0 0.86875 0.346875 0.06953125 0.3640625
0 0.9765625 0.34375 0.04609375 0.35078125
0 0.640625 0.36796875 0.06328125 0.4203125
0 0.16328125 0.2828125 0.03515625 0.24140625
0 0.4234375 0.296875 0.0296875 0.2640625
0 0.921875 0.2796875 0.03984375 0.20390625
0 0.8328125 0.3265625 0.05859375 0.31875
0 0.91640625 0.2828125 0.04140625 0.21171875
0 0.98359375 0.290625 0.03125 0.2265625
0 0.0109375 0.284375 0.021875 0.253125
0 0.121875 0.28125 0.03671875 0.240625
0 0.7703125 0.33828125 0.059375 0.34609375
0 0.43515625 0.31875 0.03515625 0.31484375
0 0.73203125 0.31640625 0.04921875 0.2984375
0 0.9796875 0.28046875 0.03984375 0.20390625
0 0.46640625 0.303125 0.03203125 0.27578125