0 0.87421875 0.3484375 0.06953125 0.36640625
0 0.7140625 0.321875 0.05 0.31015625
0 0.640625 0.36796875 0.06328125 0.4203125
0 0.31796875 0.31328125 0.034375 0.30625
0 0.00390625 0.29140625 0.00703125 0.26796875
0 0.9453125 0.3390625 0.06953125 0.34296875
0 0.278125 0.30546875 0.034375 0.28984375
0 0.71484375 0.28125 0.03515625 0.21640625
0 0.83515625 0.3265625 0.05859375 0.31875
0 0.43515625 0.31875 0.03515625 0.31484375
0 0.7703125 0.33828125 0.059375 0.34609375
0 0.81015625 0.28359375 0.0390625 0.21953125
0 0.01640625 0.29375 0.0328125 0.275