0 0.8125 0.3265625 0.05703125 0.31796875
0 0.9828125 0.29140625 0.0328125 0.2296875
0 0.4578125 0.32109375 0.03671875 0.31953125
0 0.0984375 0.28125 0.03828125 0.23984375
0 0.6515625 0.36640625 0.06328125 0.41796875
0 0.98515625 0.29609375 0.02890625 0.23984375
0 0.71484375 0.321875 0.05078125 0.31328125
0 0.22109375 0.284375 0.03203125 0.24296875
0 0.8796875 0.34921875 0.0703125 0.36875
0 0.75234375 0.51953125 0.13359375 0.77890625
0 0.95078125 0.3359375 0.06875 0.33515625
0 0.146875 0.29453125 0.03984375 0.26875
0 0.778125 0.33828125 0.06015625 0.346875
0 0.10234375 0.284375 0.0390625 0.24921875
0 0.690625 0.46875 0.1046875 0.65703125
0 0.17578125 0.30390625 0.040625 0.29140625