0 0.95546875 0.33984375 0.07109375 0.34453125
0 0.43515625 0.31875 0.03515625 0.31484375
0 0.640625 0.36796875 0.06328125 0.4203125
0 0.32578125 0.30390625 0.03203125 0.28359375
0 0.8328125 0.3265625 0.05859375 0.31875
0 0.0734375 0.290625 0.04296875 0.26171875
0 0.02734375 0.28671875 0.04453125 0.25703125
0 0.98828125 0.28359375 0.02265625 0.2109375
0 0.734375 0.3171875 0.04921875 0.29921875
0 0.7796875 0.28125 0.03671875 0.21484375
0 0.99765625 0.28671875 0.003125 0.21796875
0 0.7703125 0.33828125 0.059375 0.34609375
0 0.8703125 0.346875 0.06953125 0.36484375
0 0.37109375 0.309375 0.03359375 0.296875