0 0.07578125 0.28359375 0.03984375 0.24609375
0 0.86875 0.346875 0.06953125 0.3640625
0 0.43515625 0.31875 0.03515625 0.31484375
0 0.97109375 0.2859375 0.04453125 0.215625
0 0.640625 0.36796875 0.06328125 0.4203125
0 0.99765625 0.28984375 0.003125 0.22421875
0 0.8328125 0.3265625 0.05859375 0.31875
0 0.96796875 0.3421875 0.06328125 0.34921875
0 0.37578125 0.29921875 0.03046875 0.2703125
0 0.9765625 0.28203125 0.04375 0.20859375
0 0.12578125 0.28671875 0.03828125 0.253125
0 0.7703125 0.33828125 0.059375 0.34609375
0 0.73203125 0.31640625 0.04921875 0.2984375
0 0.4109375 0.30546875 0.03203125 0.284375