0 0.78828125 0.2921875 0.0421875 0.23984375
0 0.00859375 0.284375 0.0171875 0.253125
0 0.815625 0.328125 0.0578125 0.32109375
0 0.6421875 0.36640625 0.0625 0.41875
0 0.71015625 0.321875 0.05 0.31171875
0 0.91875 0.334375 0.06640625 0.33203125
0 0.7640625 0.2953125 0.0421875 0.2484375
0 0.44453125 0.31953125 0.03671875 0.31796875
0 0.9234375 0.28203125 0.04140625 0.2109375
0 0.44453125 0.27890625 0.025 0.22109375
0 0.89296875 0.3484375 0.07109375 0.365625
0 0.0515625 0.328125 0.059375 0.353125
0 0.75546875 0.3359375 0.0578125 0.34296875