0 0.009375 0.30546875 0.01796875 0.3015625
0 0.66328125 0.36796875 0.06484375 0.4203125
0 0.34296875 0.38671875 0.05390625 0.4796875
0 0.1140625 0.2984375 0.04296875 0.28046875
0 0.82265625 0.3265625 0.05703125 0.31875
0 0.91640625 0.33515625 0.06640625 0.33359375
0 0.5015625 0.3359375 0.04375 0.353125
0 0.75546875 0.33828125 0.059375 0.346875
0 0.01484375 0.31328125 0.02890625 0.31875
0 0.084375 0.3140625 0.0515625 0.31640625
0 0.7 0.29140625 0.03828125 0.240625
0 0.71484375 0.321875 0.05078125 0.31328125
0 0.234375 0.4640625 0.0859375 0.665625
0 0.875 0.34609375 0.06875 0.36015625
0 0.69609375 0.29609375 0.03984375 0.25078125
0 0.4875 0.32578125 0.03984375 0.32890625