0 0.93203125 0.30625 0.053125 0.265625
0 0.7609375 0.29453125 0.04140625 0.24609375
0 0.8875 0.346875 0.0703125 0.36328125
0 0.08359375 0.3015625 0.046875 0.2890625
0 0.09765625 0.28515625 0.03984375 0.25
0 0.44609375 0.2796875 0.025 0.221875
0 0.44375 0.31953125 0.0359375 0.31640625
0 0.75703125 0.33671875 0.05859375 0.34375
0 0.71015625 0.321875 0.05 0.31171875
0 0.91875 0.334375 0.06640625 0.33203125
0 0.94609375 0.3125 0.05703125 0.28046875
0 0.81640625 0.32890625 0.05859375 0.321875
0 0.6234375 0.36328125 0.06015625 0.4109375