0 0.36328125 0.29453125 0.02890625 0.26171875
0 0.72265625 0.31953125 0.05 0.30625
0 0.8234375 0.3421875 0.0640625 0.3546875
0 0.0453125 0.315625 0.05546875 0.321875
0 0.13671875 0.2859375 0.0375 0.24921875
0 0.20234375 0.28203125 0.03203125 0.2390625
0 0.6390625 0.32890625 0.04921875 0.3296875
0 0.54921875 0.28671875 0.03125 0.2359375
0 0.43671875 0.31796875 0.03515625 0.3140625
0 0.7890625 0.32734375 0.05625 0.32109375
0 0.909375 0.33359375 0.06484375 0.3296875
0 0.56875 0.3671875 0.0578125 0.4234375
0 0.2578125 0.29375 0.03203125 0.26328125
0 0.1703125 0.29296875 0.0375 0.26484375