0 0.6828125 0.28359375 0.034375 0.221875
0 0.7171875 0.32265625 0.05078125 0.31171875
0 0.4828125 0.3234375 0.0390625 0.325
0 0.390625 0.3078125 0.0328125 0.29140625
0 0.49140625 0.28203125 0.02734375 0.228125
0 0.9296875 0.33515625 0.0671875 0.33359375
0 0.08359375 0.29296875 0.04296875 0.26953125
0 0.05 0.31171875 0.053125 0.3140625
0 0.8875 0.346875 0.0703125 0.36328125
0 0.50078125 0.3359375 0.04296875 0.35078125
0 0.7609375 0.33984375 0.06015625 0.3515625
0 0.659375 0.365625 0.06328125 0.415625
0 0.053125 0.303125 0.04921875 0.29375
0 0.50625 0.290625 0.03046875 0.24609375
0 0.815625 0.3265625 0.05703125 0.31875
0 0.8546875 0.28359375 0.03984375 0.21640625