0 0.71953125 0.28671875 0.03671875 0.22890625
0 0.875 0.3015625 0.04921875 0.25703125
0 0.61328125 0.36484375 0.06015625 0.41484375
0 0.44375 0.31953125 0.03671875 0.31796875
0 0.44609375 0.2796875 0.025 0.221875
0 0.71015625 0.321875 0.05 0.31171875
0 0.91875 0.334375 0.06640625 0.33203125
0 0.88984375 0.34765625 0.07109375 0.3640625
0 0.8671875 0.30546875 0.05078125 0.26640625
0 0.81640625 0.32890625 0.05859375 0.321875
0 0.00859375 0.31171875 0.0171875 0.3171875
0 0.0125 0.3234375 0.02421875 0.34375
0 0.75546875 0.3359375 0.0578125 0.34296875