0 0.9859375 0.28828125 0.0265625 0.2234375
0 0.82109375 0.3265625 0.05703125 0.31796875
0 0.55390625 0.290625 0.03203125 0.24375
0 0.88671875 0.34921875 0.07109375 0.36953125
0 0.9609375 0.28046875 0.0421875 0.2046875
0 0.77421875 0.33828125 0.06015625 0.34609375
0 0.6515625 0.36640625 0.06328125 0.41796875
0 0.934375 0.2921875 0.046875 0.23203125
0 0.95625 0.29609375 0.04921875 0.24296875
0 0.43671875 0.3171875 0.03515625 0.31171875
0 0.95234375 0.33671875 0.06875 0.3359375
0 0.71171875 0.321875 0.05078125 0.31015625