0 0.00234375 0.28828125 0.0046875 0.2609375
0 0.44921875 0.5359375 0.09921875 0.8296875
0 0.55078125 0.32578125 0.04296875 0.3265625
0 0.55078125 0.31640625 0.040625 0.3046875
0 0.29296875 0.290625 0.02890625 0.2546875
0 0.71484375 0.32421875 0.0515625 0.31640625
0 0.24453125 0.28046875 0.02890625 0.23203125
0 0.925 0.33671875 0.06796875 0.3390625
0 0.88359375 0.34765625 0.07109375 0.365625
0 0.66328125 0.36796875 0.06484375 0.4203125
0 0.7625 0.3390625 0.06015625 0.35078125
0 0.82890625 0.325 0.05703125 0.31328125
0 0.55703125 0.28125 0.0296875 0.22109375
0 0.284375 0.28203125 0.02734375 0.23515625