0 0.5171875 0.3203125 0.03984375 0.31484375
0 0.19609375 0.2890625 0.034375 0.25390625
0 0.55859375 0.3265625 0.04375 0.3296875
0 0.71328125 0.3234375 0.05078125 0.315625
0 0.03046875 0.303125 0.05078125 0.29296875
0 0.88359375 0.34765625 0.07109375 0.365625
0 0.578125 0.28203125 0.03046875 0.22421875
0 0.925 0.33671875 0.06796875 0.3390625
0 0.9265625 0.5234375 0.14609375 0.778125
0 0.259375 0.3015625 0.03515625 0.28125
0 0.66328125 0.36796875 0.06484375 0.4203125
0 0.7625 0.3390625 0.06015625 0.35078125
0 0.8390625 0.3265625 0.05859375 0.31875
0 0.23125 0.28984375 0.03203125 0.25546875