0 0.91796875 0.33515625 0.06640625 0.33515625
0 0.253125 0.29453125 0.0328125 0.26484375
0 0.7515625 0.42421875 0.09296875 0.55
0 0.1953125 0.29140625 0.03515625 0.26015625
0 0.8125 0.32734375 0.05703125 0.31953125
0 0.44375 0.31953125 0.0359375 0.31640625
0 0.71875 0.39921875 0.08046875 0.49296875
0 0.75703125 0.33671875 0.05859375 0.34375
0 0.71171875 0.321875 0.05078125 0.31171875
0 0.47734375 0.28203125 0.02734375 0.228125
0 0.88984375 0.34765625 0.07109375 0.3640625
0 0.62421875 0.3640625 0.06015625 0.41328125