0 0.775 0.340625 0.0609375 0.35078125
0 0.25078125 0.29921875 0.034375 0.27578125
0 0.48125 0.55703125 0.1078125 0.8796875
0 0.0984375 0.30625 0.04765625 0.3
0 0.15078125 0.29453125 0.03984375 0.26953125
0 0.90703125 0.2859375 0.04296875 0.2203125
0 0.63984375 0.365625 0.06171875 0.415625
0 0.88046875 0.35078125 0.071875 0.371875
0 0.709375 0.321875 0.05 0.31328125
0 0.46171875 0.31953125 0.03671875 0.31796875
0 0.4390625 0.48828125 0.08359375 0.71484375
0 0.82109375 0.321875 0.05546875 0.30703125
0 0.93515625 0.3375 0.06875 0.33984375
0 0.890625 0.290625 0.04453125 0.23046875