0 0.66328125 0.36796875 0.06484375 0.4203125
0 0.91640625 0.33515625 0.06640625 0.33359375
0 0.33125 0.34296875 0.0421875 0.3765625
0 0.484375 0.32421875 0.0390625 0.3265625
0 0.603125 0.284375 0.03203125 0.228125
0 0.08671875 0.3140625 0.05078125 0.31640625
0 0.61015625 0.2890625 0.034375 0.23984375
0 0.82265625 0.3265625 0.05703125 0.31875
0 0.88203125 0.346875 0.0703125 0.36484375
0 0.75546875 0.33828125 0.059375 0.346875
0 0.25859375 0.38359375 0.05859375 0.475
0 0.11953125 0.29765625 0.04296875 0.27890625
0 0.71484375 0.321875 0.05078125 0.31328125
0 0.0140625 0.3140625 0.02734375 0.3203125
0 0.4984375 0.33515625 0.04296875 0.3515625