0 0.23359375 0.165625 0.01640625 0.11328125
0 0.94765625 0.49921875 0.10390625 0.5390625
0 0.159375 0.1515625 0.01328125 0.09609375
0 0.1609375 0.18046875 0.01953125 0.13515625
0 0.44453125 0.21953125 0.0234375 0.1796875
0 0.11796875 0.29296875 0.0421875 0.28515625
0 0.34140625 0.18828125 0.01953125 0.14140625
0 0.39921875 0.20703125 0.021875 0.16484375
0 0.25234375 0.16328125 0.015625 0.11015625
0 0.33125 0.18203125 0.01796875 0.13359375
0 0.40703125 0.196875 0.0203125 0.15078125
0 0.01171875 0.25625 0.0234375 0.240625
0 0.3421875 0.17265625 0.01640625 0.11953125
0 0.32578125 0.16796875 0.01640625 0.1140625
0 0.98046875 0.47109375 0.0375 0.50078125
0 0.4859375 0.17578125 0.01640625 0.1203125
0 0.4671875 0.178125 0.01640625 0.12421875
0 0.053125 0.15625 0.01640625 0.10546875
0 0.2109375 0.14609375 0.0125 0.08828125
0 0.44609375 0.2140625 0.02265625 0.1734375
0 0.28125 0.15546875 0.01328125 0.0984375
0 0.41640625 0.22421875 0.025 0.18671875
0 0.19296875 0.14921875 0.01328125 0.09375
0 0.1828125 0.1515625 0.0140625 0.0953125
0 0.053125 0.153125 0.01484375 0.1
0 0.378125 0.19453125 0.0203125 0.14921875
0 0.40703125 0.165625 0.01484375 0.10859375
0 0.34609375 0.16640625 0.015625 0.1109375