0 0.1890625 0.153125 0.0140625 0.096875
0 0.25234375 0.153125 0.01328125 0.09609375
0 0.315625 0.16796875 0.01640625 0.1140625
0 0.18984375 0.2890625 0.040625 0.27890625
0 0.271875 0.1515625 0.01328125 0.09375
0 0.721875 0.25234375 0.03671875 0.21796875
0 0.25546875 0.1515625 0.01328125 0.09375
0 0.425 0.23359375 0.0265625 0.1984375
0 0.42890625 0.22109375 0.02421875 0.18203125
0 0.91328125 0.271875 0.046875 0.2390625
0 0.146875 0.15859375 0.015625 0.10625
0 0.3546875 0.165625 0.01484375 0.11015625
0 0.3421875 0.1515625 0.0125 0.09296875
0 0.225 0.15234375 0.01328125 0.0953125
0 0.5609375 0.415625 0.06484375 0.43828125
0 0.26171875 0.17734375 0.01796875 0.12890625
0 0.35859375 0.3859375 0.05546875 0.403125
0 0.0109375 0.26015625 0.02109375 0.24453125
0 0.4 0.19609375 0.0203125 0.15
0 0.36484375 0.225 0.02578125 0.1890625
0 0.3828125 0.21640625 0.02421875 0.1765625
0 0.43203125 0.21328125 0.02265625 0.171875
0 0.21328125 0.153125 0.0140625 0.096875
0 0.30390625 0.20703125 0.02265625 0.16640625
0 0.58046875 0.19296875 0.02109375 0.14140625
0 0.41875 0.16875 0.01484375 0.11328125