0 0.0171875 0.25234375 0.034375 0.234375
0 0.19140625 0.1484375 0.01328125 0.09140625
0 0.31171875 0.16328125 0.01484375 0.10703125
0 0.23515625 0.1515625 0.01328125 0.09453125
0 0.0484375 0.184375 0.021875 0.14375
0 0.40703125 0.196875 0.0203125 0.15078125
0 0.365625 0.1640625 0.01484375 0.10859375
0 0.5078125 0.1765625 0.01640625 0.121875
0 0.3140625 0.15859375 0.0140625 0.103125
0 0.74375 0.2359375 0.03359375 0.19453125
0 0.26328125 0.159375 0.01484375 0.10390625
0 0.1453125 0.146875 0.01328125 0.090625
0 0.3421875 0.1671875 0.01484375 0.11171875
0 0.33203125 0.16015625 0.01484375 0.10390625
0 0.12890625 0.1484375 0.01328125 0.09375
0 0.2828125 0.165625 0.015625 0.11171875
0 0.115625 0.1703125 0.01796875 0.121875
0 0.49609375 0.18125 0.01796875 0.128125
0 0.32265625 0.15546875 0.01328125 0.0984375
0 0.6953125 0.24375 0.03359375 0.20546875
0 0.07578125 0.18203125 0.02109375 0.1390625
0 0.36015625 0.15546875 0.01328125 0.09609375
0 0.08359375 0.29453125 0.04296875 0.2890625