0 0.24453125 0.16640625 0.01640625 0.1140625
0 0.39453125 0.2953125 0.03828125 0.28125
0 0.08359375 0.1625 0.01640625 0.11171875
0 0.16328125 0.15625 0.01484375 0.103125
0 0.46015625 0.2890625 0.03671875 0.271875
0 0.37890625 0.171875 0.015625 0.11796875
0 0.9640625 0.43515625 0.07109375 0.45390625
0 0.2 0.1953125 0.02265625 0.15390625
0 0.3765625 0.1640625 0.01484375 0.10703125
0 0.47109375 0.1734375 0.015625 0.11640625
0 0.36875 0.16796875 0.01484375 0.1140625
0 0.84375 0.4234375 0.0828125 0.44140625
0 0.88984375 0.33984375 0.06328125 0.3296875
0 0.28359375 0.1609375 0.01484375 0.10546875
0 0.0640625 0.153125 0.01484375 0.1
0 0.71328125 0.43046875 0.07734375 0.45390625
0 0.21171875 0.15546875 0.0140625 0.09921875
0 0.24453125 0.15546875 0.01328125 0.1
0 0.18359375 0.19140625 0.021875 0.15
0 0.01640625 0.30859375 0.0328125 0.3109375
0 0.059375 0.15390625 0.015625 0.103125
0 0.68203125 0.22890625 0.03046875 0.18671875
0 0.3890625 0.1640625 0.01484375 0.10859375
0 0.5 0.17578125 0.01640625 0.11953125
0 0.0125 0.37109375 0.025 0.39140625
0 0.3484375 0.16640625 0.01484375 0.1109375
0 0.3375 0.171875 0.01640625 0.11953125
0 0.1890625 0.15625 0.01484375 0.10078125
0 0.45234375 0.16796875 0.01484375 0.11171875
0 0.109375 0.2015625 0.02421875 0.1640625