0 0.40234375 0.15859375 0.01328125 0.1
0 0.259375 0.1515625 0.01328125 0.09375
0 0.0125 0.2578125 0.025 0.24375
0 0.959375 0.28671875 0.05234375 0.25703125
0 0.38515625 0.21640625 0.02421875 0.178125
0 0.478125 0.178125 0.01640625 0.12421875
0 0.48125 0.17109375 0.01484375 0.1140625
0 0.29609375 0.20703125 0.02265625 0.16640625
0 0.41015625 0.17890625 0.0171875 0.1265625
0 0.253125 0.1515625 0.01328125 0.09453125
0 0.66640625 0.25859375 0.03671875 0.22578125
0 0.2828125 0.1515625 0.01328125 0.09375
0 0.25 0.1609375 0.01484375 0.10625
0 0.409375 0.23125 0.0265625 0.1953125
0 0.92421875 0.5171875 0.11328125 0.5640625
0 0.39765625 0.19609375 0.0203125 0.15
0 0.43125 0.2125 0.02265625 0.17109375
0 0.19921875 0.28828125 0.03984375 0.2765625
0 0.36328125 0.225 0.02578125 0.1890625
0 0.45625 0.171875 0.01484375 0.115625
0 0.43359375 0.2203125 0.02421875 0.18125
0 0.728125 0.26484375 0.03984375 0.23359375
0 0.34609375 0.16171875 0.0140625 0.1046875
0 0.12421875 0.21328125 0.0265625 0.17890625
0 0.47265625 0.17109375 0.015625 0.11484375
0 0.17265625 0.21171875 0.02578125 0.17578125