0 0.19921875 0.15078125 0.01328125 0.09453125
0 0.33671875 0.16328125 0.01484375 0.10859375
0 0.14453125 0.29140625 0.04140625 0.28203125
0 0.32109375 0.17578125 0.01640625 0.125
0 0.90625 0.43671875 0.08984375 0.45703125
0 0.46484375 0.18046875 0.01640625 0.1265625
0 0.28515625 0.1765625 0.0171875 0.1265625
0 0.18359375 0.19453125 0.021875 0.15390625
0 0.18125 0.15234375 0.0140625 0.096875
0 0.4078125 0.196875 0.0203125 0.15078125
0 0.31875 0.171875 0.01640625 0.1203125
0 0.02578125 0.25390625 0.03671875 0.23515625
0 0.35859375 0.17109375 0.015625 0.11875
0 0.96640625 0.4140625 0.065625 0.42578125
0 0.23515625 0.20625 0.0234375 0.16796875
0 0.42578125 0.17578125 0.01640625 0.12109375