0 0.2203125 0.15078125 0.01328125 0.09375
0 0.965625 0.3953125 0.06796875 0.4015625
0 0.4234375 0.1671875 0.01484375 0.11015625
0 0.3703125 0.16640625 0.01484375 0.11015625
0 0.36484375 0.18046875 0.01796875 0.12890625
0 0.38125 0.1765625 0.01640625 0.12421875
0 0.159375 0.15078125 0.01328125 0.0953125
0 0.85546875 0.2796875 0.046875 0.25
0 0.16171875 0.16328125 0.01640625 0.11171875
0 0.36875 0.1578125 0.01328125 0.09921875
0 0.4671875 0.2296875 0.02578125 0.19296875
0 0.009375 0.30078125 0.01875 0.3
0 0.4671875 0.19921875 0.0203125 0.153125
0 0.33828125 0.1703125 0.015625 0.11640625
0 0.465625 0.22109375 0.02421875 0.18125
0 0.01640625 0.253125 0.03203125 0.2359375
0 0.4828125 0.175 0.01640625 0.1203125
0 0.346875 0.1671875 0.01484375 0.11171875
0 0.29140625 0.18359375 0.01875 0.1359375
0 0.375 0.15546875 0.01328125 0.09609375
0 0.17890625 0.14921875 0.01328125 0.09296875
0 0.47890625 0.178125 0.01640625 0.12421875