0 0.596875 0.2296875 0.02890625 0.1890625
0 0.77421875 0.259375 0.03984375 0.225
0 0.5609375 0.2265625 0.02734375 0.1859375
0 0.22734375 0.15078125 0.01328125 0.09453125
0 0.296875 0.20546875 0.02265625 0.16484375
0 0.39609375 0.165625 0.01484375 0.109375
0 0.7453125 0.27578125 0.04296875 0.2484375
0 0.32578125 0.1640625 0.01484375 0.109375
0 0.57734375 0.19296875 0.02109375 0.140625
0 0.40625 0.19609375 0.0203125 0.14921875
0 0.4265625 0.22109375 0.02421875 0.18203125
0 0.009375 0.2578125 0.01875 0.24375
0 0.359375 0.1734375 0.01640625 0.12109375
0 0.43515625 0.165625 0.01484375 0.10859375
0 0.2140625 0.14921875 0.01328125 0.09140625
0 0.434375 0.21328125 0.02265625 0.171875
0 0.41796875 0.22890625 0.02578125 0.19375
0 0.23984375 0.1484375 0.0125 0.08984375
0 0.91640625 0.27265625 0.046875 0.23984375
0 0.97109375 0.36328125 0.05703125 0.35703125
0 0.1765625 0.15 0.01328125 0.09453125
0 0.63828125 0.21328125 0.02578125 0.16640625
0 0.36640625 0.178125 0.0171875 0.12578125
0 0.19296875 0.290625 0.040625 0.28046875
0 0.3640625 0.225 0.02578125 0.1890625
0 0.13125 0.1484375 0.0140625 0.09375
0 0.3890625 0.215625 0.02421875 0.17578125