0 0.01015625 0.25625 0.01953125 0.23984375
0 0.81796875 0.365625 0.0671875 0.36484375
0 0.4078125 0.196875 0.0203125 0.15078125
0 0.18515625 0.16796875 0.0171875 0.11796875
0 0.4203125 0.22265625 0.02421875 0.184375
0 0.3828125 0.18203125 0.0171875 0.13046875
0 0.44921875 0.21875 0.0234375 0.17890625
0 0.37890625 0.1859375 0.01796875 0.1359375
0 0.4234375 0.17734375 0.01640625 0.125
0 0.2328125 0.153125 0.01328125 0.096875
0 0.20546875 0.15625 0.01484375 0.10078125
0 0.40234375 0.20859375 0.02265625 0.16640625
0 0.32421875 0.159375 0.0140625 0.103125
0 0.075 0.1546875 0.01484375 0.1015625
0 0.47890625 0.1875 0.01796875 0.1359375
0 0.2671875 0.1515625 0.01328125 0.09375
0 0.2921875 0.16875 0.01640625 0.115625
0 0.45390625 0.2140625 0.02265625 0.171875
0 0.11328125 0.29296875 0.0421875 0.2859375
0 0.42109375 0.1703125 0.015625 0.11484375
0 0.2296875 0.15546875 0.0140625 0.1
0 0.04140625 0.6390625 0.0828125 0.7203125
0 0.30390625 0.1671875 0.015625 0.1140625
0 0.89609375 0.3640625 0.07109375 0.36171875
0 0.40078125 0.1734375 0.015625 0.11875
0 0.06328125 0.15703125 0.01640625 0.10625