0 0.325 0.16953125 0.01640625 0.11640625
0 0.17578125 0.159375 0.01484375 0.10546875
0 0.396875 0.15703125 0.01328125 0.096875
0 0.184375 0.15625 0.01484375 0.1015625
0 0.390625 0.15859375 0.01328125 0.1
0 0.3484375 0.16640625 0.01484375 0.1109375
0 0.4390625 0.18203125 0.01796875 0.13046875
0 0.13828125 0.15859375 0.01484375 0.10625
0 0.1078125 0.159375 0.015625 0.10859375
0 0.54765625 0.1859375 0.01875 0.13359375
0 0.40703125 0.16015625 0.01328125 0.1015625
0 0.2515625 0.24296875 0.03046875 0.21484375
0 0.07890625 0.16171875 0.01640625 0.11171875
0 0.01484375 0.29921875 0.02890625 0.296875
0 0.16484375 0.16015625 0.015625 0.10703125
0 0.27890625 0.15625 0.01328125 0.09921875
0 0.7328125 0.234375 0.0328125 0.19296875
0 0.96796875 0.34921875 0.06328125 0.33984375