0 0.684375 0.2515625 0.03515625 0.21640625
0 0.38984375 0.15859375 0.01328125 0.10078125
0 0.32890625 0.1734375 0.01640625 0.1203125
0 0.31171875 0.175 0.0171875 0.12421875
0 0.77421875 0.309375 0.0515625 0.29140625
0 0.32421875 0.1578125 0.0140625 0.10078125
0 0.32265625 0.1609375 0.01484375 0.10546875
0 0.42109375 0.22109375 0.02421875 0.18203125
0 0.01171875 0.25859375 0.0234375 0.24296875
0 0.4125 0.23125 0.0265625 0.19609375
0 0.6359375 0.24921875 0.03359375 0.215625
0 0.48203125 0.17734375 0.01640625 0.1234375
0 0.30078125 0.20703125 0.0234375 0.16640625
0 0.325 0.16328125 0.01484375 0.10859375
0 0.43203125 0.21328125 0.02265625 0.171875
0 0.98515625 0.35234375 0.02890625 0.34375
0 0.08046875 0.66171875 0.15546875 0.67421875
0 0.3796875 0.15703125 0.01328125 0.0984375
0 0.36484375 0.22421875 0.02578125 0.18828125
0 0.065625 0.3 0.04453125 0.29609375
0 0.37890625 0.21640625 0.02421875 0.1765625
0 0.753125 0.26796875 0.04140625 0.23671875
0 0.965625 0.36640625 0.06796875 0.36171875
0 0.83671875 0.321875 0.05703125 0.30703125
0 0.83359375 0.3390625 0.0609375 0.3296875
0 0.41015625 0.1953125 0.01953125 0.1484375
0 0.6953125 0.26640625 0.0390625 0.2359375
0 0.475 0.171875 0.015625 0.115625
0 0.20703125 0.15703125 0.01484375 0.103125