0 0.4125 0.19921875 0.02109375 0.1546875
0 0.47734375 0.17890625 0.01640625 0.125
0 0.37578125 0.1640625 0.01484375 0.10859375
0 0.3953125 0.20234375 0.02109375 0.15859375
0 0.428125 0.21328125 0.02265625 0.171875
0 0.97890625 0.4171875 0.040625 0.42890625
0 0.22578125 0.153125 0.01328125 0.096875
0 0.4109375 0.17421875 0.01640625 0.1203125
0 0.3640625 0.22421875 0.02578125 0.18828125
0 0.60078125 0.203125 0.0234375 0.1546875
0 0.40859375 0.22890625 0.02578125 0.19375
0 0.109375 0.215625 0.02734375 0.18203125
0 0.78125 0.38359375 0.06953125 0.38984375
0 0.309375 0.15859375 0.01484375 0.103125
0 0.44140625 0.18359375 0.01796875 0.13203125
0 0.2984375 0.20859375 0.02265625 0.16875
0 0.37890625 0.215625 0.02421875 0.17578125
0 0.903125 0.38828125 0.07734375 0.39375
0 0.1140625 0.178125 0.01953125 0.13203125
0 0.4359375 0.2234375 0.02421875 0.18515625
0 0.4796875 0.18046875 0.0171875 0.128125