0 0.0109375 0.25703125 0.021875 0.240625
0 0.04453125 0.1515625 0.015625 0.1
0 0.3984375 0.20703125 0.02265625 0.16484375
0 0.41640625 0.22421875 0.025 0.18671875
0 0.2078125 0.16015625 0.01484375 0.10703125
0 0.44296875 0.16875 0.01484375 0.11171875
0 0.334375 0.19453125 0.02109375 0.14921875
0 0.040625 0.15625 0.01640625 0.10546875
0 0.190625 0.16171875 0.015625 0.10859375
0 0.1140625 0.190625 0.02265625 0.15
0 0.15234375 0.14921875 0.01328125 0.09296875
0 0.50859375 0.1765625 0.01640625 0.121875
0 0.9921875 0.3625 0.01484375 0.35625
0 0.42109375 0.17109375 0.015625 0.11640625
0 0.40078125 0.17421875 0.01640625 0.12109375
0 0.16640625 0.146875 0.01328125 0.090625
0 0.40859375 0.196875 0.0203125 0.15078125
0 0.296875 0.20078125 0.021875 0.15859375
0 0.128125 0.14921875 0.0140625 0.09453125
0 0.29765625 0.16328125 0.01484375 0.10859375
0 0.24609375 0.1515625 0.01328125 0.09453125
0 0.28125 0.16953125 0.01640625 0.11796875
0 0.12734375 0.29140625 0.04140625 0.28359375
0 0.44140625 0.16640625 0.01484375 0.109375
0 0.4390625 0.21953125 0.0234375 0.1796875
0 0.31328125 0.18359375 0.01875 0.13515625
0 0.271875 0.165625 0.015625 0.11171875
0 0.4484375 0.2140625 0.02265625 0.171875
0 0.340625 0.16015625 0.01484375 0.10390625