0 0.43359375 0.2203125 0.02421875 0.18125
0 0.76953125 0.30703125 0.05078125 0.2890625
0 0.19453125 0.2890625 0.03984375 0.278125
0 0.40390625 0.165625 0.01484375 0.109375
0 0.29921875 0.20703125 0.02265625 0.16640625
0 0.69375 0.30390625 0.04765625 0.2859375
0 0.38515625 0.21640625 0.02421875 0.178125
0 0.38359375 0.16640625 0.01484375 0.11015625
0 0.1453125 0.15078125 0.0140625 0.09609375
0 0.4140625 0.16328125 0.0140625 0.10625
0 0.3078125 0.1640625 0.01484375 0.11015625
0 0.409375 0.23125 0.0265625 0.1953125
0 0.22421875 0.23515625 0.02890625 0.20546875
0 0.25859375 0.15546875 0.0140625 0.1
0 0.28359375 0.1515625 0.0125 0.09375
0 0.2609375 0.1515625 0.01328125 0.09375
0 0.91015625 0.271875 0.046875 0.2390625
0 0.4 0.19609375 0.0203125 0.15
0 0.584375 0.19375 0.02109375 0.14296875
0 0.3703125 0.17578125 0.01640625 0.12421875
0 0.4015625 0.15859375 0.01328125 0.1
0 0.15390625 0.23359375 0.03046875 0.20546875
0 0.43359375 0.21328125 0.02265625 0.171875
0 0.36640625 0.225 0.02578125 0.1890625
0 0.253125 0.1515625 0.01328125 0.09453125
0 0.01484375 0.25859375 0.0296875 0.24296875