0 0.98359375 0.30859375 0.03125 0.28515625
0 0.41875 0.2640625 0.03203125 0.2390625
0 0.0328125 0.17265625 0.01953125 0.1265625
0 0.06171875 0.1609375 0.01640625 0.11015625
0 0.38046875 0.16328125 0.0140625 0.10625
0 0.1921875 0.1953125 0.02265625 0.15390625
0 0.240625 0.153125 0.01328125 0.09609375
0 0.215625 0.15859375 0.01484375 0.1046875
0 0.12109375 0.16796875 0.0171875 0.11875
0 0.0265625 0.16953125 0.01953125 0.12421875
0 0.821875 0.30390625 0.05234375 0.284375
0 0.00234375 0.37578125 0.00390625 0.39921875
0 0.390625 0.1640625 0.0140625 0.10859375
0 0.35546875 0.16015625 0.0140625 0.10390625
0 0.278125 0.16484375 0.01484375 0.1109375
0 0.09609375 0.15703125 0.015625 0.1046875
0 0.88984375 0.3703125 0.071875 0.3703125
0 0.18828125 0.159375 0.01484375 0.10625
0 0.6875 0.3546875 0.05859375 0.35390625
0 0.02890625 0.19296875 0.02421875 0.15390625
0 0.78828125 0.36328125 0.06484375 0.3640625
0 0.30234375 0.16640625 0.015625 0.11171875
0 0.37890625 0.16953125 0.015625 0.11484375
0 0.23125 0.15703125 0.01484375 0.1015625
0 0.35234375 0.165625 0.01484375 0.11015625
0 0.29140625 0.16875 0.01640625 0.115625
0 0.3734375 0.16640625 0.01484375 0.1109375
0 0.4078125 0.1734375 0.01640625 0.11953125
0 0.0140625 0.3109375 0.028125 0.31171875
0 0.18515625 0.19140625 0.02109375 0.14921875
0 0.3796875 0.2671875 0.03359375 0.2453125
0 0.08984375 0.159375 0.01640625 0.10859375
0 0.47578125 0.17109375 0.015625 0.11484375
0 0.00703125 0.21640625 0.0140625 0.1890625
0 0.015625 0.22421875 0.03125 0.19609375
0 0.1296875 0.19296875 0.02265625 0.1515625
0 0.3578125 0.17265625 0.01640625 0.11953125
0 0.06640625 0.1609375 0.01640625 0.1109375