0 0.81796875 0.34453125 0.06171875 0.33828125
0 0.27265625 0.15546875 0.01328125 0.09921875
0 0.0125 0.25625 0.025 0.240625
0 0.79375 0.4640625 0.08984375 0.49609375
0 0.25078125 0.15078125 0.01328125 0.09296875
0 0.3734375 0.22421875 0.025 0.18671875
0 0.75390625 0.346875 0.059375 0.34296875
0 0.33671875 0.16640625 0.015625 0.11171875
0 0.3 0.2078125 0.0234375 0.16796875
0 0.43515625 0.221875 0.02421875 0.18203125
0 0.68125 0.465625 0.0828125 0.5015625
0 0.97109375 0.378125 0.05703125 0.37890625
0 0.24765625 0.15546875 0.0140625 0.1
0 0.15703125 0.296875 0.0421875 0.28984375
0 0.29765625 0.159375 0.01484375 0.10390625
0 0.403125 0.15859375 0.01328125 0.1
0 0.86015625 0.36328125 0.06875 0.3609375
0 0.190625 0.159375 0.01484375 0.10546875
0 0.3390625 0.1640625 0.01484375 0.10859375
0 0.384375 0.21640625 0.02421875 0.178125
0 0.384375 0.17578125 0.01640625 0.1234375
0 0.0921875 0.171875 0.01796875 0.125
0 0.72734375 0.4296875 0.07734375 0.4515625
0 0.32421875 0.159375 0.0140625 0.1015625
0 0.95859375 0.31640625 0.06015625 0.29609375
0 0.1875 0.1484375 0.01328125 0.090625
0 0.41484375 0.23203125 0.0265625 0.196875
0 0.8203125 0.41953125 0.08046875 0.43671875
0 0.86484375 0.30390625 0.053125 0.28203125
0 0.41171875 0.1953125 0.01953125 0.1484375
0 0.43671875 0.21328125 0.02265625 0.17109375