0 0.36875 0.16171875 0.0140625 0.10546875
0 0.05625 0.15859375 0.01640625 0.10703125
0 0.48671875 0.17734375 0.01640625 0.1234375
0 0.32265625 0.16875 0.01640625 0.11484375
0 0.5 0.18046875 0.0171875 0.1265625
0 0.25546875 0.16953125 0.01640625 0.11875
0 0.35859375 0.1640625 0.01484375 0.10703125
0 0.0078125 0.36875 0.01484375 0.38984375
0 0.33984375 0.16328125 0.01484375 0.10859375
0 0.075 0.15546875 0.01484375 0.103125
0 0.17734375 0.15078125 0.0140625 0.09453125
0 0.0078125 0.30234375 0.015625 0.3015625
0 0.196875 0.1953125 0.02265625 0.15390625
0 0.17890625 0.190625 0.02109375 0.1484375
0 0.3890625 0.1578125 0.01328125 0.09921875
0 0.29296875 0.1625 0.01484375 0.10859375