0 0.15859375 0.1859375 0.02109375 0.14296875
0 0.178125 0.184375 0.01953125 0.13984375
0 0.409375 0.16796875 0.01484375 0.1109375
0 0.01171875 0.25859375 0.0234375 0.24296875
0 0.5703125 0.19453125 0.02109375 0.14375
0 0.171875 0.14921875 0.01328125 0.09296875
0 0.29375 0.15 0.01328125 0.090625
0 0.43203125 0.21328125 0.02265625 0.171875
0 0.4125 0.22890625 0.02578125 0.19375
0 0.115625 0.153125 0.01484375 0.09921875
0 0.4265625 0.22109375 0.02421875 0.18203125
0 0.38203125 0.215625 0.02421875 0.17578125
0 0.2140625 0.153125 0.0140625 0.096875
0 0.04453125 0.29765625 0.0453125 0.29375
0 0.49765625 0.18203125 0.01796875 0.12890625
0 0.23671875 0.1515625 0.01328125 0.09453125
0 0.30390625 0.20546875 0.02265625 0.16484375
0 0.365625 0.225 0.02578125 0.1890625
0 0.2703125 0.153125 0.01328125 0.09453125
0 0.1875 0.29296875 0.04140625 0.284375
0 0.40703125 0.1953125 0.01953125 0.1484375
0 0.40625 0.159375 0.01328125 0.1
0 0.19453125 0.15390625 0.0140625 0.09921875