0 0.4984375 0.20078125 0.02109375 0.15390625
0 0.26015625 0.15625 0.0140625 0.09921875
0 0.4484375 0.1734375 0.015625 0.11953125
0 0.0171875 0.253125 0.034375 0.23515625
0 0.40078125 0.17109375 0.015625 0.115625
0 0.075 0.15390625 0.01484375 0.1015625
0 0.50546875 0.1859375 0.01875 0.13359375
0 0.825 0.2453125 0.0375 0.20546875
0 0.1421875 0.14921875 0.01328125 0.09375
0 0.39140625 0.15859375 0.01328125 0.1
0 0.57890625 0.2234375 0.02734375 0.18125
0 0.49453125 0.1734375 0.01640625 0.11796875
0 0.09140625 0.66875 0.16171875 0.6609375
0 0.403125 0.17421875 0.01640625 0.1203125
0 0.22421875 0.16796875 0.01640625 0.11640625
0 0.39140625 0.18359375 0.01796875 0.134375
0 0.90625 0.32890625 0.06171875 0.31484375
0 0.20078125 0.15546875 0.01484375 0.1
0 0.009375 0.30078125 0.01875 0.3
0 0.1265625 0.15078125 0.0140625 0.09609375
0 0.39921875 0.15703125 0.01328125 0.096875
0 0.4734375 0.18203125 0.0171875 0.12890625
0 0.08671875 0.1515625 0.01484375 0.0984375
0 0.09375 0.16015625 0.01640625 0.109375
0 0.0578125 0.15859375 0.01640625 0.10703125
0 0.215625 0.15390625 0.0140625 0.0984375
0 0.5953125 0.22890625 0.02890625 0.1890625