0 0.08828125 0.17890625 0.01953125 0.134375
0 0.596875 0.203125 0.0234375 0.15390625
0 0.815625 0.40546875 0.0765625 0.41796875
0 0.4109375 0.19921875 0.0203125 0.1546875
0 0.4265625 0.21328125 0.02265625 0.171875
0 0.37890625 0.215625 0.02421875 0.17578125
0 0.21171875 0.1515625 0.01328125 0.09609375
0 0.353125 0.16328125 0.01484375 0.10703125
0 0.1125 0.21953125 0.02734375 0.18828125
0 0.946875 0.40625 0.084375 0.415625
0 0.296875 0.15703125 0.0140625 0.1
0 0.428125 0.221875 0.02421875 0.18359375
0 0.2984375 0.20859375 0.02265625 0.16875
0 0.3640625 0.22421875 0.02578125 0.18828125
0 0.38828125 0.2015625 0.02109375 0.15703125
0 0.40859375 0.17578125 0.01640625 0.12109375
0 0.40859375 0.22890625 0.02578125 0.19375
0 0.465625 0.178125 0.01640625 0.125
0 0.46640625 0.18046875 0.01640625 0.128125
0 0.42265625 0.18359375 0.01796875 0.13125