0 0.4015625 0.159375 0.01328125 0.10078125
0 0.43984375 0.16796875 0.01484375 0.11171875
0 0.14453125 0.1484375 0.01328125 0.09375
0 0.47734375 0.171875 0.015625 0.11640625
0 0.3671875 0.2234375 0.02578125 0.18671875
0 0.87109375 0.26875 0.04453125 0.2359375
0 0.40859375 0.1953125 0.01953125 0.1484375
0 0.77578125 0.25390625 0.03828125 0.21796875
0 0.29765625 0.20703125 0.0234375 0.16640625
0 0.775 0.30703125 0.05078125 0.2890625
0 0.921875 0.271875 0.04765625 0.2390625
0 0.75703125 0.2609375 0.03984375 0.2265625
0 0.74140625 0.44921875 0.0828125 0.47890625
0 0.12265625 0.15 0.0140625 0.09453125
0 0.434375 0.22265625 0.02421875 0.184375
0 0.85234375 0.33671875 0.06171875 0.32578125
0 0.39453125 0.2328125 0.0265625 0.19921875
0 0.1265625 0.29609375 0.04296875 0.28984375
0 0.46953125 0.190625 0.01875 0.13984375
0 0.4921875 0.365625 0.05078125 0.37421875
0 0.8203125 0.25703125 0.040625 0.221875
0 0.015625 0.26015625 0.03125 0.2453125
0 0.8671875 0.44375 0.08984375 0.46796875
0 0.39296875 0.1578125 0.01328125 0.09921875
0 0.221875 0.15078125 0.01328125 0.09375
0 0.4734375 0.175 0.01640625 0.1203125
0 0.8328125 0.32109375 0.05703125 0.30546875
0 0.38515625 0.21640625 0.02421875 0.178125
0 0.09921875 0.1515625 0.0140625 0.096875
0 0.4609375 0.215625 0.02265625 0.1734375
0 0.2171875 0.15625 0.01484375 0.10078125
0 0.20703125 0.1515625 0.01328125 0.0953125
0 0.31484375 0.16875 0.015625 0.115625
0 0.45078125 0.19296875 0.01953125 0.14453125