0 0.4015625 0.159375 0.01328125 0.10078125
0 0.2578125 0.15625 0.0140625 0.1
0 0.82890625 0.31953125 0.05625 0.3046875
0 0.528125 0.20390625 0.021875 0.15703125
0 0.8828125 0.66171875 0.18046875 0.675
0 0.6765625 0.63984375 0.1265625 0.71875
0 0.1921875 0.14921875 0.01328125 0.09296875
0 0.39296875 0.1578125 0.01328125 0.09921875
0 0.7703125 0.30546875 0.05078125 0.28671875
0 0.98203125 0.64609375 0.034375 0.70546875
0 0.74140625 0.34453125 0.05859375 0.3390625
0 0.35390625 0.23671875 0.028125 0.20546875
0 0.70546875 0.2390625 0.03359375 0.2
0 0.27890625 0.16171875 0.01484375 0.10703125
0 0.409375 0.1953125 0.01953125 0.1484375
0 0.434375 0.22265625 0.02421875 0.184375
0 0.015625 0.26015625 0.03125 0.2453125
0 0.12890625 0.15390625 0.01484375 0.10078125
0 0.06015625 0.1609375 0.01640625 0.1109375
0 0.66015625 0.3515625 0.05703125 0.35
0 0.85234375 0.33671875 0.06171875 0.32578125
0 0.5578125 0.29921875 0.04140625 0.28359375
0 0.3125 0.20703125 0.02265625 0.165625
0 0.1171875 0.296875 0.04296875 0.290625
0 0.3671875 0.2234375 0.02578125 0.18671875
0 0.38515625 0.21640625 0.02421875 0.178125
0 0.47265625 0.21640625 0.0234375 0.17578125
0 0.09453125 0.15625 0.015625 0.1046875
0 0.553125 0.2015625 0.021875 0.153125
0 0.26484375 0.1546875 0.0140625 0.0984375
0 0.15390625 0.153125 0.01484375 0.09921875
0 0.39140625 0.17421875 0.01640625 0.12109375