0 0.25234375 0.159375 0.01484375 0.1046875
0 0.38828125 0.215625 0.02421875 0.175
0 0.91484375 0.27265625 0.046875 0.23984375
0 0.2859375 0.18046875 0.01875 0.13125
0 0.7484375 0.275 0.04296875 0.24609375
0 0.25078125 0.146875 0.01171875 0.0890625
0 0.24921875 0.15234375 0.01328125 0.0953125
0 0.36640625 0.225 0.02578125 0.1890625
0 0.57734375 0.1921875 0.02109375 0.13984375
0 0.29921875 0.20703125 0.0234375 0.16640625
0 0.2203125 0.15546875 0.0140625 0.1
0 0.2 0.28984375 0.03984375 0.2796875
0 0.41796875 0.22890625 0.02578125 0.19375
0 0.0109375 0.26015625 0.02109375 0.24453125
0 0.434375 0.22109375 0.02421875 0.18203125
0 0.22421875 0.15 0.01328125 0.09296875
0 0.234375 0.14921875 0.01328125 0.09140625
0 0.4140625 0.16875 0.01484375 0.11328125
0 0.50078125 0.17578125 0.01640625 0.11953125
0 0.2484375 0.16875 0.01640625 0.11796875
0 0.43359375 0.21328125 0.02265625 0.171875
0 0.790625 0.2546875 0.0390625 0.21875
0 0.47421875 0.18046875 0.01640625 0.128125
0 0.40703125 0.19609375 0.01953125 0.14921875