0 0.29921875 0.17265625 0.01640625 0.12109375
0 0.43046875 0.22109375 0.02421875 0.18359375
0 0.64609375 0.22109375 0.02734375 0.1765625
0 0.0375 0.1546875 0.01640625 0.10390625
0 0.35546875 0.18203125 0.01796875 0.13203125
0 0.24453125 0.1625 0.015625 0.10859375
0 0.71171875 0.23828125 0.03359375 0.19921875
0 0.34921875 0.22109375 0.02578125 0.18515625
0 0.05546875 0.15546875 0.015625 0.10390625
0 0.4625 0.1765625 0.01640625 0.12109375
0 0.26875 0.15078125 0.0125 0.09140625
0 0.37265625 0.171875 0.01640625 0.11796875
0 0.12890625 0.29609375 0.04296875 0.28984375
0 0.4078125 0.22734375 0.02578125 0.19140625
0 0.175 0.1484375 0.01328125 0.09140625
0 0.16328125 0.14921875 0.01328125 0.09375
0 0.76640625 0.24140625 0.03515625 0.20078125
0 0.14453125 0.14921875 0.01328125 0.09296875
0 0.01171875 0.25546875 0.0234375 0.2390625
0 0.3921875 0.1859375 0.01796875 0.1359375
0 0.190625 0.146875 0.01328125 0.08984375
0 0.39765625 0.20703125 0.021875 0.1640625
0 0.46640625 0.21640625 0.0234375 0.17578125
0 0.6828125 0.21796875 0.02734375 0.171875
0 0.365625 0.16953125 0.015625 0.11484375
0 0.334375 0.17109375 0.01640625 0.11796875
0 0.4 0.1703125 0.015625 0.11484375
0 0.45625 0.171875 0.01484375 0.115625
0 0.390625 0.18046875 0.0171875 0.12890625
0 0.36484375 0.21328125 0.02421875 0.1734375
0 0.4171875 0.165625 0.01484375 0.109375
0 0.7453125 0.234375 0.0328125 0.19296875
0 0.409375 0.1953125 0.01953125 0.1484375