0 0.35 0.165625 0.01484375 0.1109375
0 0.26953125 0.1640625 0.015625 0.11015625
0 0.403125 0.16171875 0.0140625 0.10390625
0 0.49921875 0.178125 0.0171875 0.1234375
0 0.2046875 0.16953125 0.0171875 0.11953125
0 0.08046875 0.1578125 0.015625 0.10625
0 0.27734375 0.15078125 0.01328125 0.09296875
0 0.0265625 0.253125 0.03671875 0.23515625
0 0.9625 0.38359375 0.07421875 0.3859375
0 0.48046875 0.18203125 0.0171875 0.12890625
0 0.27265625 0.16953125 0.01640625 0.11640625
0 0.2671875 0.15625 0.0140625 0.1
0 0.44609375 0.1703125 0.01484375 0.11484375
0 0.0109375 0.3015625 0.02109375 0.3
0 0.26953125 0.21875 0.02578125 0.18359375
0 0.28671875 0.2140625 0.02421875 0.17578125
0 0.33671875 0.16875 0.01640625 0.115625
0 0.1484375 0.184375 0.02109375 0.14140625
0 0.43046875 0.19765625 0.01953125 0.15078125
0 0.26953125 0.15234375 0.01328125 0.0953125
0 0.33046875 0.15546875 0.01328125 0.0984375
0 0.2765625 0.16171875 0.01484375 0.10625