0 0.2140625 0.16953125 0.0171875 0.11953125
0 0.19296875 0.19453125 0.021875 0.153125
0 0.36328125 0.1609375 0.01328125 0.10390625
0 0.24453125 0.16015625 0.01484375 0.10546875
0 0.2828125 0.16796875 0.015625 0.11484375
0 0.35625 0.1703125 0.01640625 0.11640625
0 0.7265625 0.2703125 0.04140625 0.240625
0 0.22890625 0.16640625 0.01640625 0.11484375
0 0.18359375 0.19296875 0.021875 0.15
0 0.03671875 0.17265625 0.01953125 0.1265625
0 0.0109375 0.215625 0.021875 0.1875
0 0.31328125 0.21171875 0.02421875 0.1734375
0 0.64375 0.26484375 0.03671875 0.23515625
0 0.2015625 0.17421875 0.01796875 0.12578125
0 0.021875 0.31640625 0.04375 0.31953125
0 0.26171875 0.16875 0.01640625 0.11640625
0 0.06640625 0.16640625 0.01796875 0.11796875
0 0.00703125 0.375 0.0140625 0.3984375
0 0.27421875 0.175 0.01796875 0.12421875
0 0.015625 0.22421875 0.03046875 0.19609375
0 0.32265625 0.16640625 0.015625 0.11328125
0 0.03046875 0.19296875 0.02421875 0.15390625
0 0.3546875 0.20859375 0.02265625 0.16796875
0 0.40625 0.16953125 0.01484375 0.11484375
0 0.3546875 0.165625 0.01484375 0.11015625
0 0.025 0.16953125 0.01953125 0.12421875
0 0.74609375 0.28125 0.04453125 0.25546875
0 0.121875 0.1609375 0.01640625 0.11015625
0 0.434375 0.1765625 0.01640625 0.1234375
0 0.41171875 0.165625 0.01484375 0.109375
0 0.38203125 0.16328125 0.01484375 0.10625
0 0.32109375 0.16796875 0.015625 0.11328125