0 0.24140625 0.15546875 0.0140625 0.1
0 0.43515625 0.221875 0.02421875 0.18203125
0 0.43046875 0.21328125 0.02265625 0.171875
0 0.4171875 0.2296875 0.02578125 0.19453125
0 0.11640625 0.259375 0.03515625 0.24140625
0 0.72421875 0.22421875 0.03046875 0.18046875
0 0.36875 0.22421875 0.02578125 0.18828125
0 0.33671875 0.1796875 0.01796875 0.1296875
0 0.37734375 0.215625 0.02421875 0.17578125
0 0.30234375 0.20859375 0.0234375 0.16875
0 0.58203125 0.19609375 0.02109375 0.14609375
0 0.45234375 0.17578125 0.015625 0.12109375
0 0.36484375 0.19921875 0.02109375 0.1546875
0 0.55390625 0.19921875 0.021875 0.15078125
0 0.403125 0.1984375 0.0203125 0.1515625
0 0.42421875 0.17578125 0.01640625 0.121875
0 0.43046875 0.1859375 0.01796875 0.13515625