0 0.36328125 0.22421875 0.02578125 0.18828125
0 0.18984375 0.29609375 0.04140625 0.2890625
0 0.5625 0.19609375 0.02109375 0.14609375
0 0.2421875 0.1515625 0.01328125 0.09453125
0 0.43671875 0.196875 0.01953125 0.15
0 0.43046875 0.22109375 0.02421875 0.18359375
0 0.30234375 0.20625 0.02265625 0.16640625
0 0.4046875 0.159375 0.01328125 0.1
0 0.22890625 0.15234375 0.01328125 0.0953125
0 0.41015625 0.19609375 0.0203125 0.15
0 0.42734375 0.21328125 0.02265625 0.1734375
0 0.38046875 0.215625 0.02421875 0.17578125
0 0.209375 0.153125 0.0140625 0.096875
0 0.42578125 0.23203125 0.02578125 0.1984375
0 0.55703125 0.1875 0.01953125 0.134375