0 0.22734375 0.153125 0.01328125 0.096875
0 0.0125 0.25625 0.025 0.240625
0 0.203125 0.28671875 0.03984375 0.275
0 0.953125 0.5390625 0.09296875 0.59296875
0 0.403125 0.159375 0.01328125 0.1
0 0.7546875 0.25625 0.03828125 0.221875
0 0.27890625 0.16640625 0.015625 0.11328125
0 0.43515625 0.221875 0.02421875 0.18203125
0 0.12421875 0.18515625 0.02109375 0.14296875
0 0.5484375 0.2015625 0.021875 0.153125
0 0.359375 0.22421875 0.02578125 0.1890625
0 0.83203125 0.25546875 0.040625 0.21875
0 0.384375 0.21640625 0.02421875 0.178125
0 0.3 0.2078125 0.0234375 0.16796875
0 0.178125 0.1703125 0.0171875 0.1203125
0 0.68359375 0.24375 0.03359375 0.20625
0 0.25234375 0.15625 0.0140625 0.1
0 0.65546875 0.2453125 0.03359375 0.209375
0 0.41171875 0.1953125 0.01953125 0.1484375
0 0.23984375 0.15703125 0.01484375 0.1015625
0 0.21171875 0.16640625 0.01640625 0.1140625
0 0.41484375 0.23203125 0.0265625 0.196875
0 0.24296875 0.153125 0.01328125 0.09609375
0 0.06875 0.17421875 0.01953125 0.12890625
0 0.87265625 0.534375 0.11328125 0.58828125
0 0.43671875 0.21328125 0.02265625 0.17109375