0 0.38828125 0.215625 0.02421875 0.175
0 0.91484375 0.27265625 0.046875 0.23984375
0 0.7484375 0.275 0.04296875 0.24609375
0 0.23828125 0.15859375 0.01484375 0.10390625
0 0.23515625 0.146875 0.0125 0.0890625
0 0.8125 0.26640625 0.0421875 0.23359375
0 0.29765625 0.18125 0.01796875 0.13203125
0 0.49375 0.17421875 0.01640625 0.11953125
0 0.24921875 0.15234375 0.01328125 0.0953125
0 0.57734375 0.1921875 0.02109375 0.13984375
0 0.29921875 0.20703125 0.0234375 0.16640625
0 0.19296875 0.290625 0.040625 0.28046875
0 0.41640625 0.22890625 0.02578125 0.19375
0 0.49453125 0.18125 0.0171875 0.128125
0 0.20546875 0.1546875 0.0140625 0.1
0 0.43359375 0.21328125 0.02265625 0.171875
0 0.4 0.16796875 0.01484375 0.11171875
0 0.2328125 0.14921875 0.01328125 0.09140625
0 0.43359375 0.2203125 0.02421875 0.18125
0 0.009375 0.259375 0.01875 0.24375
0 0.36640625 0.225 0.02578125 0.1890625
0 0.2234375 0.15 0.01328125 0.09296875
0 0.26484375 0.16953125 0.01640625 0.11640625
0 0.40703125 0.19609375 0.01953125 0.14921875