0 0.40625 0.159375 0.01328125 0.1
0 0.4140625 0.22890625 0.02578125 0.19375
0 0.3 0.1609375 0.01484375 0.1046875
0 0.14609375 0.15859375 0.01484375 0.10546875
0 0.3390625 0.159375 0.0140625 0.103125
0 0.19296875 0.20859375 0.02421875 0.17109375
0 0.4296875 0.22109375 0.02421875 0.18203125
0 0.3046875 0.20625 0.0234375 0.165625
0 0.2796875 0.1625 0.01484375 0.10859375
0 0.3875 0.215625 0.0234375 0.17578125
0 0.36640625 0.15625 0.01328125 0.096875
0 0.2234375 0.20390625 0.0234375 0.16484375
0 0.24375 0.26328125 0.03515625 0.24375
0 0.01484375 0.26171875 0.02890625 0.246875
0 0.56875 0.19453125 0.02109375 0.14375
0 0.3671875 0.22421875 0.02578125 0.18828125
0 0.1859375 0.29375 0.04140625 0.28515625
0 0.49453125 0.18359375 0.01796875 0.13046875
0 0.22890625 0.15625 0.0140625 0.10078125
0 0.40703125 0.1953125 0.01953125 0.1484375
0 0.43203125 0.21328125 0.02265625 0.171875
0 0.48828125 0.1796875 0.0171875 0.12578125
0 0.32265625 0.15546875 0.01328125 0.096875