0 0.7171875 0.23125 0.03203125 0.1890625
0 0.1671875 0.1515625 0.0140625 0.09609375
0 0.21171875 0.14921875 0.01328125 0.09140625
0 0.49609375 0.17578125 0.01640625 0.11953125
0 0.4140625 0.18203125 0.0171875 0.13046875
0 0.34921875 0.22109375 0.02578125 0.18515625
0 0.2984375 0.15078125 0.0125 0.09296875
0 0.3984375 0.20703125 0.021875 0.1640625
0 0.45546875 0.16875 0.01484375 0.11171875
0 0.39375 0.17109375 0.01640625 0.11640625
0 0.4375 0.171875 0.015625 0.115625
0 0.134375 0.2953125 0.0421875 0.2890625
0 0.3421875 0.17578125 0.0171875 0.12421875
0 0.40703125 0.17421875 0.01640625 0.1203125
0 0.01171875 0.25546875 0.0234375 0.2390625
0 0.0703125 0.15703125 0.01640625 0.10625
0 0.1984375 0.15078125 0.01328125 0.09375
0 0.184375 0.1515625 0.01328125 0.0953125
0 0.44140625 0.1875 0.01796875 0.13828125
0 0.05234375 0.15625 0.015625 0.1046875
0 0.4640625 0.215625 0.0234375 0.17421875
0 0.43515625 0.22109375 0.02421875 0.18203125
0 0.36796875 0.1734375 0.01640625 0.1203125
0 0.3703125 0.18359375 0.01796875 0.13359375
0 0.409375 0.1953125 0.01953125 0.1484375
0 0.3546875 0.21171875 0.0234375 0.171875
0 0.2640625 0.1578125 0.0140625 0.103125
0 0.41015625 0.22734375 0.02578125 0.19140625
0 0.66328125 0.2171875 0.02734375 0.17109375