0 0.5140625 0.18046875 0.0171875 0.125
0 0.1390625 0.1515625 0.0140625 0.096875
0 0.28984375 0.1625 0.01484375 0.10859375
0 0.35859375 0.18046875 0.01796875 0.1296875
0 0.40703125 0.16015625 0.01328125 0.1015625
0 0.371875 0.15703125 0.01328125 0.0984375
0 0.7359375 0.290625 0.0453125 0.26796875
0 0.0578125 0.16171875 0.01640625 0.11328125
0 0.2140625 0.15 0.01328125 0.09296875
0 0.10234375 0.24765625 0.03359375 0.225
0 0.51875 0.18359375 0.01796875 0.13046875
0 0.01328125 0.3 0.0265625 0.2984375
0 0.51328125 0.1890625 0.01875 0.13828125
0 0.26171875 0.165625 0.015625 0.11328125
0 0.1234375 0.1546875 0.01484375 0.1015625
0 0.4046875 0.15703125 0.01328125 0.0984375
0 0.10625 0.15703125 0.015625 0.1046875