0 0.096875 0.1609375 0.01640625 0.11015625
0 0.0171875 0.253125 0.034375 0.23515625
0 0.54140625 0.2046875 0.02265625 0.15703125
0 0.30546875 0.16171875 0.01484375 0.10703125
0 0.47265625 0.1765625 0.01640625 0.121875
0 0.66171875 0.2171875 0.02734375 0.17109375
0 0.153125 0.165625 0.01640625 0.11484375
0 0.26484375 0.159375 0.01484375 0.10390625
0 0.39296875 0.15625 0.01328125 0.096875
0 0.15234375 0.465625 0.07578125 0.51484375
0 0.2625 0.1515625 0.01328125 0.09453125
0 0.15078125 0.16328125 0.01640625 0.11171875
0 0.12578125 0.159375 0.01640625 0.10859375
0 0.0078125 0.3015625 0.015625 0.3
0 0.834375 0.27890625 0.04609375 0.24921875
0 0.69375 0.22421875 0.0296875 0.18046875
0 0.2484375 0.1609375 0.01484375 0.10625
0 0.3 0.478125 0.07421875 0.5265625
0 0.18125 0.15390625 0.0140625 0.09921875
0 0.165625 0.15546875 0.01484375 0.1015625
0 0.48203125 0.184375 0.01796875 0.13203125
0 0.390625 0.1578125 0.01328125 0.09921875
0 0.1015625 0.16640625 0.0171875 0.11875
0 0.2890625 0.1734375 0.01640625 0.1234375
0 0.4734375 0.175 0.01640625 0.1203125
0 0.14453125 0.1578125 0.01484375 0.1046875