0 0.29765625 0.15625 0.01328125 0.1
0 0.98203125 0.3703125 0.03515625 0.36640625
0 0.38671875 0.1578125 0.01328125 0.09921875
0 0.33203125 0.16875 0.015625 0.115625
0 0.45703125 0.171875 0.015625 0.11640625
0 0.26171875 0.18203125 0.01875 0.134375
0 0.37734375 0.1640625 0.01484375 0.10859375
0 0.41875 0.228125 0.02578125 0.19140625
0 0.19609375 0.14375 0.0125 0.08515625
0 0.3046875 0.20625 0.0234375 0.165625
0 0.91328125 0.271875 0.046875 0.2390625
0 0.48046875 0.2359375 0.02734375 0.2015625
0 0.3796875 0.23203125 0.02734375 0.196875
0 0.3875 0.215625 0.0234375 0.17578125
0 0.2203125 0.16171875 0.01484375 0.10859375
0 0.51484375 0.18359375 0.01796875 0.13046875
0 0.3765625 0.2390625 0.028125 0.20859375
0 0.28203125 0.178125 0.01796875 0.12890625
0 0.01328125 0.2609375 0.0265625 0.246875
0 0.584375 0.19375 0.02109375 0.14296875
0 0.4609375 0.16875 0.01484375 0.1109375
0 0.18671875 0.14453125 0.0125 0.0859375
0 0.1859375 0.29375 0.04140625 0.28515625
0 0.3640625 0.225 0.02578125 0.1890625
0 0.43203125 0.22109375 0.02421875 0.18203125
0 0.40703125 0.19609375 0.01953125 0.14921875
0 0.43359375 0.21328125 0.02265625 0.171875
0 0.93515625 0.37734375 0.07578125 0.37890625
0 0.16640625 0.14609375 0.01328125 0.08828125