0 0.465625 0.17109375 0.01484375 0.11484375
0 0.4828125 0.35703125 0.04921875 0.36328125
0 0.6859375 0.2390625 0.0328125 0.20078125
0 0.0171875 0.259375 0.03359375 0.24375
0 0.21640625 0.15546875 0.0140625 0.09921875
0 0.384375 0.21640625 0.0234375 0.1765625
0 0.26015625 0.1515625 0.01328125 0.09375
0 0.509375 0.17734375 0.01640625 0.12109375
0 0.91328125 0.271875 0.046875 0.2390625
0 0.2796875 0.1515625 0.01328125 0.09375
0 0.253125 0.15390625 0.0140625 0.096875
0 0.27265625 0.1765625 0.01796875 0.1265625
0 0.58046875 0.19296875 0.02109375 0.14140625
0 0.32734375 0.33671875 0.046875 0.33828125
0 0.42109375 0.234375 0.02734375 0.20078125
0 0.39375 0.16875 0.01484375 0.11328125
0 0.28046875 0.165625 0.015625 0.11171875
0 0.36328125 0.15390625 0.01328125 0.0953125
0 0.36484375 0.225 0.02578125 0.1890625
0 0.4 0.19609375 0.0203125 0.15
0 0.42890625 0.22109375 0.02421875 0.18203125
0 0.2515625 0.15234375 0.01328125 0.0953125
0 0.43203125 0.21328125 0.02265625 0.171875
0 0.30390625 0.20703125 0.02265625 0.16640625
0 0.1921875 0.2890625 0.03984375 0.278125
0 0.24375 0.15546875 0.0140625 0.09921875