0 0.34453125 0.16171875 0.0140625 0.1046875
0 0.00703125 0.3703125 0.0140625 0.390625
0 0.0984375 0.19375 0.02265625 0.1546875
0 0.1875 0.165625 0.01640625 0.1140625
0 0.24296875 0.165625 0.015625 0.11171875
0 0.4109375 0.1765625 0.01640625 0.12421875
0 0.00859375 0.29921875 0.01640625 0.29609375
0 0.34765625 0.16328125 0.01484375 0.10703125
0 0.43515625 0.17421875 0.01640625 0.11953125
0 0.375 0.15625 0.01328125 0.096875
0 0.18984375 0.19609375 0.02265625 0.1546875
0 0.4515625 0.17265625 0.01484375 0.11796875
0 0.29296875 0.1625 0.01484375 0.10859375
0 0.325 0.16328125 0.01484375 0.10859375
0 0.4 0.15859375 0.01328125 0.1