0 0.49765625 0.23046875 0.02578125 0.19375
0 0.95859375 0.37578125 0.0765625 0.37578125
0 0.3890625 0.16875 0.01484375 0.11328125
0 0.4421875 0.16875 0.01484375 0.11171875
0 0.35859375 0.16796875 0.01484375 0.1140625
0 0.50234375 0.17890625 0.0171875 0.125
0 0.503125 0.1765625 0.01640625 0.12109375
0 0.84765625 0.26875 0.04453125 0.23515625
0 0.35390625 0.17109375 0.01640625 0.11796875
0 0.18671875 0.15078125 0.01328125 0.09375
0 0.1734375 0.1515625 0.01328125 0.09609375
0 0.3890625 0.15625 0.01328125 0.096875
0 0.5 0.22265625 0.025 0.18203125
0 0.390625 0.15859375 0.01328125 0.1
0 0.01640625 0.253125 0.03203125 0.2359375
0 0.009375 0.30078125 0.01875 0.3
0 0.39453125 0.18203125 0.01796875 0.13046875
0 0.17734375 0.16484375 0.01640625 0.11328125
0 0.475 0.19921875 0.0203125 0.1515625
0 0.40390625 0.17734375 0.01640625 0.125
0 0.31796875 0.18359375 0.01796875 0.13515625
0 0.23203125 0.15234375 0.01328125 0.0953125