0 0.22578125 0.15546875 0.0140625 0.1
0 0.15390625 0.2015625 0.02421875 0.16328125
0 0.0109375 0.3015625 0.02109375 0.3
0 0.49296875 0.17734375 0.01640625 0.1234375
0 0.2 0.15625 0.01484375 0.1015625
0 0.428125 0.1671875 0.01484375 0.11015625
0 0.41015625 0.19609375 0.0203125 0.15
0 0.2515625 0.16015625 0.01484375 0.10546875
0 0.50234375 0.17578125 0.01640625 0.11953125
0 0.115625 0.2046875 0.02421875 0.16875
0 0.340625 0.1609375 0.0140625 0.1046875
0 0.3953125 0.16953125 0.01484375 0.115625
0 0.1578125 0.16328125 0.01640625 0.1109375
0 0.17578125 0.15 0.01328125 0.09453125
0 0.07890625 0.16015625 0.01640625 0.109375
0 0.415625 0.1734375 0.015625 0.11953125
0 0.3484375 0.1515625 0.0125 0.09140625
0 0.43515625 0.1703125 0.01484375 0.11484375
0 0.3625 0.17265625 0.01640625 0.11953125
0 0.2921875 0.15546875 0.01328125 0.096875
0 0.02421875 0.253125 0.03671875 0.23515625