0 0.13984375 0.16953125 0.0171875 0.1203125
0 0.50546875 0.17890625 0.01640625 0.12421875
0 0.121875 0.16328125 0.01640625 0.11328125
0 0.18828125 0.16796875 0.0171875 0.11640625
0 0.29375 0.16171875 0.01484375 0.10625
0 0.16796875 0.159375 0.01484375 0.10546875
0 0.19609375 0.1578125 0.01484375 0.1046875
0 0.50625 0.1765625 0.01640625 0.12109375
0 0.29296875 0.15390625 0.01328125 0.09609375
0 0.52265625 0.184375 0.01796875 0.13125
0 0.01796875 0.25234375 0.0359375 0.2359375
0 0.203125 0.15625 0.01484375 0.1015625
0 0.27578125 0.1625 0.01484375 0.10859375
0 0.1546875 0.16171875 0.01640625 0.11015625
0 0.5671875 0.20625 0.0234375 0.15859375
0 0.33125 0.175 0.0171875 0.12421875
0 0.81875 0.26171875 0.04140625 0.228125
0 0.39453125 0.1578125 0.01328125 0.09921875
0 0.0078125 0.3015625 0.015625 0.3
0 0.1875 0.165625 0.01640625 0.1140625
0 0.3328125 0.16328125 0.01484375 0.10859375
0 0.2125 0.396875 0.0609375 0.421875
0 0.334375 0.39765625 0.05859375 0.41953125