0 0.3828125 0.21640625 0.02421875 0.1765625
0 0.8046875 0.26171875 0.04140625 0.228125
0 0.4296875 0.21328125 0.02265625 0.171875
0 0.31953125 0.15703125 0.01328125 0.09921875
0 0.69609375 0.3109375 0.04921875 0.29609375
0 0.25625 0.15625 0.0140625 0.1
0 0.16328125 0.15 0.01328125 0.09453125
0 0.4203125 0.1625 0.0140625 0.1046875
0 0.390625 0.16953125 0.015625 0.115625
0 0.89609375 0.27109375 0.04609375 0.23828125
0 0.4125 0.23125 0.0265625 0.19609375
0 0.2765625 0.15546875 0.0140625 0.0984375
0 0.009375 0.2578125 0.01875 0.24375
0 0.30078125 0.1640625 0.015625 0.11015625
0 0.30078125 0.20703125 0.0234375 0.16640625
0 0.41953125 0.22109375 0.02421875 0.18359375
0 0.8328125 0.32265625 0.05703125 0.30859375
0 0.4109375 0.16875 0.01484375 0.11328125
0 0.0234375 0.3015625 0.046875 0.29921875
0 0.62265625 0.30546875 0.04453125 0.290625
0 0.32578125 0.15546875 0.01328125 0.096875
0 0.63125 0.290625 0.0421875 0.2703125
0 0.7765625 0.315625 0.053125 0.3
0 0.67421875 0.29140625 0.04375 0.26953125
0 0.75390625 0.23359375 0.03359375 0.19140625
0 0.4796875 0.1765625 0.01640625 0.121875
0 0.85078125 0.33828125 0.06171875 0.328125
0 0.47890625 0.1734375 0.015625 0.11796875
0 0.27109375 0.165625 0.015625 0.11328125
0 0.41015625 0.1953125 0.01953125 0.1484375
0 0.26875 0.15234375 0.01328125 0.0953125
0 0.11796875 0.15078125 0.0140625 0.09609375
0 0.37109375 0.2234375 0.02578125 0.18671875