0 0.98828125 0.296875 0.02265625 0.26953125
0 0.39296875 0.16171875 0.01328125 0.1046875
0 0.8671875 0.2875 0.04921875 0.26015625
0 0.271875 0.16953125 0.01640625 0.11796875
0 0.765625 0.296875 0.0484375 0.275
0 0.609375 0.271875 0.0375 0.24609375
0 0.60078125 0.23828125 0.03046875 0.20078125
0 0.375 0.1703125 0.015625 0.11640625
0 0.40625 0.22890625 0.02578125 0.19296875
0 0.015625 0.25625 0.03125 0.240625
0 0.13359375 0.29375 0.0421875 0.2859375
0 0.91640625 0.29375 0.05234375 0.26640625
0 0.825 0.303125 0.0515625 0.28203125
0 0.2109375 0.17109375 0.0171875 0.12109375
0 0.240625 0.17109375 0.0171875 0.11953125
0 0.79375 0.26796875 0.0421875 0.2359375
0 0.31640625 0.15703125 0.01328125 0.1
0 0.84921875 0.27109375 0.04453125 0.23828125
0 0.66015625 0.27109375 0.0390625 0.24375
0 0.240625 0.15859375 0.01484375 0.1046875
0 0.7046875 0.27109375 0.03984375 0.24140625
0 0.39765625 0.20703125 0.02265625 0.16484375
0 0.4515625 0.16875 0.01484375 0.1109375
0 0.3484375 0.22109375 0.02578125 0.18515625
0 0.64140625 0.23359375 0.03046875 0.19375
0 0.2203125 0.16171875 0.015625 0.109375
0 0.3734375 0.2140625 0.0234375 0.175
0 0.28984375 0.153125 0.01328125 0.0953125
0 0.2984375 0.15859375 0.0140625 0.103125
0 0.428125 0.22109375 0.02421875 0.18359375
0 0.16484375 0.19453125 0.02265625 0.15390625
0 0.46484375 0.215625 0.02265625 0.17421875
0 0.396875 0.1578125 0.01328125 0.09921875
0 0.25703125 0.159375 0.01484375 0.10390625
0 0.90625 0.3140625 0.0578125 0.2953125
0 0.14765625 0.1578125 0.015625 0.1046875
0 0.409375 0.1953125 0.01953125 0.1484375