0 0.43828125 0.1703125 0.015625 0.11484375
0 0.31953125 0.20703125 0.02265625 0.165625
0 0.103125 0.16171875 0.01640625 0.1109375
0 0.36171875 0.16796875 0.015625 0.11328125
0 0.0734375 0.15859375 0.01640625 0.10703125
0 0.5421875 0.22578125 0.0265625 0.1859375
0 0.134375 0.1609375 0.01640625 0.109375
0 0.22421875 0.15078125 0.01328125 0.09453125
0 0.790625 0.2578125 0.03984375 0.2234375
0 0.33046875 0.1625 0.01484375 0.10625
0 0.47265625 0.20703125 0.021875 0.16328125
0 0.48203125 0.21875 0.02421875 0.17890625
0 0.7265625 0.25703125 0.03828125 0.2234375
0 0.453125 0.1734375 0.01484375 0.11875
0 0.1265625 0.28828125 0.04140625 0.27890625
0 0.3140625 0.165625 0.015625 0.1109375
0 0.43203125 0.17578125 0.01640625 0.121875
0 0.11796875 0.15625 0.01484375 0.10390625
0 0.43046875 0.184375 0.01796875 0.134375
0 0.46796875 0.18046875 0.01640625 0.128125
0 0.0171875 0.25546875 0.034375 0.23828125
0 0.41015625 0.196875 0.01953125 0.15078125
0 0.29921875 0.1671875 0.01640625 0.1140625
0 0.2 0.321875 0.046875 0.32109375