0 0.33984375 0.17109375 0.01640625 0.11796875
0 0.09609375 0.1625 0.01640625 0.11171875
0 0.2828125 0.23984375 0.0296875 0.2109375
0 0.1734375 0.1609375 0.01640625 0.109375
0 0.390625 0.15859375 0.01328125 0.1
0 0.4625 0.18203125 0.0171875 0.12890625
0 0.18515625 0.159375 0.01484375 0.10625
0 0.3640625 0.16796875 0.015625 0.11328125
0 0.19765625 0.15703125 0.01484375 0.10390625
0 0.11953125 0.16015625 0.01640625 0.109375
0 0.29609375 0.1578125 0.0140625 0.10078125
0 0.01484375 0.29921875 0.02890625 0.296875
0 0.40546875 0.16015625 0.01328125 0.1015625
0 0.93671875 0.328125 0.0625 0.31171875
0 0.396875 0.15703125 0.01328125 0.096875
0 0.1546875 0.15703125 0.01484375 0.103125