0 0.16640625 0.171875 0.01796875 0.12421875
0 0.3515625 0.1765625 0.0171875 0.125
0 0.1703125 0.16328125 0.01640625 0.1109375
0 0.29296875 0.1640625 0.01484375 0.11015625
0 0.2078125 0.16640625 0.01640625 0.1140625
0 0.13671875 0.165625 0.01640625 0.115625
0 0.34375 0.36796875 0.05234375 0.3796875
0 0.30859375 0.16328125 0.01484375 0.10859375
0 0.30625 0.15546875 0.01328125 0.096875
0 0.40546875 0.15703125 0.01328125 0.0984375
0 0.1875 0.16015625 0.01484375 0.10703125
0 0.24765625 0.36796875 0.0546875 0.38125
0 0.20234375 0.16796875 0.01640625 0.11640625
0 0.01796875 0.25234375 0.0359375 0.2359375
0 0.39296875 0.15703125 0.01328125 0.0984375
0 0.21640625 0.15703125 0.01484375 0.1015625
0 0.209375 0.159375 0.01484375 0.10546875
0 0.35234375 0.165625 0.01484375 0.1109375
0 0.0078125 0.3015625 0.015625 0.3
0 0.56953125 0.20625 0.0234375 0.15859375