0 0.10546875 0.20546875 0.025 0.16953125
0 0.39140625 0.2015625 0.02109375 0.15703125
0 0.50859375 0.18125 0.01796875 0.128125
0 0.178125 0.1765625 0.01796875 0.12890625
0 0.92421875 0.38359375 0.07734375 0.38671875
0 0.47421875 0.184375 0.01796875 0.13203125
0 0.421875 0.20078125 0.0203125 0.1546875
0 0.25390625 0.15546875 0.0140625 0.1
0 0.42421875 0.16796875 0.01484375 0.1109375
0 0.7328125 0.35078125 0.059375 0.346875
0 0.40859375 0.22890625 0.02578125 0.19375
0 0.828125 0.34453125 0.0625 0.33828125
0 0.40625 0.17109375 0.015625 0.115625
0 0.2984375 0.20859375 0.02265625 0.16875
0 0.3640625 0.22421875 0.02578125 0.18828125
0 0.44375 0.22265625 0.02421875 0.184375
0 0.6046875 0.20234375 0.0234375 0.153125
0 0.38046875 0.215625 0.02421875 0.17578125
0 0.50703125 0.17890625 0.01640625 0.125
0 0.3296875 0.1625 0.01484375 0.10625
0 0.42578125 0.21328125 0.02265625 0.171875