0 0.2671875 0.1515625 0.01328125 0.09375
0 0.33203125 0.16875 0.01640625 0.115625
0 0.18984375 0.2890625 0.040625 0.27890625
0 0.62265625 0.44765625 0.075 0.47890625
0 0.3375 0.1640625 0.01484375 0.10859375
0 0.39921875 0.16796875 0.01484375 0.11171875
0 0.42578125 0.23125 0.02578125 0.1953125
0 0.7390625 0.259375 0.03828125 0.22578125
0 0.42890625 0.22109375 0.02421875 0.18203125
0 0.3328125 0.1515625 0.01328125 0.09296875
0 0.20625 0.1515625 0.01328125 0.0953125
0 0.58046875 0.19296875 0.02109375 0.14140625
0 0.378125 0.42421875 0.0625 0.4546875
0 0.26171875 0.17734375 0.01796875 0.12890625
0 0.18203125 0.15234375 0.0140625 0.096875
0 0.0109375 0.26015625 0.02109375 0.24453125
0 0.4 0.19609375 0.0203125 0.15
0 0.16015625 0.16015625 0.015625 0.10703125
0 0.2515625 0.153125 0.01328125 0.09609375
0 0.36484375 0.225 0.02578125 0.1890625
0 0.3828125 0.21640625 0.02421875 0.1765625
0 0.23828125 0.15 0.01328125 0.09296875
0 0.43203125 0.21328125 0.02265625 0.171875
0 0.2125 0.15078125 0.01328125 0.09453125
0 0.30390625 0.20703125 0.02265625 0.16640625
0 0.91171875 0.271875 0.046875 0.2390625