0 0.42890625 0.17109375 0.015625 0.11640625
0 0.2328125 0.1578125 0.01484375 0.103125
0 0.2125 0.15390625 0.01328125 0.0984375
0 0.22578125 0.15 0.01328125 0.09296875
0 0.4390625 0.18359375 0.0171875 0.13125
0 0.7421875 0.31953125 0.05234375 0.30546875
0 0.834375 0.315625 0.05546875 0.2984375
0 0.165625 0.18359375 0.0203125 0.13984375
0 0.4625 0.17578125 0.015625 0.12109375
0 0.190625 0.1484375 0.01328125 0.09140625
0 0.25390625 0.15703125 0.0140625 0.10078125
0 0.4796875 0.17890625 0.01640625 0.12421875
0 0.38671875 0.18203125 0.01796875 0.13046875
0 0.2671875 0.14765625 0.01171875 0.08828125
0 0.4609375 0.18046875 0.01640625 0.128125
0 0.028125 0.25390625 0.03671875 0.23515625
0 0.41328125 0.196875 0.0203125 0.15078125
0 0.2390625 0.1484375 0.0125 0.08984375
0 0.14765625 0.29140625 0.04140625 0.28359375
0 0.2203125 0.1515625 0.01328125 0.0953125
0 0.24453125 0.18671875 0.01953125 0.14140625