0 0.85859375 0.29140625 0.05 0.265625
0 0.62734375 0.21953125 0.02734375 0.17578125
0 0.4046875 0.19609375 0.01953125 0.14921875
0 0.91484375 0.27265625 0.046875 0.23984375
0 0.24140625 0.1484375 0.0125 0.08984375
0 0.17578125 0.15234375 0.0140625 0.096875
0 0.32578125 0.18046875 0.01796875 0.13046875
0 0.578125 0.1921875 0.0203125 0.13984375
0 0.24296875 0.15234375 0.01328125 0.0953125
0 0.41796875 0.22890625 0.02578125 0.19375
0 0.2140625 0.15546875 0.0140625 0.1
0 0.29921875 0.20703125 0.0234375 0.16640625
0 0.4765625 0.171875 0.01484375 0.11640625
0 0.434375 0.21328125 0.02265625 0.171875
0 0.75 0.27578125 0.04296875 0.246875
0 0.0109375 0.25859375 0.02109375 0.24375
0 0.45859375 0.16953125 0.01484375 0.1140625
0 0.19140625 0.290625 0.040625 0.28046875
0 0.37421875 0.16640625 0.01484375 0.11015625
0 0.53671875 0.18515625 0.01875 0.13125
0 0.3640625 0.225 0.02578125 0.1890625
0 0.3 0.17109375 0.01640625 0.11875
0 0.59609375 0.21640625 0.02578125 0.17109375
0 0.43046875 0.22109375 0.02421875 0.18203125
0 0.3890625 0.215625 0.02421875 0.17578125
0 0.2140625 0.15 0.01328125 0.09296875