0 0.16953125 0.1640625 0.01640625 0.1140625
0 0.06953125 0.15625 0.015625 0.1046875
0 0.38515625 0.2171875 0.02421875 0.17890625
0 0.034375 0.25078125 0.0359375 0.23125
0 0.3859375 0.175 0.01640625 0.121875
0 0.0875 0.153125 0.01484375 0.10078125
0 0.0109375 0.3015625 0.02109375 0.3
0 0.23984375 0.17109375 0.0171875 0.11953125
0 0.515625 0.184375 0.01796875 0.13203125
0 0.490625 0.17890625 0.01640625 0.125
0 0.47421875 0.1765625 0.01640625 0.12109375
0 0.44609375 0.171875 0.015625 0.115625
0 0.4078125 0.15703125 0.01328125 0.0984375
0 0.4125 0.16015625 0.01328125 0.1015625
0 0.24765625 0.16328125 0.015625 0.11015625
0 0.4390625 0.22109375 0.02421875 0.18203125
0 0.27734375 0.15546875 0.01328125 0.0984375
0 0.3765625 0.178125 0.0171875 0.1265625
0 0.421875 0.1734375 0.01640625 0.11953125
0 0.38671875 0.1765625 0.01640625 0.12421875