0 0.24921875 0.159375 0.01484375 0.1046875
0 0.2296875 0.1609375 0.01484375 0.10625
0 0.184375 0.16875 0.0171875 0.11875
0 0.39453125 0.1765625 0.01640625 0.12421875
0 0.40546875 0.15703125 0.01328125 0.0984375
0 0.01328125 0.30078125 0.0265625 0.2984375
0 0.33828125 0.1671875 0.015625 0.11171875
0 0.2046875 0.16640625 0.01640625 0.1140625
0 0.2515625 0.17109375 0.0171875 0.11953125
0 0.346875 0.15703125 0.0140625 0.1
0 0.01796875 0.25234375 0.0359375 0.2359375
0 0.38828125 0.1578125 0.01328125 0.09921875
0 0.59765625 0.20703125 0.02421875 0.159375
0 0.359375 0.325 0.04453125 0.321875
0 0.2078125 0.17421875 0.01796875 0.12578125
0 0.24609375 0.16796875 0.01640625 0.11484375
0 0.390625 0.16875 0.01484375 0.11328125
0 0.21328125 0.16171875 0.015625 0.109375
0 0.2796875 0.32265625 0.0453125 0.32109375
0 0.32734375 0.1671875 0.015625 0.11171875