0 0.04921875 0.1796875 0.02109375 0.13671875
0 0.7015625 0.25546875 0.03671875 0.221875
0 0.2515625 0.15703125 0.0140625 0.10078125
0 0.33984375 0.1625 0.01484375 0.10625
0 0.31640625 0.165625 0.01484375 0.11015625
0 0.28359375 0.15625 0.01328125 0.09921875
0 0.478125 0.18125 0.0171875 0.128125
0 0.26640625 0.16875 0.01640625 0.11796875
0 0.75078125 0.25078125 0.03671875 0.21484375
0 0.11171875 0.29609375 0.04296875 0.28984375
0 0.021875 0.18203125 0.02265625 0.140625
0 0.3 0.1609375 0.01484375 0.1046875
0 0.40703125 0.196875 0.0203125 0.15078125
0 0.29921875 0.15390625 0.01328125 0.09609375
0 0.4796875 0.17421875 0.01640625 0.11953125
0 0.33515625 0.153125 0.01328125 0.09375
0 0.13828125 0.1734375 0.01875 0.12578125
0 0.21015625 0.15078125 0.01328125 0.09375
0 0.30546875 0.15859375 0.0140625 0.103125
0 0.01796875 0.2515625 0.0359375 0.234375