0 0.4328125 0.2140625 0.02265625 0.171875
0 0.56796875 0.19609375 0.02109375 0.14609375
0 0.396875 0.1984375 0.0203125 0.1515625
0 0.19609375 0.1515625 0.01328125 0.0953125
0 0.44375 0.175 0.015625 0.1203125
0 0.61484375 0.215625 0.02578125 0.1703125
0 0.30234375 0.178125 0.01796875 0.128125
0 0.4421875 0.19453125 0.01953125 0.14609375
0 0.72109375 0.24296875 0.034375 0.20390625
0 0.40625 0.17421875 0.01640625 0.12109375
0 0.36484375 0.19921875 0.02109375 0.1546875
0 0.37734375 0.215625 0.02421875 0.17578125
0 0.30234375 0.20859375 0.0234375 0.16875
0 0.521875 0.196875 0.0203125 0.146875
0 0.13203125 0.27109375 0.0375 0.25625
0 0.36796875 0.22421875 0.02578125 0.18828125
0 0.38828125 0.1765625 0.01640625 0.1234375
0 0.43203125 0.22109375 0.02421875 0.18203125
0 0.41953125 0.2296875 0.02578125 0.19453125