0 0.203125 0.1640625 0.01640625 0.1109375
0 0.01171875 0.309375 0.02265625 0.31015625
0 0.3765625 0.1640625 0.01484375 0.10703125
0 0.73046875 0.296875 0.046875 0.27578125
0 0.2140625 0.1515625 0.01328125 0.0953125
0 0.346875 0.16640625 0.01484375 0.11171875
0 0.1578125 0.15703125 0.01484375 0.10390625
0 0.2546875 0.15390625 0.01328125 0.09609375
0 0.20234375 0.19453125 0.021875 0.153125
0 0.37421875 0.16640625 0.01484375 0.1109375
0 0.20234375 0.15546875 0.01484375 0.1
0 0.39609375 0.1609375 0.01328125 0.103125
0 0.18359375 0.19140625 0.021875 0.15
0 0.13046875 0.15 0.01328125 0.09453125
0 0.390625 0.165625 0.01484375 0.10859375
0 0.53359375 0.4875 0.07734375 0.534375
0 0.18515625 0.15078125 0.01328125 0.09453125
0 0.0109375 0.37109375 0.02109375 0.39296875
0 0.18671875 0.165625 0.01640625 0.11484375
0 0.65546875 0.4859375 0.08515625 0.52890625
0 0.33203125 0.16640625 0.015625 0.11328125
0 0.49921875 0.17890625 0.01640625 0.12421875
0 0.00078125 0.24609375 0.0015625 0.2265625
0 0.2625 0.16328125 0.01484375 0.109375