0 0.0125 0.2578125 0.025 0.24375
0 0.67890625 0.27890625 0.04140625 0.25390625
0 0.7421875 0.2828125 0.04453125 0.25625
0 0.38515625 0.21640625 0.02421875 0.178125
0 0.3921875 0.17734375 0.0171875 0.125
0 0.43359375 0.2203125 0.02421875 0.18125
0 0.44296875 0.165625 0.01484375 0.10859375
0 0.29609375 0.20703125 0.02265625 0.16640625
0 0.43203125 0.16796875 0.01484375 0.11171875
0 0.253125 0.1515625 0.01328125 0.09453125
0 0.409375 0.23125 0.0265625 0.1953125
0 0.5140625 0.178125 0.0171875 0.1234375
0 0.41875 0.16875 0.01484375 0.1140625
0 0.19453125 0.22265625 0.02734375 0.18984375
0 0.2609375 0.1515625 0.01328125 0.09375
0 0.4015625 0.15859375 0.01328125 0.1
0 0.4 0.19609375 0.0203125 0.15
0 0.43359375 0.21328125 0.02265625 0.171875
0 0.28359375 0.1515625 0.0125 0.09375
0 0.92421875 0.2765625 0.0484375 0.24453125
0 0.2765625 0.1625 0.01484375 0.10859375
0 0.19921875 0.28828125 0.03984375 0.2765625
0 0.1375 0.2234375 0.02890625 0.19296875
0 0.36171875 0.225 0.02578125 0.1890625
0 0.30234375 0.15859375 0.0140625 0.1015625