0 0.034375 0.1796875 0.02109375 0.13671875
0 0.30078125 0.1640625 0.01484375 0.109375
0 0.2421875 0.15546875 0.0140625 0.09921875
0 0.284375 0.159375 0.01484375 0.10390625
0 0.2 0.14921875 0.01328125 0.09296875
0 0.28984375 0.153125 0.01328125 0.0953125
0 0.11875 0.29609375 0.04296875 0.28984375
0 0.271875 0.1546875 0.0140625 0.0984375
0 0.1484375 0.175 0.01796875 0.128125
0 0.26484375 0.171875 0.0171875 0.12109375
0 0.46171875 0.17265625 0.015625 0.11796875
0 0.32109375 0.1515625 0.01328125 0.09140625
0 0.70390625 0.26328125 0.03828125 0.23203125
0 0.40703125 0.196875 0.0203125 0.15078125
0 0.76015625 0.259375 0.0390625 0.22578125
0 0.32578125 0.16171875 0.01484375 0.10546875
0 0.50859375 0.18515625 0.01796875 0.13359375
0 0.29453125 0.1578125 0.0140625 0.10078125
0 0.47109375 0.18125 0.01640625 0.12890625
0 0.01796875 0.2515625 0.0359375 0.234375