0 0.26796875 0.1703125 0.01640625 0.11875
0 0.20078125 0.153125 0.01328125 0.096875
0 0.4140625 0.1734375 0.01640625 0.11953125
0 0.3015625 0.16640625 0.015625 0.11171875
0 0.0109375 0.3015625 0.02109375 0.3
0 0.321875 0.165625 0.01484375 0.11015625
0 0.4359375 0.17265625 0.01484375 0.11796875
0 0.3453125 0.17109375 0.01640625 0.11875
0 0.503125 0.1796875 0.0171875 0.12578125
0 0.2515625 0.1734375 0.0171875 0.121875
0 0.08984375 0.15859375 0.015625 0.10703125
0 0.41171875 0.15703125 0.01328125 0.0984375
0 0.32890625 0.18125 0.01796875 0.13046875
0 0.49375 0.17421875 0.01640625 0.11953125
0 0.34765625 0.17578125 0.01640625 0.1234375
0 0.03046875 0.25078125 0.0359375 0.23046875
0 0.11640625 0.16328125 0.01640625 0.1140625
0 0.32578125 0.2609375 0.0328125 0.23828125
0 0.3890625 0.2609375 0.03203125 0.23671875
0 0.33359375 0.15625 0.01328125 0.0984375
0 0.290625 0.16796875 0.01640625 0.115625