0 0.4109375 0.184375 0.01796875 0.13359375
0 0.26640625 0.15703125 0.0140625 0.10078125
0 0.18671875 0.64140625 0.11953125 0.715625
0 0.1390625 0.15234375 0.0140625 0.096875
0 0.0171875 0.253125 0.034375 0.23515625
0 0.009375 0.30078125 0.01875 0.3
0 0.89140625 0.31171875 0.05625 0.29296875
0 0.51015625 0.20078125 0.02109375 0.15390625
0 0.41875 0.171875 0.015625 0.11796875
0 0.60390625 0.221875 0.02734375 0.17890625
0 0.0203125 0.6421875 0.040625 0.7125
0 0.22421875 0.15546875 0.0140625 0.09921875
0 0.41875 0.17578125 0.01640625 0.12109375
0 0.21328125 0.15625 0.01484375 0.1015625
0 0.1015625 0.16328125 0.01640625 0.11328125
0 0.05078125 0.1625 0.0171875 0.1140625
0 0.1109375 0.1609375 0.01640625 0.11015625
0 0.08828125 0.15625 0.015625 0.1046875
0 0.2375 0.16953125 0.01640625 0.11875
0 0.39921875 0.15703125 0.01328125 0.096875
0 0.39140625 0.15859375 0.01328125 0.1
0 0.49609375 0.18203125 0.0171875 0.1296875
0 0.61484375 0.2265625 0.028125 0.184375
0 0.1078125 0.1546875 0.01484375 0.1015625
0 0.146875 0.15078125 0.01328125 0.09609375
0 0.4703125 0.17578125 0.01640625 0.12109375