0 0.11171875 0.22578125 0.02890625 0.19609375
0 0.06796875 0.1796875 0.0203125 0.13515625
0 0.96953125 0.425 0.059375 0.440625
0 0.37578125 0.20078125 0.02109375 0.15703125
0 0.4578125 0.1796875 0.01640625 0.12578125
0 0.4265625 0.21328125 0.02265625 0.171875
0 0.40625 0.19921875 0.02109375 0.15390625
0 0.37890625 0.215625 0.02421875 0.17578125
0 0.409375 0.1828125 0.01796875 0.13203125
0 0.20078125 0.15078125 0.01328125 0.09453125
0 0.41171875 0.1765625 0.01640625 0.12421875
0 0.4515625 0.17734375 0.01640625 0.1234375
0 0.846875 0.4296875 0.08515625 0.45
0 0.4265625 0.221875 0.02421875 0.18359375
0 0.59375 0.203125 0.0234375 0.1546875
0 0.2984375 0.20859375 0.02265625 0.16875
0 0.3640625 0.22421875 0.02578125 0.18828125
0 0.40703125 0.2296875 0.02578125 0.19453125
0 0.496875 0.1765625 0.01640625 0.12109375
0 0.3296875 0.16171875 0.01484375 0.10546875
0 0.28515625 0.15625 0.0140625 0.09921875