0 0.503125 0.17578125 0.01640625 0.1203125
0 0.39765625 0.1578125 0.01328125 0.09921875
0 0.29296875 0.1625 0.01484375 0.10859375
0 0.353125 0.1546875 0.01328125 0.09609375
0 0.1984375 0.19453125 0.02265625 0.153125
0 0.16875 0.15078125 0.01328125 0.0953125
0 0.23828125 0.16953125 0.01640625 0.11875
0 0.00703125 0.30078125 0.0140625 0.3
0 0.328125 0.16328125 0.01484375 0.10859375
0 0.35546875 0.1640625 0.01484375 0.10703125
0 0.0078125 0.36875 0.01484375 0.38984375
0 0.46953125 0.1796875 0.01640625 0.12578125
0 0.30546875 0.16875 0.015625 0.11484375
0 0.47109375 0.1765625 0.01640625 0.121875
0 0.36328125 0.16171875 0.01484375 0.10546875
0 0.153125 0.19140625 0.021875 0.15