0 0.4140625 0.22890625 0.02578125 0.19375
0 0.428125 0.22109375 0.02421875 0.18203125
0 0.18828125 0.190625 0.02109375 0.146875
0 0.18984375 0.15078125 0.01328125 0.09453125
0 0.29140625 0.15390625 0.01328125 0.09609375
0 0.16875 0.19140625 0.02109375 0.15
0 0.26796875 0.15390625 0.01328125 0.09609375
0 0.4046875 0.159375 0.01328125 0.1
0 0.01484375 0.259375 0.0296875 0.24375
0 0.38203125 0.215625 0.02421875 0.17578125
0 0.240625 0.15546875 0.0140625 0.1
0 0.1859375 0.29375 0.04140625 0.28515625
0 0.21875 0.15625 0.0140625 0.1015625
0 0.0984375 0.284375 0.04140625 0.27421875
0 0.30078125 0.20625 0.02265625 0.165625
0 0.315625 0.15234375 0.01328125 0.09375
0 0.40703125 0.1953125 0.01953125 0.1484375
0 0.44609375 0.16953125 0.01484375 0.1140625
0 0.12265625 0.1546875 0.01484375 0.1015625
0 0.43203125 0.21328125 0.02265625 0.171875
0 0.3640625 0.225 0.02578125 0.1890625
0 0.571875 0.19453125 0.02109375 0.14375