0 0.684375 0.22421875 0.0296875 0.1796875
0 0.73125 0.23671875 0.03359375 0.19609375
0 0.30078125 0.20859375 0.02265625 0.16875
0 0.58671875 0.2203125 0.0265625 0.178125
0 0.378125 0.215625 0.0234375 0.17578125
0 0.31328125 0.19453125 0.02109375 0.15
0 0.4328125 0.221875 0.02421875 0.18203125
0 0.08203125 0.21953125 0.028125 0.1890625
0 0.38125 0.17578125 0.01640625 0.1234375
0 0.5109375 0.21875 0.02421875 0.1765625
0 0.4078125 0.23046875 0.0265625 0.19609375
0 0.42578125 0.21328125 0.02265625 0.171875
0 0.40703125 0.17421875 0.01640625 0.1203125
0 0.5578125 0.2265625 0.02734375 0.1859375
0 0.37265625 0.22421875 0.02578125 0.18671875
0 0.4375 0.1765625 0.01640625 0.1234375
0 0.309375 0.1890625 0.01953125 0.14375
0 0.36171875 0.19921875 0.02109375 0.1546875
0 0.3921875 0.196875 0.0203125 0.1515625
0 0.3859375 0.178125 0.01640625 0.12578125