0 0.096875 0.159375 0.01640625 0.10859375
0 0.0140625 0.25859375 0.02734375 0.24375
0 0.26015625 0.1515625 0.01328125 0.09453125
0 0.48359375 0.19140625 0.01875 0.14296875
0 0.665625 0.30078125 0.0453125 0.28359375
0 0.72578125 0.29921875 0.04765625 0.2796875
0 0.396875 0.23046875 0.02578125 0.19609375
0 0.18203125 0.1515625 0.0140625 0.09609375
0 0.88125 0.31796875 0.0578125 0.30078125
0 0.41484375 0.1953125 0.01953125 0.1484375
0 0.44765625 0.22265625 0.02421875 0.184375
0 0.19296875 0.15078125 0.01328125 0.09375
0 0.83203125 0.31171875 0.05390625 0.29453125
0 0.2984375 0.17421875 0.0171875 0.1234375
0 0.303125 0.20703125 0.02265625 0.16640625
0 0.16875 0.15390625 0.0140625 0.0984375
0 0.39921875 0.1578125 0.01328125 0.09921875
0 0.434375 0.2125 0.02265625 0.17109375
0 0.1296875 0.19140625 0.021875 0.14921875
0 0.2015625 0.28828125 0.03984375 0.2765625
0 0.2703125 0.1515625 0.01328125 0.09375
0 0.38359375 0.21640625 0.02421875 0.178125
0 0.365625 0.1734375 0.01640625 0.1203125
0 0.284375 0.15078125 0.01328125 0.09296875
0 0.35625 0.2234375 0.02578125 0.18671875
0 0.08671875 0.190625 0.02265625 0.15