0 0.20546875 0.15703125 0.01484375 0.10390625
0 0.446875 0.171875 0.01484375 0.115625
0 0.41484375 0.17109375 0.01484375 0.11640625
0 0.44140625 0.16796875 0.01484375 0.11171875
0 0.36015625 0.15390625 0.01328125 0.09453125
0 0.1671875 0.20390625 0.02421875 0.165625
0 0.2578125 0.1625 0.015625 0.10859375
0 0.02421875 0.1828125 0.021875 0.14140625
0 0.190625 0.1484375 0.01328125 0.090625
0 0.09453125 0.16171875 0.01640625 0.1109375
0 0.0109375 0.3015625 0.02109375 0.3
0 0.38046875 0.17421875 0.01640625 0.12109375
0 0.175 0.16328125 0.01640625 0.11171875
0 0.23203125 0.15625 0.01484375 0.1015625
0 0.13359375 0.20625 0.025 0.1703125
0 0.43515625 0.175 0.015625 0.1203125
0 0.3578125 0.16171875 0.01484375 0.10546875
0 0.41640625 0.19609375 0.01953125 0.14921875
0 0.3015625 0.15625 0.01328125 0.1
0 0.02421875 0.253125 0.03671875 0.23515625
0 0.18515625 0.15078125 0.01328125 0.09453125
0 0.51484375 0.17890625 0.0171875 0.12421875