0 0.47578125 0.171875 0.015625 0.11640625
0 0.4625 0.175 0.015625 0.1203125
0 0.2484375 0.1546875 0.0140625 0.0984375
0 0.1015625 0.1609375 0.01640625 0.11015625
0 0.46015625 0.16953125 0.01484375 0.1140625
0 0.01171875 0.25859375 0.0234375 0.24296875
0 0.56953125 0.19453125 0.02109375 0.14375
0 0.15078125 0.21796875 0.02734375 0.184375
0 0.29765625 0.15859375 0.0140625 0.103125
0 0.42578125 0.23046875 0.02578125 0.19453125
0 0.1875 0.29296875 0.04140625 0.284375
0 0.36875 0.22421875 0.02578125 0.18828125
0 0.38125 0.21640625 0.02421875 0.1765625
0 0.30234375 0.20625 0.02265625 0.16640625
0 0.125 0.159375 0.01640625 0.10859375
0 0.4046875 0.1953125 0.01953125 0.1484375
0 0.43046875 0.21328125 0.02265625 0.171875
0 0.40703125 0.159375 0.01328125 0.1
0 0.43359375 0.22109375 0.02421875 0.18203125