0 0.19765625 0.1953125 0.021875 0.15390625
0 0.95 0.528125 0.0984375 0.57890625
0 0.66953125 0.24921875 0.034375 0.2140625
0 0.38984375 0.165625 0.01484375 0.10859375
0 0.1484375 0.153125 0.0140625 0.09921875
0 0.40625 0.17109375 0.015625 0.11640625
0 0.9984375 0.415625 0.00234375 0.42578125
0 0.3765625 0.1640625 0.01484375 0.10703125
0 0.5171875 0.34375 0.0484375 0.34375
0 0.20390625 0.16328125 0.01640625 0.1109375
0 0.00859375 0.3109375 0.0171875 0.31171875
0 0.32734375 0.16796875 0.015625 0.1140625
0 0.3859375 0.1609375 0.0140625 0.103125
0 0.209375 0.15234375 0.0140625 0.0953125
0 0.36875 0.16796875 0.01484375 0.1140625
0 0.17109375 0.15234375 0.0140625 0.096875
0 0.18359375 0.19140625 0.021875 0.15
0 0.8546875 0.56640625 0.1203125 0.63046875
0 0.453125 0.35546875 0.0484375 0.36015625
0 0.27578125 0.1671875 0.01640625 0.1140625
0 0.0109375 0.37109375 0.02109375 0.39296875
0 0.0796875 0.21953125 0.028125 0.1890625
0 0.19375 0.1515625 0.0140625 0.09609375
0 0.3484375 0.16640625 0.01484375 0.1109375
0 0.44765625 0.16796875 0.01484375 0.1109375