0 0.66171875 0.23125 0.03046875 0.18984375
0 0.0125 0.25625 0.025 0.240625
0 0.26796875 0.16015625 0.01484375 0.10546875
0 0.403125 0.159375 0.01328125 0.1
0 0.8171875 0.47109375 0.09296875 0.50546875
0 0.1109375 0.18046875 0.0203125 0.1359375
0 0.43515625 0.221875 0.02421875 0.18203125
0 0.74921875 0.24140625 0.03515625 0.20078125
0 0.13203125 0.1671875 0.0171875 0.11796875
0 0.384375 0.21640625 0.02421875 0.178125
0 0.25 0.1640625 0.01484375 0.1109375
0 0.275 0.1546875 0.01328125 0.0984375
0 0.190625 0.28984375 0.040625 0.2796875
0 0.8921875 0.44375 0.09140625 0.46796875
0 0.3 0.2078125 0.0234375 0.16796875
0 0.26875 0.1703125 0.01640625 0.11875
0 0.24921875 0.15546875 0.0140625 0.09921875
0 0.584375 0.20390625 0.02265625 0.15546875
0 0.359375 0.22421875 0.02578125 0.1890625
0 0.41484375 0.23203125 0.0265625 0.196875
0 0.69765625 0.23125 0.03125 0.18984375
0 0.27890625 0.15859375 0.01484375 0.1015625
0 0.06875 0.17421875 0.01953125 0.12890625
0 0.41171875 0.1953125 0.01953125 0.1484375
0 0.43671875 0.21328125 0.02265625 0.17109375