0 0.47578125 0.30625 0.03984375 0.29375
0 0.45390625 0.1734375 0.015625 0.11875
0 0.18515625 0.1546875 0.01484375 0.1
0 0.31875 0.16875 0.01640625 0.115625
0 0.9328125 0.36171875 0.07109375 0.35625
0 0.3765625 0.1640625 0.01484375 0.10703125
0 0.2 0.1953125 0.02265625 0.15390625
0 0.66796875 0.23359375 0.03046875 0.19296875
0 0.36875 0.16796875 0.01484375 0.1140625
0 0.2421875 0.15546875 0.0140625 0.09921875
0 0.23046875 0.16484375 0.01640625 0.11328125
0 0.3890625 0.1640625 0.01484375 0.10859375
0 0.48203125 0.171875 0.015625 0.11640625
0 0.18359375 0.19140625 0.021875 0.15
0 0.05546875 0.15390625 0.015625 0.103125
0 0.3640625 0.1703125 0.015625 0.11640625
0 0.10703125 0.20625 0.025 0.1703125
0 0.89296875 0.4625 0.09609375 0.49140625
0 0.0125 0.31015625 0.025 0.3109375
0 0.20625 0.15390625 0.0140625 0.0984375
0 0.740625 0.4671875 0.08671875 0.503125
0 0.403125 0.31171875 0.040625 0.30390625
0 0.415625 0.1640625 0.0140625 0.10625
0 0.1578125 0.15546875 0.01484375 0.1015625
0 0.9828125 0.45390625 0.0328125 0.47890625
0 0.0125 0.37109375 0.025 0.39140625
0 0.3484375 0.16640625 0.01484375 0.1109375
0 0.0625 0.159375 0.01640625 0.11015625