0 0.965625 0.45859375 0.0671875 0.48515625
0 0.19453125 0.2890625 0.03984375 0.278125
0 0.2828125 0.1515625 0.01328125 0.09375
0 0.89375 0.46640625 0.09765625 0.4984375
0 0.3671875 0.2890625 0.03671875 0.275
0 0.2609375 0.1515625 0.01328125 0.09375
0 0.25390625 0.1515625 0.01328125 0.09453125
0 0.3 0.20625 0.02265625 0.16640625
0 0.21875 0.159375 0.01484375 0.10546875
0 0.58203125 0.19296875 0.02109375 0.14140625
0 0.409375 0.23125 0.0265625 0.1953125
0 0.30625 0.1765625 0.01796875 0.125
0 0.425 0.171875 0.015625 0.11640625
0 0.384375 0.21640625 0.02421875 0.178125
0 0.2796875 0.27578125 0.0359375 0.25859375
0 0.31171875 0.15703125 0.01328125 0.09921875
0 0.303125 0.15859375 0.0140625 0.1015625
0 0.4 0.19609375 0.0203125 0.15
0 0.43359375 0.21328125 0.02265625 0.171875
0 0.91484375 0.271875 0.046875 0.2390625
0 0.29296875 0.159375 0.01484375 0.10390625
0 0.36484375 0.225 0.02578125 0.1890625
0 0.4015625 0.15859375 0.01328125 0.1
0 0.43203125 0.22109375 0.02421875 0.18203125
0 0.0140625 0.25859375 0.02734375 0.24375