0 0.4046875 0.19609375 0.01953125 0.15
0 0.3 0.16171875 0.01484375 0.10703125
0 0.30859375 0.14921875 0.01171875 0.08984375
0 0.18125 0.14921875 0.01328125 0.09296875
0 0.37109375 0.1734375 0.01640625 0.1203125
0 0.4796875 0.171875 0.01484375 0.11640625
0 0.43046875 0.22109375 0.02421875 0.18203125
0 0.7703125 0.27109375 0.0421875 0.23984375
0 0.58203125 0.19296875 0.02109375 0.14140625
0 0.42578125 0.23125 0.02578125 0.1953125
0 0.23515625 0.15 0.01328125 0.09296875
0 0.465625 0.50546875 0.0765625 0.559375
0 0.25078125 0.15234375 0.01328125 0.0953125
0 0.26328125 0.17734375 0.01796875 0.12890625
0 0.19921875 0.1484375 0.01328125 0.09140625
0 0.1875 0.2890625 0.03984375 0.27890625
0 0.25625 0.15078125 0.01328125 0.09296875
0 0.0109375 0.26015625 0.02109375 0.24453125
0 0.18125 0.1625 0.015625 0.11015625
0 0.75625 0.2359375 0.03359375 0.19453125
0 0.36484375 0.225 0.02578125 0.1890625
0 0.35234375 0.165625 0.01484375 0.1109375
0 0.3828125 0.21640625 0.02421875 0.1765625
0 0.91640625 0.271875 0.046875 0.2390625
0 0.1625 0.15 0.01328125 0.09453125
0 0.43203125 0.21328125 0.02265625 0.171875
0 0.76484375 0.534375 0.1046875 0.590625
0 0.30390625 0.20703125 0.02265625 0.16640625