0 0.34609375 0.1625 0.01484375 0.10625
0 0.4203125 0.23359375 0.0265625 0.19921875
0 0.40703125 0.159375 0.01328125 0.1
0 0.11015625 0.165625 0.0171875 0.11640625
0 0.10546875 0.146875 0.01328125 0.09140625
0 0.57109375 0.19453125 0.02109375 0.14375
0 0.2546875 0.20390625 0.02265625 0.1640625
0 0.0109375 0.25859375 0.02109375 0.24296875
0 0.21015625 0.1453125 0.0125 0.08671875
0 0.365625 0.225 0.02578125 0.1890625
0 0.18125 0.146875 0.01328125 0.08984375
0 0.1875 0.29296875 0.04140625 0.284375
0 0.40703125 0.1953125 0.01953125 0.1484375
0 0.38125 0.21640625 0.02421875 0.1765625
0 0.290625 0.1578125 0.0140625 0.10078125
0 0.30234375 0.20625 0.02265625 0.16640625
0 0.115625 0.14609375 0.01328125 0.090625
0 0.43046875 0.21328125 0.02265625 0.171875
0 0.13046875 0.165625 0.0171875 0.115625
0 0.43203125 0.22109375 0.02421875 0.18203125