0 0.39375 0.19609375 0.0203125 0.15
0 0.1984375 0.1640625 0.01640625 0.11171875
0 0.65546875 0.21015625 0.02578125 0.16328125
0 0.57109375 0.2140625 0.025 0.16953125
0 0.39921875 0.19296875 0.01953125 0.14453125
0 0.30234375 0.20625 0.02265625 0.16640625
0 0.4046875 0.159375 0.01328125 0.1
0 0.36640625 0.22421875 0.02578125 0.18828125
0 0.42421875 0.22109375 0.02421875 0.18203125
0 0.42734375 0.21328125 0.02265625 0.1734375
0 0.38046875 0.215625 0.02421875 0.17578125
0 0.4203125 0.23515625 0.02734375 0.2015625
0 0.60859375 0.20859375 0.02421875 0.16171875