0 0.28515625 0.19140625 0.0203125 0.1453125
0 0.0140625 0.21640625 0.02734375 0.1859375
0 0.31484375 0.16640625 0.015625 0.11328125
0 0.40625 0.19609375 0.0203125 0.14921875
0 0.42890625 0.21875 0.0234375 0.17890625
0 0.01328125 0.25625 0.02578125 0.23984375
0 0.1265625 0.2953125 0.04296875 0.2890625
0 0.421875 0.17578125 0.01640625 0.121875
0 0.1890625 0.1484375 0.01328125 0.090625
0 0.44453125 0.2140625 0.02265625 0.1734375
0 0.18828125 0.16171875 0.015625 0.10859375
0 0.125 0.15703125 0.015625 0.1046875
0 0.4015625 0.20703125 0.021875 0.16484375
0 0.14609375 0.15625 0.01484375 0.103125
0 0.2140625 0.159375 0.01484375 0.10625
0 0.24375 0.153125 0.01328125 0.09609375
0 0.146875 0.20859375 0.02578125 0.1734375
0 0.41875 0.22890625 0.02578125 0.19375
0 0.36796875 0.1609375 0.0140625 0.10390625
0 0.95859375 0.27578125 0.04921875 0.24140625
0 0.35703125 0.2109375 0.0234375 0.16953125
0 0.34921875 0.16171875 0.01484375 0.10546875
0 0.334375 0.16484375 0.01484375 0.109375
0 0.184375 0.1640625 0.01640625 0.11328125