0 0.77578125 0.28671875 0.04609375 0.2609375
0 0.70859375 0.27421875 0.04140625 0.24609375
0 0.428125 0.21328125 0.02265625 0.171875
0 0.40625 0.16328125 0.0140625 0.10546875
0 0.4796875 0.17109375 0.01484375 0.1140625
0 0.41328125 0.23125 0.02578125 0.19609375
0 0.1546875 0.18671875 0.0203125 0.14375
0 0.42734375 0.20078125 0.02109375 0.15546875
0 0.29609375 0.1671875 0.015625 0.1140625
0 0.3 0.20859375 0.0234375 0.16875
0 0.3640625 0.2234375 0.02578125 0.18828125
0 0.42421875 0.22109375 0.02421875 0.18203125
0 0.5203125 0.184375 0.01796875 0.13125
0 0.38046875 0.215625 0.02421875 0.17578125
0 0.64609375 0.2765625 0.03984375 0.25078125
0 0.38203125 0.1984375 0.02109375 0.15390625
0 0.3765625 0.16484375 0.01484375 0.109375