0 0.240625 0.15390625 0.0140625 0.096875
0 0.4203125 0.23046875 0.02578125 0.1953125
0 0.25546875 0.153125 0.01328125 0.09609375
0 0.43046875 0.22109375 0.02421875 0.18359375
0 0.3671875 0.22421875 0.02578125 0.18828125
0 0.30234375 0.20625 0.02265625 0.16640625
0 0.4046875 0.159375 0.01328125 0.1
0 0.56015625 0.19609375 0.02109375 0.14609375
0 0.41015625 0.19609375 0.0203125 0.15
0 0.42734375 0.21328125 0.02265625 0.1734375
0 0.38046875 0.215625 0.02421875 0.17578125
0 0.43125 0.19765625 0.0203125 0.15078125
0 0.18984375 0.29296875 0.040625 0.284375
0 0.221875 0.15390625 0.0140625 0.09921875