0 0.19453125 0.2890625 0.03984375 0.278125
0 0.284375 0.15078125 0.01328125 0.09296875
0 0.29921875 0.20703125 0.02265625 0.16640625
0 0.25078125 0.24140625 0.03046875 0.21484375
0 0.38515625 0.21640625 0.02421875 0.178125
0 0.2609375 0.1515625 0.01328125 0.09375
0 0.240625 0.15390625 0.01328125 0.096875
0 0.91015625 0.271875 0.04609375 0.23828125
0 0.409375 0.23125 0.0265625 0.1953125
0 0.7875 0.32265625 0.0546875 0.30859375
0 0.16796875 0.240625 0.03125 0.21484375
0 0.38515625 0.1640625 0.01484375 0.10859375
0 0.70859375 0.31796875 0.05078125 0.3046875
0 0.4 0.19609375 0.0203125 0.15
0 0.584375 0.19375 0.02109375 0.14296875
0 0.35859375 0.1765625 0.01640625 0.125
0 0.36796875 0.165625 0.01484375 0.11015625
0 0.4015625 0.15859375 0.01328125 0.1
0 0.3265625 0.16640625 0.015625 0.11171875
0 0.43203125 0.22109375 0.02421875 0.18203125
0 0.43359375 0.21328125 0.02265625 0.171875
0 0.3953125 0.1625 0.0140625 0.1046875
0 0.36640625 0.225 0.02578125 0.1890625
0 0.253125 0.1515625 0.01328125 0.09453125
0 0.01484375 0.25859375 0.0296875 0.24296875
0 0.1578125 0.15234375 0.0140625 0.096875