0 0.51875 0.19453125 0.0203125 0.14453125
0 0.4359375 0.1765625 0.01640625 0.1234375
0 0.48828125 0.19453125 0.01953125 0.14609375
0 0.403125 0.17421875 0.01640625 0.12109375
0 0.39140625 0.17734375 0.01640625 0.125
0 0.396875 0.196875 0.0203125 0.1515625
0 0.49140625 0.2046875 0.021875 0.159375
0 0.77578125 0.29375 0.04765625 0.2703125
0 0.37734375 0.215625 0.02421875 0.17578125
0 0.36640625 0.19921875 0.02109375 0.1546875
0 0.41171875 0.2296875 0.02578125 0.19453125
0 0.35546875 0.175 0.01640625 0.121875
0 0.36484375 0.22421875 0.02578125 0.18828125
0 0.10859375 0.259375 0.03515625 0.24140625
0 0.4296875 0.22109375 0.02421875 0.18359375
0 0.434375 0.2140625 0.02265625 0.171875
0 0.54609375 0.221875 0.02578125 0.18125
0 0.30234375 0.20859375 0.0234375 0.16875