0 0.40859375 0.16015625 0.01328125 0.1015625
0 0.396875 0.2015625 0.02109375 0.15703125
0 0.4515625 0.1765625 0.01640625 0.121875
0 0.02890625 0.25078125 0.03671875 0.23125
0 0.1375 0.15546875 0.01484375 0.1015625
0 0.4828125 0.17578125 0.01640625 0.1203125
0 0.20703125 0.16796875 0.01640625 0.11796875
0 0.296875 0.16953125 0.01640625 0.11640625
0 0.11640625 0.15703125 0.015625 0.10546875
0 0.2703125 0.15546875 0.0140625 0.09921875
0 0.45 0.20625 0.02109375 0.16171875
0 0.3015625 0.17578125 0.0171875 0.125
0 0.4546875 0.1796875 0.01640625 0.12578125
0 0.45078125 0.18125 0.01640625 0.1296875
0 0.01328125 0.3 0.0265625 0.2984375
0 0.4046875 0.15703125 0.01328125 0.0984375
0 0.95703125 0.309375 0.05859375 0.28671875