0 0.2984375 0.20859375 0.02265625 0.16875
0 0.39375 0.1984375 0.02109375 0.1515625
0 0.1265625 0.43125 0.06953125 0.46953125
0 0.4328125 0.21328125 0.02265625 0.17109375
0 0.28828125 0.24296875 0.0296875 0.21484375
0 0.43125 0.1765625 0.01640625 0.12421875
0 0.38046875 0.215625 0.02421875 0.17578125
0 0.43359375 0.221875 0.02421875 0.18203125
0 0.415625 0.22890625 0.02578125 0.19375
0 0.39453125 0.16640625 0.01484375 0.11015625
0 0.32890625 0.15546875 0.01328125 0.0984375
0 0.54921875 0.24375 0.03046875 0.21015625
0 0.3640625 0.19921875 0.02109375 0.1546875
0 0.403125 0.17421875 0.01640625 0.1203125
0 0.1859375 0.15234375 0.0140625 0.096875
0 0.378125 0.17578125 0.01640625 0.1234375
0 0.20234375 0.1515625 0.01328125 0.0953125
0 0.38515625 0.178125 0.01640625 0.1265625
0 0.1046875 0.25390625 0.03515625 0.234375
0 0.428125 0.165625 0.0140625 0.10859375
0 0.09296875 0.19921875 0.02421875 0.1609375
0 0.6046875 0.24765625 0.0328125 0.2140625
0 0.359375 0.2234375 0.02578125 0.18671875
0 0.040625 0.3734375 0.06171875 0.39453125
0 0.2265625 0.440625 0.06953125 0.4796875
0 0.16953125 0.30078125 0.04296875 0.29453125