0 0.38125 0.171875 0.01640625 0.11875
0 0.0109375 0.25703125 0.021875 0.240625
0 0.3984375 0.20703125 0.02265625 0.16484375
0 0.41640625 0.22421875 0.025 0.18671875
0 0.15625 0.14609375 0.01328125 0.0890625
0 0.14609375 0.1484375 0.01328125 0.09375
0 0.27890625 0.16171875 0.01484375 0.10703125
0 0.42109375 0.165625 0.01484375 0.10859375
0 0.1953125 0.159375 0.01484375 0.10546875
0 0.3203125 0.15859375 0.0140625 0.103125
0 0.42265625 0.16796875 0.01484375 0.11171875
0 0.2640625 0.16796875 0.01640625 0.115625
0 0.12734375 0.29140625 0.04140625 0.28359375
0 0.2328125 0.15078125 0.01328125 0.09375
0 0.04375 0.1515625 0.01484375 0.1
0 0.4484375 0.2140625 0.02265625 0.171875
0 0.25703125 0.1640625 0.015625 0.11015625
0 0.4875 0.1765625 0.01640625 0.121875
0 0.2984375 0.18515625 0.01953125 0.13671875
0 0.3390625 0.196875 0.02109375 0.15390625
0 0.1765625 0.16015625 0.015625 0.10703125
0 0.27109375 0.20234375 0.02265625 0.16171875
0 0.40859375 0.196875 0.0203125 0.15078125
0 0.4390625 0.21953125 0.0234375 0.1796875
0 0.1 0.19609375 0.0234375 0.15625
0 0.4015625 0.1703125 0.015625 0.11484375
0 0.94453125 0.32109375 0.06171875 0.30390625
0 0.03125 0.15625 0.01640625 0.1046875
0 0.1203125 0.1484375 0.01328125 0.09296875