0 0.13359375 0.15390625 0.01484375 0.10078125
0 0.85234375 0.29140625 0.05 0.26640625
0 0.90859375 0.328125 0.06171875 0.3140625
0 0.35 0.1671875 0.01484375 0.11171875
0 0.40625 0.22890625 0.02578125 0.19296875
0 0.27421875 0.15234375 0.01328125 0.0953125
0 0.90625 0.31015625 0.05625 0.2890625
0 0.825 0.30859375 0.05234375 0.2890625
0 0.66640625 0.246875 0.03359375 0.21015625
0 0.69453125 0.28671875 0.04296875 0.2640625
0 0.13359375 0.29375 0.0421875 0.2859375
0 0.2453125 0.15703125 0.0140625 0.10078125
0 0.48671875 0.17734375 0.01640625 0.1234375
0 0.365625 0.21484375 0.02421875 0.17578125
0 0.40625 0.16328125 0.0140625 0.10625
0 0.0109375 0.25859375 0.02109375 0.24375
0 0.22734375 0.15703125 0.01484375 0.1015625
0 0.496875 0.17578125 0.01640625 0.1203125
0 0.1984375 0.16953125 0.0171875 0.11953125
0 0.39765625 0.20703125 0.02265625 0.16484375
0 0.41015625 0.159375 0.01328125 0.10078125
0 0.19921875 0.15859375 0.01484375 0.10390625
0 0.2734375 0.15625 0.0140625 0.09921875
0 0.884375 0.28828125 0.05078125 0.26015625
0 0.76953125 0.30078125 0.04921875 0.28046875
0 0.40859375 0.1953125 0.01953125 0.1484375
0 0.6046875 0.24921875 0.0328125 0.21484375
0 0.2890625 0.15546875 0.01328125 0.096875
0 0.65390625 0.290625 0.04296875 0.2703125
0 0.4328125 0.18125 0.0171875 0.1296875
0 0.97734375 0.33046875 0.04453125 0.31484375
0 0.6 0.28984375 0.04140625 0.2703125
0 0.16328125 0.203125 0.02421875 0.165625
0 0.46484375 0.215625 0.02265625 0.17421875
0 0.253125 0.16796875 0.01640625 0.11484375
0 0.21953125 0.16796875 0.01640625 0.11796875
0 0.3984375 0.1578125 0.01328125 0.09921875
0 0.3484375 0.22109375 0.02578125 0.18515625
0 0.428125 0.22109375 0.02421875 0.18359375