0 0.5703125 0.19453125 0.02109375 0.14375
0 0.2203125 0.15078125 0.01328125 0.09453125
0 0.01171875 0.25859375 0.0234375 0.24296875
0 0.30078125 0.20625 0.02265625 0.165625
0 0.175 0.1828125 0.01953125 0.13828125
0 0.15234375 0.18359375 0.0203125 0.13984375
0 0.43203125 0.21328125 0.02265625 0.171875
0 0.2609375 0.1515625 0.01328125 0.09453125
0 0.4125 0.22890625 0.02578125 0.19375
0 0.20078125 0.1515625 0.01328125 0.09609375
0 0.4265625 0.22109375 0.02421875 0.18203125
0 0.38203125 0.215625 0.02421875 0.17578125
0 0.021875 0.30390625 0.04375 0.3015625
0 0.28359375 0.14921875 0.0125 0.090625
0 0.16171875 0.146875 0.01328125 0.090625
0 0.1078125 0.15234375 0.0140625 0.09921875
0 0.47421875 0.184375 0.01796875 0.13125
0 0.47734375 0.17109375 0.015625 0.1140625
0 0.365625 0.225 0.02578125 0.1890625
0 0.17890625 0.153125 0.0140625 0.0984375
0 0.1875 0.29296875 0.04140625 0.284375
0 0.40703125 0.1953125 0.01953125 0.1484375
0 0.390625 0.16640625 0.01484375 0.11015625
0 0.40625 0.159375 0.01328125 0.1