0 0.4015625 0.159375 0.01328125 0.10078125
0 0.35234375 0.171875 0.01640625 0.11875
0 0.1265625 0.29609375 0.04296875 0.28984375
0 0.753125 0.2375 0.03359375 0.196875
0 0.1265625 0.1515625 0.01484375 0.0984375
0 0.51171875 0.19453125 0.01953125 0.1453125
0 0.096875 0.153125 0.01484375 0.1
0 0.23203125 0.153125 0.01328125 0.096875
0 0.29765625 0.20703125 0.0234375 0.16640625
0 0.39296875 0.1578125 0.01328125 0.09921875
0 0.8015625 0.3859375 0.07109375 0.39140625
0 0.79140625 0.68125 0.19921875 0.63515625
0 0.6796875 0.39453125 0.06640625 0.40703125
0 0.434375 0.22265625 0.02421875 0.184375
0 0.7703125 0.3046875 0.05 0.28515625
0 0.85234375 0.33671875 0.06171875 0.32578125
0 0.8328125 0.32109375 0.05703125 0.30546875
0 0.709375 0.246875 0.03515625 0.21015625
0 0.8328125 0.253125 0.03984375 0.21484375
0 0.14609375 0.15078125 0.0140625 0.09609375
0 0.409375 0.1953125 0.01953125 0.1484375
0 0.015625 0.26015625 0.03125 0.2453125
0 0.24609375 0.15859375 0.01484375 0.10390625
0 0.17265625 0.1484375 0.01328125 0.090625
0 0.01953125 0.15859375 0.0171875 0.109375
0 0.3671875 0.2234375 0.02578125 0.18671875
0 0.38515625 0.21640625 0.02421875 0.178125
0 0.24140625 0.15234375 0.01328125 0.0953125
0 0.478125 0.17109375 0.01484375 0.1140625
0 0.4875 0.1984375 0.0203125 0.15
0 0.36796875 0.23359375 0.02734375 0.20078125
0 0.471875 0.21640625 0.0234375 0.175
0 0.52734375 0.328125 0.04609375 0.321875