0 0.00546875 0.2984375 0.0109375 0.296875
0 0.32109375 0.16953125 0.01640625 0.11640625
0 0.178125 0.15703125 0.01484375 0.10390625
0 0.540625 0.22421875 0.02578125 0.18359375
0 0.1296875 0.15078125 0.0140625 0.09609375
0 0.1796875 0.15078125 0.01328125 0.09453125
0 0.23671875 0.1640625 0.01640625 0.11171875
0 0.06484375 0.15703125 0.015625 0.10625
0 0.396875 0.15703125 0.01328125 0.096875
0 0.76796875 0.24140625 0.03515625 0.20078125
0 0.503125 0.17890625 0.0171875 0.125
0 0.15546875 0.1578125 0.01484375 0.1046875
0 0.3171875 0.16796875 0.015625 0.11328125
0 0.21875 0.16640625 0.01640625 0.11484375
0 0.39375 0.1578125 0.01328125 0.09921875
0 0.15859375 0.1515625 0.0140625 0.0953125
0 0.3046875 0.1703125 0.01640625 0.11875
0 0.30859375 0.1609375 0.01484375 0.10546875