0 0.3796875 0.21953125 0.02421875 0.18125
0 0.27734375 0.15625 0.0140625 0.09921875
0 0.17578125 0.146875 0.01328125 0.08984375
0 0.51484375 0.178125 0.01640625 0.1234375
0 0.12265625 0.15703125 0.015625 0.10546875
0 0.29609375 0.14921875 0.0125 0.0890625
0 0.42578125 0.21875 0.0234375 0.1796875
0 0.29375 0.15546875 0.0140625 0.0984375
0 0.2578125 0.1578125 0.01484375 0.103125
0 0.38125 0.15703125 0.01328125 0.0984375
0 0.28984375 0.2015625 0.02265625 0.16015625
0 0.44453125 0.2140625 0.02265625 0.1734375
0 0.00703125 0.2203125 0.01328125 0.19296875
0 0.6015625 0.20546875 0.0234375 0.15625
0 0.37890625 0.175 0.01640625 0.121875
0 0.0109375 0.25625 0.021875 0.23984375
0 0.4 0.20703125 0.02265625 0.16484375
0 0.525 0.19140625 0.01953125 0.13984375
0 0.49921875 0.18359375 0.01796875 0.1296875
0 0.409375 0.1953125 0.01953125 0.1484375
0 0.1046875 0.159375 0.01640625 0.10859375
0 0.14140625 0.15703125 0.01484375 0.1046875
0 0.4203125 0.22890625 0.02578125 0.19296875
0 0.2390625 0.159375 0.01484375 0.1046875
0 0.49375 0.1765625 0.01640625 0.12109375
0 0.065625 0.153125 0.01484375 0.10078125
0 0.084375 0.15234375 0.01484375 0.09921875
0 0.12890625 0.2953125 0.04296875 0.2890625
0 0.47890625 0.17890625 0.01640625 0.125