0 0.43125 0.22109375 0.02421875 0.18359375
0 0.5125 0.19609375 0.0203125 0.146875
0 0.396875 0.1984375 0.0203125 0.1515625
0 0.4328125 0.2140625 0.02265625 0.171875
0 0.38359375 0.17578125 0.01640625 0.12421875
0 0.453125 0.196875 0.01953125 0.14921875
0 0.40625 0.17421875 0.01640625 0.12109375
0 0.4421875 0.175 0.01640625 0.1203125
0 0.559375 0.19609375 0.02109375 0.14609375
0 0.36484375 0.19921875 0.02109375 0.1546875
0 0.58984375 0.21640625 0.02578125 0.171875
0 0.37734375 0.215625 0.02421875 0.17578125
0 0.14453125 0.26953125 0.0375 0.2546875
0 0.30234375 0.20859375 0.0234375 0.16875
0 0.72734375 0.25078125 0.03671875 0.2140625
0 0.36484375 0.22421875 0.02578125 0.18828125
0 0.30546875 0.17734375 0.01796875 0.1265625
0 0.41953125 0.2296875 0.02578125 0.19453125