0 0.22421875 0.30859375 0.04375 0.3046875
0 0.39765625 0.1734375 0.01640625 0.11953125
0 0.2984375 0.20859375 0.02265625 0.16875
0 0.975 0.353125 0.04921875 0.3453125
0 0.12890625 0.259375 0.03515625 0.24140625
0 0.3953125 0.16328125 0.0140625 0.10546875
0 0.253125 0.19453125 0.02109375 0.1515625
0 0.43125 0.1765625 0.01640625 0.12421875
0 0.43359375 0.221875 0.02421875 0.18203125
0 0.415625 0.22890625 0.02578125 0.19375
0 0.26875 0.15625 0.0140625 0.1
0 0.3640625 0.19921875 0.02109375 0.1546875
0 0.25625 0.1578125 0.01484375 0.103125
0 0.3828125 0.215625 0.02421875 0.17578125
0 0.37890625 0.175 0.01640625 0.121875
0 0.89765625 0.34140625 0.0640625 0.33125
0 0.38515625 0.178125 0.01640625 0.1265625
0 0.31484375 0.24140625 0.02890625 0.21171875
0 0.5859375 0.2140625 0.02578125 0.16953125
0 0.03359375 0.3734375 0.0625 0.3953125
0 0.15234375 0.30859375 0.04453125 0.30546875
0 0.4328125 0.21328125 0.02265625 0.17109375
0 0.1671875 0.19453125 0.02265625 0.15390625
0 0.3734375 0.1625 0.01484375 0.10625
0 0.22734375 0.25625 0.03359375 0.234375
0 0.371875 0.2234375 0.02578125 0.18828125
0 0.55625 0.21328125 0.02421875 0.16953125
0 0.39296875 0.1984375 0.0203125 0.153125