0 0.3484375 0.2421875 0.02890625 0.21171875
0 0.0109375 0.3015625 0.02109375 0.3
0 0.38671875 0.1734375 0.01640625 0.11953125
0 0.48359375 0.17421875 0.01640625 0.11953125
0 0.38984375 0.1765625 0.01640625 0.12421875
0 0.11796875 0.1609375 0.01640625 0.11015625
0 0.31875 0.17109375 0.01640625 0.11796875
0 0.3375 0.16875 0.01640625 0.115625
0 0.16015625 0.165625 0.01640625 0.11484375
0 0.4109375 0.15703125 0.01328125 0.0984375
0 0.31640625 0.15546875 0.01328125 0.0984375
0 0.30234375 0.171875 0.01640625 0.1203125
0 0.38828125 0.18359375 0.01796875 0.13359375
0 0.40546875 0.24609375 0.02890625 0.215625
0 0.35703125 0.1671875 0.015625 0.11171875
0 0.4578125 0.1765625 0.01640625 0.121875
0 0.21015625 0.15546875 0.0140625 0.1
0 0.02421875 0.2515625 0.03671875 0.23203125
0 0.28671875 0.17421875 0.01796875 0.1234375