0 0.825 0.69140625 0.21953125 0.615625
0 0.4078125 0.19609375 0.01953125 0.14921875
0 0.91484375 0.27265625 0.046875 0.23984375
0 0.4265625 0.16953125 0.01484375 0.11328125
0 0.36796875 0.225 0.02578125 0.1890625
0 0.234375 0.14921875 0.01328125 0.09140625
0 0.7484375 0.275 0.04296875 0.24609375
0 0.2375 0.15703125 0.0140625 0.1015625
0 0.20234375 0.2890625 0.03984375 0.27890625
0 0.23203125 0.1671875 0.01640625 0.115625
0 0.77890625 0.2484375 0.03671875 0.209375
0 0.25078125 0.15234375 0.01328125 0.0953125
0 0.30078125 0.20703125 0.02265625 0.16640625
0 0.41640625 0.22890625 0.02578125 0.19375
0 0.43515625 0.22109375 0.02421875 0.18203125
0 0.0109375 0.26015625 0.02109375 0.24453125
0 0.43359375 0.21328125 0.02265625 0.171875
0 0.45234375 0.1796875 0.01640625 0.12578125
0 0.578125 0.1921875 0.0203125 0.13984375
0 0.22890625 0.15 0.01328125 0.09296875
0 0.3828125 0.21640625 0.02421875 0.1765625
0 0.259375 0.14765625 0.0125 0.08828125
0 0.271875 0.17890625 0.01796875 0.13046875
0 0.2640625 0.16171875 0.01484375 0.10625