0 0.4734375 0.18046875 0.0171875 0.128125
0 0.22734375 0.2796875 0.0375 0.26484375
0 0.17578125 0.159375 0.015625 0.10546875
0 0.59140625 0.22578125 0.028125 0.18515625
0 0.35234375 0.17109375 0.015625 0.11796875
0 0.05703125 0.15859375 0.01640625 0.10703125
0 0.36875 0.16875 0.015625 0.11328125
0 0.37890625 0.16640625 0.01484375 0.11015625
0 0.409375 0.17421875 0.015625 0.1203125
0 0.11796875 0.29140625 0.04140625 0.28359375
0 0.515625 0.209375 0.02265625 0.165625
0 0.40859375 0.196875 0.0203125 0.15078125
0 0.4890625 0.1734375 0.01640625 0.11796875
0 0.5015625 0.17890625 0.0171875 0.12421875
0 0.17890625 0.15 0.01328125 0.09453125
0 0.01640625 0.25390625 0.03203125 0.2359375
0 0.721875 0.23671875 0.0328125 0.1953125
0 0.15625 0.16328125 0.01640625 0.11171875
0 0.54765625 0.21953125 0.02578125 0.178125
0 0.31484375 0.15 0.0125 0.090625
0 0.28203125 0.20390625 0.02265625 0.1640625
0 0.13671875 0.16484375 0.01640625 0.11484375
0 0.7703125 0.23671875 0.03359375 0.1953125
0 0.43359375 0.184375 0.01796875 0.13359375
0 0.1140625 0.153125 0.01484375 0.09921875