0 0.89296875 0.30078125 0.05390625 0.278125
0 0.39765625 0.16953125 0.01484375 0.11484375
0 0.18125 0.15390625 0.0140625 0.09921875
0 0.4046875 0.1609375 0.0140625 0.10390625
0 0.3328125 0.16171875 0.0140625 0.1046875
0 0.215625 0.16171875 0.015625 0.109375
0 0.08828125 0.1515625 0.01484375 0.0984375
0 0.13984375 0.16171875 0.01640625 0.1109375
0 0.35625 0.23671875 0.02734375 0.2046875
0 0.19375 0.1640625 0.01640625 0.11171875
0 0.38203125 0.1734375 0.01640625 0.1203125
0 0.221875 0.16015625 0.01484375 0.10546875
0 0.50625 0.18125 0.01796875 0.128125
0 0.396875 0.15703125 0.01328125 0.096875
0 0.015625 0.2984375 0.03125 0.296875
0 0.125 0.1640625 0.01640625 0.1140625
0 0.39609375 0.15859375 0.01328125 0.1