0 0.2640625 0.17578125 0.01796875 0.12578125
0 0.1875 0.14921875 0.01328125 0.09375
0 0.9546875 0.48046875 0.08984375 0.5140625
0 0.29453125 0.17109375 0.01640625 0.11953125
0 0.33984375 0.1703125 0.01640625 0.11640625
0 0.16953125 0.1515625 0.01328125 0.0953125
0 0.14453125 0.29140625 0.04140625 0.28203125
0 0.4078125 0.196875 0.0203125 0.15078125
0 0.68515625 0.21875 0.028125 0.171875
0 0.31328125 0.1625 0.01484375 0.10625
0 0.9828125 0.4359375 0.0328125 0.453125
0 0.02578125 0.25390625 0.03671875 0.23515625
0 0.42265625 0.1765625 0.01640625 0.12421875
0 0.4671875 0.18125 0.01640625 0.12890625
0 0.30078125 0.17421875 0.01640625 0.121875
0 0.23203125 0.2109375 0.025 0.1734375
0 0.190625 0.196875 0.02265625 0.15625