0 0.2125 0.1515625 0.01328125 0.0953125
0 0.0125 0.2609375 0.025 0.24609375
0 0.3515625 0.221875 0.02578125 0.18515625
0 0.94296875 0.6203125 0.11328125 0.7
0 0.13828125 0.14921875 0.01328125 0.09375
0 0.77109375 0.3078125 0.05078125 0.28984375
0 0.27265625 0.15859375 0.01484375 0.1015625
0 0.13046875 0.15546875 0.01484375 0.10078125
0 0.4125 0.17578125 0.01640625 0.121875
0 0.43125 0.221875 0.02421875 0.18203125
0 0.41171875 0.1953125 0.01953125 0.1484375
0 0.7171875 0.32578125 0.053125 0.31484375
0 0.15703125 0.1546875 0.01484375 0.1
0 0.83125 0.321875 0.05703125 0.30625
0 0.11796875 0.3 0.04375 0.29453125
0 0.07890625 0.16328125 0.01640625 0.1140625
0 0.46484375 0.21640625 0.0234375 0.175
0 0.3984375 0.1578125 0.01328125 0.09921875
0 0.28125 0.15625 0.0140625 0.1
0 0.56953125 0.20390625 0.02265625 0.15625
0 0.690625 0.23359375 0.03203125 0.19296875
0 0.09609375 0.15703125 0.01484375 0.1046875
0 0.00234375 0.2875 0.00390625 0.28203125
0 0.31796875 0.20703125 0.02265625 0.165625
0 0.2953125 0.16328125 0.01484375 0.10859375
0 0.54765625 0.20703125 0.02265625 0.16015625
0 0.6453125 0.3328125 0.0515625 0.3265625
0 0.63125 0.5984375 0.10859375 0.67890625
0 0.8171875 0.63671875 0.13515625 0.725
0 0.58203125 0.2875 0.03984375 0.26796875
0 0.38828125 0.21640625 0.02421875 0.178125
0 0.35859375 0.23671875 0.02734375 0.2046875
0 0.85234375 0.33828125 0.06171875 0.328125
0 0.4046875 0.159375 0.01328125 0.10078125