0 0.40390625 0.159375 0.01328125 0.1
0 0.30625 0.15703125 0.0140625 0.09921875
0 0.21953125 0.16171875 0.015625 0.10859375
0 0.83359375 0.38125 0.071875 0.3859375
0 0.246875 0.15390625 0.01328125 0.09609375
0 0.1796875 0.29609375 0.0421875 0.28828125
0 0.77421875 0.384375 0.06953125 0.39140625
0 0.0125 0.25625 0.025 0.240625
0 0.303125 0.16328125 0.01484375 0.10859375
0 0.61640625 0.20546875 0.02421875 0.15703125
0 0.43515625 0.221875 0.02421875 0.18203125
0 0.27734375 0.153125 0.01328125 0.0953125
0 0.27578125 0.15703125 0.0140625 0.1015625
0 0.728125 0.540625 0.10390625 0.6
0 0.3 0.2078125 0.0234375 0.16796875
0 0.75625 0.496875 0.0953125 0.54140625
0 0.940625 0.33828125 0.065625 0.3265625
0 0.36484375 0.22265625 0.025 0.1859375
0 0.8953125 0.540625 0.1171875 0.59609375
0 0.32265625 0.171875 0.01640625 0.1203125
0 0.684375 0.221875 0.02890625 0.178125
0 0.99765625 0.35 0.003125 0.3390625
0 0.3234375 0.16171875 0.01484375 0.10546875
0 0.8734375 0.45 0.09140625 0.47578125
0 0.09296875 0.1734375 0.01875 0.1265625
0 0.41484375 0.23203125 0.0265625 0.196875
0 0.90703125 0.39453125 0.07890625 0.403125
0 0.384375 0.21640625 0.02421875 0.178125
0 0.41171875 0.1953125 0.01953125 0.1484375
0 0.43671875 0.21328125 0.02265625 0.17109375