0 0.12890625 0.1921875 0.02265625 0.15078125
0 0.396875 0.1578125 0.01328125 0.09921875
0 0.36328125 0.16171875 0.01484375 0.10546875
0 0.2921875 0.1625 0.01484375 0.10859375
0 0.0046875 0.3 0.00859375 0.2984375
0 0.2765625 0.1671875 0.015625 0.1140625
0 0.0078125 0.36875 0.01484375 0.38984375
0 0.21484375 0.16796875 0.01640625 0.11640625
0 0.184375 0.19609375 0.02265625 0.1546875
0 0.4796875 0.17421875 0.01640625 0.11953125
0 0.4546875 0.17578125 0.01640625 0.12109375
0 0.35703125 0.1546875 0.01328125 0.09609375
0 0.32578125 0.16328125 0.01484375 0.10859375
0 0.43515625 0.178125 0.01640625 0.125
0 0.35078125 0.16328125 0.01484375 0.10703125