0 0.15078125 0.16640625 0.01640625 0.115625
0 0.32734375 0.15703125 0.01328125 0.09921875
0 0.2203125 0.16015625 0.01484375 0.10546875
0 0.40546875 0.15703125 0.01328125 0.0984375
0 0.196875 0.1609375 0.01484375 0.10703125
0 0.3234375 0.16484375 0.01484375 0.109375
0 0.58203125 0.20625 0.0234375 0.159375
0 0.3703125 0.17734375 0.0171875 0.125
0 0.39140625 0.15703125 0.01328125 0.0984375
0 0.23203125 0.15859375 0.01484375 0.10390625
0 0.228125 0.16796875 0.01640625 0.11640625
0 0.22734375 0.16640625 0.01640625 0.11484375
0 0.35234375 0.34375 0.04765625 0.346875
0 0.01796875 0.25234375 0.0359375 0.2359375
0 0.01328125 0.30078125 0.0265625 0.2984375
0 0.31171875 0.165625 0.01484375 0.1109375
0 0.1859375 0.1734375 0.01796875 0.12421875
0 0.178125 0.16328125 0.01640625 0.11171875
0 0.2609375 0.3421875 0.04921875 0.346875
0 0.371875 0.1671875 0.01484375 0.11171875