0 0.42421875 0.21953125 0.02421875 0.1796875
0 0.29375 0.15703125 0.0140625 0.1
0 0.1 0.153125 0.01484375 0.1
0 0.11875 0.16015625 0.015625 0.109375
0 0.27265625 0.159375 0.01484375 0.1046875
0 0.01328125 0.21796875 0.0265625 0.1890625
0 0.075 0.15390625 0.01484375 0.1015625
0 0.29140625 0.146875 0.01171875 0.0859375
0 0.1328125 0.15859375 0.015625 0.10625
0 0.44453125 0.2140625 0.02265625 0.1734375
0 0.1859375 0.146875 0.01328125 0.08984375
0 0.52578125 0.18359375 0.01796875 0.1296875
0 0.38046875 0.175 0.01640625 0.121875
0 0.28828125 0.19921875 0.021875 0.15625
0 0.25 0.16015625 0.01484375 0.10546875
0 0.0109375 0.25625 0.021875 0.23984375
0 0.4 0.20703125 0.02265625 0.16484375
0 0.49609375 0.1796875 0.0171875 0.12578125
0 0.4203125 0.22890625 0.02578125 0.19296875
0 0.40546875 0.1953125 0.01953125 0.1484375
0 0.38359375 0.2171875 0.02421875 0.17890625
0 0.50703125 0.1765625 0.01640625 0.12109375
0 0.53203125 0.190625 0.01953125 0.1390625
0 0.640625 0.20859375 0.025 0.16015625
0 0.12890625 0.2953125 0.04296875 0.2890625
0 0.14921875 0.1578125 0.015625 0.1046875
0 0.30625 0.15625 0.0140625 0.09921875