0 0.39453125 0.19296875 0.01953125 0.14453125
0 0.39375 0.19609375 0.0203125 0.15
0 0.42421875 0.22109375 0.02421875 0.18203125
0 0.30234375 0.20625 0.02265625 0.16640625
0 0.4046875 0.159375 0.01328125 0.1
0 0.36640625 0.22421875 0.02578125 0.18828125
0 0.66484375 0.2140625 0.02734375 0.16796875
0 0.57890625 0.215625 0.02578125 0.171875
0 0.42734375 0.21328125 0.02265625 0.1734375
0 0.38046875 0.215625 0.02421875 0.17578125
0 0.4203125 0.23515625 0.02734375 0.2015625
0 0.6109375 0.21171875 0.02578125 0.165625
0 0.19765625 0.16796875 0.01640625 0.11640625