0 0.3828125 0.21640625 0.02421875 0.1765625
0 0.43125 0.1640625 0.0140625 0.10625
0 0.6875 0.28125 0.0421875 0.25625
0 0.021875 0.30078125 0.04375 0.2984375
0 0.275 0.153125 0.01328125 0.0953125
0 0.6296875 0.2984375 0.04296875 0.2796875
0 0.78203125 0.2546875 0.03828125 0.21875
0 0.6375 0.2796875 0.03984375 0.25546875
0 0.334375 0.15546875 0.01328125 0.096875
0 0.4125 0.23125 0.0265625 0.19609375
0 0.86328125 0.26015625 0.0421875 0.22421875
0 0.009375 0.2578125 0.01875 0.24375
0 0.30078125 0.20703125 0.0234375 0.16640625
0 0.29765625 0.165625 0.015625 0.1109375
0 0.70703125 0.303125 0.04765625 0.284375
0 0.834375 0.32265625 0.05703125 0.30859375
0 0.40703125 0.171875 0.015625 0.11796875
0 0.78046875 0.315625 0.053125 0.29921875
0 0.28359375 0.16796875 0.015625 0.115625
0 0.42265625 0.16953125 0.01484375 0.1140625
0 0.36484375 0.22421875 0.02578125 0.18828125
0 0.1703125 0.1515625 0.0140625 0.0953125
0 0.26796875 0.1578125 0.0140625 0.103125
0 0.28125 0.15625 0.01328125 0.09921875
0 0.85078125 0.33828125 0.06171875 0.328125
0 0.41953125 0.22109375 0.02421875 0.18359375
0 0.41015625 0.1953125 0.01953125 0.1484375
0 0.3296875 0.15703125 0.01328125 0.1
0 0.43046875 0.21328125 0.02265625 0.171875