0 0.24765625 0.146875 0.0125 0.08828125
0 0.41328125 0.22890625 0.02578125 0.19296875
0 0.34921875 0.1625 0.01484375 0.10625
0 0.01171875 0.25859375 0.0234375 0.24296875
0 0.13359375 0.175 0.01875 0.128125
0 0.37890625 0.190625 0.01953125 0.14296875
0 0.153125 0.17421875 0.01796875 0.12578125
0 0.38203125 0.215625 0.02421875 0.17578125
0 0.3671875 0.22421875 0.02578125 0.18828125
0 0.18359375 0.14609375 0.01328125 0.0890625
0 0.40703125 0.159375 0.01328125 0.1
0 0.5703125 0.19453125 0.02109375 0.14375
0 0.1875 0.29296875 0.04140625 0.284375
0 0.1078125 0.14921875 0.0140625 0.0953125
0 0.303125 0.20625 0.02265625 0.165625
0 0.2265625 0.14921875 0.01328125 0.09140625
0 0.40703125 0.1953125 0.01953125 0.1484375
0 0.43359375 0.2203125 0.02421875 0.18125
0 0.43203125 0.21328125 0.02265625 0.171875
0 0.1671875 0.1484375 0.01328125 0.09140625
0 0.14609375 0.14921875 0.01328125 0.09296875
0 0.42421875 0.1671875 0.01484375 0.11015625