0 0.0875 0.15625 0.01484375 0.10390625
0 0.46015625 0.1765625 0.01640625 0.121875
0 0.47734375 0.17421875 0.01640625 0.11953125
0 0.45234375 0.171875 0.015625 0.115625
0 0.728125 0.24921875 0.0359375 0.21328125
0 0.5 0.21953125 0.02421875 0.178125
0 0.4828125 0.2078125 0.021875 0.1640625
0 0.43046875 0.184375 0.01796875 0.134375
0 0.3375 0.16796875 0.01484375 0.11328125
0 0.11171875 0.16171875 0.01640625 0.1109375
0 0.0171875 0.25390625 0.034375 0.23515625
0 0.37421875 0.16953125 0.015625 0.115625
0 0.11484375 0.29140625 0.04140625 0.28203125
0 0.46953125 0.18046875 0.0171875 0.128125
0 0.784375 0.25078125 0.0375 0.21328125
0 0.55703125 0.22734375 0.02734375 0.18828125
0 0.30546875 0.20625 0.02265625 0.165625
0 0.4125 0.196875 0.0203125 0.15078125
0 0.20546875 0.30390625 0.04296875 0.29921875
0 0.3171875 0.16875 0.01640625 0.11484375
0 0.14140625 0.16171875 0.01640625 0.11015625
0 0.23203125 0.14921875 0.01328125 0.09140625
0 0.1359375 0.15703125 0.01484375 0.1046875
0 0.34765625 0.16328125 0.01484375 0.10703125