0 0.15390625 0.1546875 0.01484375 0.1
0 0.0890625 0.2125 0.0265625 0.17890625
0 0.9296875 0.5015625 0.109375 0.54375
0 0.4640625 0.16953125 0.01484375 0.1140625
0 0.98984375 0.47578125 0.01875 0.50703125
0 0.3765625 0.1640625 0.01484375 0.10703125
0 0.79375 0.51875 0.103125 0.56875
0 0.2 0.1953125 0.02265625 0.15390625
0 0.18359375 0.19140625 0.021875 0.15
0 0.36875 0.16796875 0.01484375 0.1140625
0 0.3453125 0.16875 0.015625 0.115625
0 0.296875 0.16875 0.015625 0.11484375
0 0.01015625 0.3109375 0.0203125 0.31171875
0 0.21875 0.1640625 0.015625 0.11171875
0 0.43046875 0.17265625 0.015625 0.11796875
0 0.39921875 0.16171875 0.01328125 0.10390625
0 0.67265625 0.24296875 0.03359375 0.20546875
0 0.50546875 0.3234375 0.04375 0.31796875
0 0.196875 0.153125 0.0140625 0.09609375
0 0.2375 0.15390625 0.0140625 0.096875
0 0.42421875 0.3296875 0.04375 0.328125
0 0.97421875 0.3890625 0.05 0.39296875
0 0.0109375 0.37109375 0.02109375 0.39296875
0 0.0578125 0.159375 0.01640625 0.109375
0 0.18046875 0.15390625 0.01484375 0.09921875
0 0.3484375 0.16640625 0.01484375 0.1109375
0 0.38984375 0.165625 0.01484375 0.10859375