0 0.49296875 0.17890625 0.01640625 0.125
0 0.60625 0.203125 0.0234375 0.15390625
0 0.965625 0.396875 0.0671875 0.40390625
0 0.43984375 0.2234375 0.02421875 0.18515625
0 0.428125 0.21328125 0.02265625 0.171875
0 0.45859375 0.18359375 0.01796875 0.13203125
0 0.4171875 0.19921875 0.02109375 0.1546875
0 0.490625 0.18125 0.0171875 0.128125
0 0.86328125 0.36875 0.0703125 0.36875
0 0.40859375 0.22890625 0.02578125 0.19375
0 0.321875 0.1609375 0.0140625 0.1046875
0 0.14765625 0.17734375 0.01953125 0.13046875
0 0.2984375 0.20859375 0.02265625 0.16875
0 0.3953125 0.20234375 0.02109375 0.15859375
0 0.3640625 0.22421875 0.02578125 0.18828125
0 0.4 0.16640625 0.01484375 0.11015625
0 0.38046875 0.215625 0.02421875 0.17578125
0 0.10703125 0.209375 0.02578125 0.17421875
0 0.23984375 0.1546875 0.01328125 0.0984375
0 0.75 0.36328125 0.06328125 0.36328125
0 0.4078125 0.17265625 0.01640625 0.11796875