0 0.45 0.178125 0.01640625 0.125
0 0.37265625 0.17109375 0.015625 0.11640625
0 0.39375 0.2828125 0.0359375 0.265625
0 0.35625 0.15703125 0.01328125 0.09921875
0 0.02265625 0.25078125 0.03671875 0.23125
0 0.01328125 0.30078125 0.0265625 0.2984375
0 0.28125 0.178125 0.01796875 0.12890625
0 0.4046875 0.15703125 0.01328125 0.0984375
0 0.275 0.1640625 0.015625 0.11015625
0 0.396875 0.17109375 0.01484375 0.115625
0 0.21328125 0.16953125 0.0171875 0.11953125
0 0.23828125 0.16875 0.01640625 0.11640625
0 0.446875 0.17265625 0.015625 0.11796875
0 0.2890625 0.1625 0.01484375 0.10859375
0 0.30625 0.28203125 0.03671875 0.26640625
0 0.30703125 0.1703125 0.01640625 0.11875
0 0.26796875 0.1671875 0.01640625 0.1140625
0 0.41640625 0.1609375 0.01328125 0.103125
0 0.31015625 0.17265625 0.01640625 0.12109375
0 0.64453125 0.209375 0.02578125 0.16171875