0 0.0546875 0.1609375 0.01640625 0.1109375
0 0.24296875 0.15234375 0.01328125 0.0953125
0 0.3171875 0.16484375 0.01484375 0.109375
0 0.0859375 0.15859375 0.01640625 0.10703125
0 0.390625 0.15859375 0.01328125 0.1
0 0.73125 0.26171875 0.0390625 0.2296875
0 0.40703125 0.16015625 0.01328125 0.1015625
0 0.1515625 0.15703125 0.01484375 0.10390625
0 0.9984375 0.40234375 0.00234375 0.40859375
0 0.1703125 0.24375 0.03203125 0.21953125
0 0.16015625 0.15390625 0.0140625 0.09921875
0 0.40234375 0.18046875 0.0171875 0.1296875
0 0.01328125 0.3 0.0265625 0.2984375
0 0.29140625 0.16796875 0.015625 0.11484375
0 0.10625 0.1609375 0.01640625 0.1109375
0 0.396875 0.15703125 0.01328125 0.096875
0 0.14453125 0.15859375 0.015625 0.10625
0 0.52109375 0.18671875 0.01953125 0.13515625