0 0.7640625 0.290625 0.04609375 0.26640625
0 0.2328125 0.1640625 0.01640625 0.1109375
0 0.65625 0.26171875 0.03671875 0.23125
0 0.6 0.23125 0.02890625 0.19140625
0 0.3875 0.171875 0.015625 0.11796875
0 0.3484375 0.22109375 0.02578125 0.18515625
0 0.3828125 0.1625 0.0140625 0.1046875
0 0.840625 0.278125 0.04609375 0.24921875
0 0.40625 0.22890625 0.02578125 0.19296875
0 0.0140625 0.2578125 0.02734375 0.24140625
0 0.13359375 0.29375 0.0421875 0.2859375
0 0.79375 0.259375 0.03984375 0.225
0 0.88515625 0.3015625 0.05390625 0.2796875
0 0.29765625 0.15390625 0.01328125 0.096875
0 0.6203125 0.2640625 0.03671875 0.2359375
0 0.26796875 0.159375 0.01484375 0.1046875
0 0.25703125 0.17265625 0.0171875 0.12109375
0 0.2265625 0.17265625 0.0171875 0.1234375
0 0.30859375 0.16015625 0.01484375 0.10390625
0 0.24453125 0.16015625 0.01484375 0.10546875
0 0.81875 0.29921875 0.05078125 0.2765625
0 0.28828125 0.171875 0.01640625 0.11953125
0 0.8265625 0.2609375 0.04140625 0.22578125
0 0.39765625 0.20703125 0.02265625 0.16484375
0 0.6203125 0.2265625 0.02890625 0.18515625
0 0.96796875 0.284375 0.0515625 0.25390625
0 0.40859375 0.1953125 0.01953125 0.1484375
0 0.3734375 0.2140625 0.0234375 0.175
0 0.3921875 0.15859375 0.01328125 0.1
0 0.89296875 0.28125 0.04921875 0.25078125
0 0.16875 0.190625 0.02109375 0.1484375
0 0.46484375 0.215625 0.02265625 0.17421875
0 0.3296875 0.15859375 0.0140625 0.1015625
0 0.69609375 0.26015625 0.0375 0.228125
0 0.1578125 0.15859375 0.01484375 0.10625
0 0.428125 0.22109375 0.02421875 0.18359375