0 0.1703125 0.1578125 0.01484375 0.1046875
0 0.446875 0.17578125 0.01640625 0.121875
0 0.01953125 0.2984375 0.0390625 0.296875
0 0.1671875 0.16328125 0.01640625 0.1109375
0 0.65625 0.21171875 0.02578125 0.16484375
0 0.2375 0.15546875 0.0140625 0.09921875
0 0.3265625 0.17109375 0.01640625 0.11875
0 0.27734375 0.1625 0.01484375 0.10859375
0 0.35 0.16875 0.01484375 0.11484375
0 0.25234375 0.15390625 0.01328125 0.09609375
0 0.41953125 0.17421875 0.01640625 0.1203125
0 0.434375 0.178125 0.01640625 0.125
0 0.3921875 0.15703125 0.01328125 0.096875
0 0.3953125 0.1578125 0.01328125 0.09921875
0 0.18828125 0.15625 0.01484375 0.10078125
0 0.25078125 0.16328125 0.015625 0.11015625
0 0.246875 0.15703125 0.0140625 0.1015625