0 0.40625 0.17421875 0.01640625 0.1203125
0 0.36015625 0.2359375 0.02734375 0.20390625
0 0.33125 0.171875 0.01640625 0.11953125
0 0.0109375 0.3015625 0.02109375 0.3
0 0.30625 0.17578125 0.0171875 0.125
0 0.503125 0.1765625 0.01640625 0.12109375
0 0.35859375 0.16953125 0.015625 0.115625
0 0.47890625 0.17734375 0.01640625 0.1234375
0 0.1765625 0.16640625 0.01640625 0.115625
0 0.12890625 0.16171875 0.01640625 0.11015625
0 0.4125 0.23828125 0.02734375 0.20625
0 0.22109375 0.1578125 0.01484375 0.103125
0 0.3015625 0.15546875 0.0140625 0.0984375
0 0.02421875 0.2515625 0.03671875 0.23203125
0 0.42421875 0.18359375 0.01796875 0.13203125
0 0.38046875 0.16875 0.015625 0.1140625
0 0.3234375 0.1734375 0.01640625 0.12109375
0 0.409375 0.15703125 0.01328125 0.0984375
0 0.41328125 0.17734375 0.01640625 0.125