0 0.01015625 0.25625 0.01953125 0.23984375
0 0.2796875 0.16796875 0.01640625 0.11484375
0 0.39921875 0.16953125 0.015625 0.11484375
0 0.06875 0.15390625 0.01484375 0.1015625
0 0.0234375 0.65 0.046875 0.696875
0 0.44453125 0.21953125 0.0234375 0.1796875
0 0.3984375 0.20703125 0.02265625 0.16484375
0 0.41640625 0.22421875 0.025 0.18671875
0 0.475 0.17109375 0.01484375 0.1140625
0 0.290625 0.16640625 0.01640625 0.11171875
0 0.91484375 0.3890625 0.078125 0.39453125
0 0.85 0.38828125 0.07421875 0.3953125
0 0.4078125 0.196875 0.0203125 0.15078125
0 0.2171875 0.15390625 0.0140625 0.09921875
0 0.19453125 0.1546875 0.01484375 0.1
0 0.115625 0.29296875 0.0421875 0.2859375
0 0.375 0.18125 0.01796875 0.13125
0 0.4015625 0.17578125 0.01640625 0.121875
0 0.37890625 0.171875 0.01640625 0.11796875
0 0.22265625 0.15234375 0.0140625 0.0953125
0 0.31484375 0.15859375 0.0140625 0.1015625
0 0.059375 0.15625 0.015625 0.10546875
0 0.44765625 0.2140625 0.02265625 0.171875
0 0.253125 0.14921875 0.0125 0.09140625
0 0.1828125 0.17109375 0.0171875 0.12109375
0 0.371875 0.1859375 0.01796875 0.13671875
0 0.4515625 0.1890625 0.01796875 0.1390625