0 0.51015625 0.17890625 0.0171875 0.125
0 0.9984375 0.35390625 0.00234375 0.3453125
0 0.2671875 0.17265625 0.0171875 0.12109375
0 0.0109375 0.3015625 0.02109375 0.3
0 0.38671875 0.2109375 0.02265625 0.1703125
0 0.2671875 0.165625 0.015625 0.11171875
0 0.03671875 0.25078125 0.0359375 0.23125
0 0.49765625 0.1765625 0.01640625 0.121875
0 0.546875 0.18515625 0.01953125 0.13125
0 0.3984375 0.1796875 0.0171875 0.128125
0 0.41171875 0.178125 0.01640625 0.12578125
0 0.10625 0.15390625 0.01484375 0.10078125
0 0.4046875 0.17578125 0.01640625 0.121875
0 0.0828125 0.15625 0.01484375 0.1046875
0 0.18203125 0.16640625 0.01640625 0.11640625
0 0.4421875 0.215625 0.02265625 0.17421875
0 0.4734375 0.1734375 0.015625 0.11640625
0 0.2671875 0.15546875 0.0140625 0.09921875
0 0.44140625 0.17421875 0.01640625 0.11953125