0 0.459375 0.18515625 0.0171875 0.13359375
0 0.5078125 0.18203125 0.01796875 0.1296875
0 0.03046875 0.253125 0.03671875 0.234375
0 0.1609375 0.178125 0.01953125 0.13125
0 0.25390625 0.1546875 0.01328125 0.0984375
0 0.27265625 0.16171875 0.01484375 0.10625
0 0.41328125 0.196875 0.0203125 0.15078125
0 0.24453125 0.1515625 0.01328125 0.09453125
0 0.1328125 0.29296875 0.0421875 0.2859375
0 0.78359375 0.27890625 0.04453125 0.25
0 0.4328125 0.171875 0.01484375 0.115625
0 0.290625 0.159375 0.01484375 0.10390625
0 0.25625 0.15703125 0.0140625 0.1015625
0 0.2203125 0.153125 0.01328125 0.09609375
0 0.2640625 0.14921875 0.01328125 0.09140625
0 0.465625 0.18046875 0.01640625 0.128125
0 0.3 0.14921875 0.0125 0.08984375
0 0.7140625 0.28203125 0.04296875 0.25625
0 0.25703125 0.17734375 0.01796875 0.12890625