0 0.596875 0.203125 0.02265625 0.15390625
0 0.42109375 0.23203125 0.0265625 0.1984375
0 0.30234375 0.20625 0.02265625 0.16640625
0 0.4046875 0.159375 0.01328125 0.1
0 0.36640625 0.22421875 0.02578125 0.18828125
0 0.4171875 0.19296875 0.01953125 0.14453125
0 0.2078125 0.16171875 0.015625 0.10859375
0 0.38046875 0.215625 0.02421875 0.17578125
0 0.42734375 0.21328125 0.02265625 0.1734375
0 0.39375 0.19609375 0.0203125 0.15
0 0.63828125 0.20625 0.02421875 0.15625
0 0.55390625 0.20625 0.0234375 0.159375
0 0.4265625 0.22109375 0.02421875 0.18203125