0 0.475 0.17421875 0.01640625 0.11953125
0 0.35078125 0.22109375 0.025 0.18515625
0 0.09453125 0.15703125 0.015625 0.1046875
0 0.409375 0.17578125 0.01640625 0.121875
0 0.440625 0.17578125 0.01640625 0.121875
0 0.07421875 0.15625 0.015625 0.1046875
0 0.490625 0.19296875 0.01953125 0.14296875
0 0.3984375 0.20703125 0.021875 0.1640625
0 0.27734375 0.1546875 0.01328125 0.0984375
0 0.1921875 0.15390625 0.0140625 0.09921875
0 0.2078125 0.153125 0.01328125 0.096875
0 0.33046875 0.209375 0.02265625 0.16875
0 0.134375 0.2953125 0.0421875 0.2890625
0 0.2359375 0.15078125 0.01328125 0.09375
0 0.01171875 0.25546875 0.0234375 0.2390625
0 0.45625 0.21484375 0.02265625 0.17421875
0 0.42734375 0.21953125 0.02421875 0.1796875
0 0.21953125 0.15234375 0.01328125 0.0953125
0 0.409375 0.2265625 0.02578125 0.190625
0 0.3734375 0.18203125 0.01796875 0.13125
0 0.409375 0.1953125 0.01953125 0.1484375
0 0.43828125 0.184375 0.01796875 0.13359375
0 0.39375 0.17890625 0.0171875 0.1265625
0 0.425 0.1734375 0.01640625 0.11953125