0 0.76953125 0.30078125 0.04921875 0.28046875
0 0.509375 0.17890625 0.0171875 0.125
0 0.703125 0.278125 0.04140625 0.2515625
0 0.3484375 0.22109375 0.02578125 0.18515625
0 0.40234375 0.16015625 0.01328125 0.1015625
0 0.40859375 0.1953125 0.01953125 0.1484375
0 0.40625 0.22890625 0.02578125 0.19296875
0 0.23203125 0.1578125 0.01484375 0.103125
0 0.13359375 0.29375 0.0421875 0.2859375
0 0.30234375 0.15625 0.01328125 0.1
0 0.91875 0.3234375 0.06015625 0.30625
0 0.28203125 0.15703125 0.0140625 0.10078125
0 0.87265625 0.2796875 0.04765625 0.25
0 0.603125 0.28046875 0.0390625 0.25703125
0 0.20625 0.17109375 0.0171875 0.12109375
0 0.25859375 0.16875 0.01640625 0.11796875
0 0.99296875 0.30546875 0.01328125 0.28046875
0 0.0109375 0.25859375 0.02109375 0.24375
0 0.1640625 0.19921875 0.0234375 0.159375
0 0.4265625 0.165625 0.0140625 0.10859375
0 0.36328125 0.16875 0.015625 0.1140625
0 0.23046875 0.16953125 0.01640625 0.11875
0 0.39765625 0.20703125 0.02265625 0.16484375
0 0.20625 0.159375 0.01484375 0.10625
0 0.80703125 0.278125 0.0453125 0.24921875
0 0.3984375 0.1578125 0.01328125 0.09921875
0 0.94765625 0.30703125 0.05703125 0.28515625
0 0.60234375 0.2421875 0.03125 0.20625
0 0.8875 0.2984375 0.05234375 0.27421875
0 0.3734375 0.2140625 0.0234375 0.175
0 0.28203125 0.153125 0.01328125 0.09453125
0 0.25078125 0.15703125 0.01484375 0.1015625
0 0.83046875 0.30859375 0.05390625 0.28984375
0 0.428125 0.22109375 0.02421875 0.18359375
0 0.46484375 0.215625 0.02265625 0.17421875
0 0.65546875 0.28046875 0.040625 0.25546875
0 0.48359375 0.1828125 0.01796875 0.13046875
0 0.65078125 0.240625 0.03203125 0.203125
0 0.13984375 0.15546875 0.01484375 0.1015625