0 0.26953125 0.1640625 0.01484375 0.11015625
0 0.3 0.16953125 0.01640625 0.11640625
0 0.0140625 0.2578125 0.02734375 0.24140625
0 0.66640625 0.24296875 0.0328125 0.20546875
0 0.3484375 0.22109375 0.02578125 0.18515625
0 0.6 0.21875 0.0265625 0.175
0 0.28984375 0.17578125 0.01796875 0.125
0 0.40625 0.22890625 0.02578125 0.19296875
0 0.69921875 0.240625 0.03359375 0.2015625
0 0.40859375 0.1953125 0.01953125 0.1484375
0 0.8390625 0.27734375 0.04609375 0.246875
0 0.74609375 0.23359375 0.0328125 0.190625
0 0.42890625 0.22109375 0.02421875 0.18359375
0 0.3765625 0.16171875 0.0140625 0.1046875
0 0.2609375 0.17734375 0.01796875 0.12890625
0 0.1796875 0.18046875 0.01953125 0.134375
0 0.19375 0.1640625 0.01640625 0.1109375
0 0.6078125 0.24296875 0.03125 0.20703125
0 0.63515625 0.21171875 0.02578125 0.16484375
0 0.7953125 0.2796875 0.04453125 0.2515625
0 0.134375 0.29609375 0.04296875 0.28984375
0 0.32578125 0.15859375 0.01328125 0.1015625
0 0.35546875 0.1640625 0.01484375 0.10703125
0 0.7515625 0.26484375 0.03984375 0.23359375
0 0.3734375 0.2140625 0.0234375 0.175
0 0.7765625 0.2515625 0.0375 0.21484375
0 0.40234375 0.20703125 0.021875 0.1640625
0 0.46484375 0.215625 0.02265625 0.17421875
0 0.31796875 0.17421875 0.01640625 0.121875
0 0.3484375 0.165625 0.01484375 0.1109375
0 0.35703125 0.16015625 0.01328125 0.10390625
0 0.4390625 0.17734375 0.01640625 0.1234375
0 0.29140625 0.1640625 0.015625 0.11015625