0 0.70703125 0.2390625 0.03359375 0.2
0 0.4125 0.1953125 0.01953125 0.1484375
0 0.38203125 0.16953125 0.015625 0.11484375
0 0.46640625 0.21640625 0.02265625 0.175
0 0.453125 0.1734375 0.015625 0.11875
0 0.19921875 0.16171875 0.015625 0.109375
0 0.4046875 0.20703125 0.021875 0.1640625
0 0.65625 0.35859375 0.05703125 0.359375
0 0.3859375 0.21640625 0.02421875 0.178125
0 0.69375 0.26953125 0.03984375 0.24140625
0 0.14609375 0.1640625 0.01640625 0.11328125
0 0.3984375 0.1578125 0.01328125 0.09921875
0 0.30625 0.15546875 0.01328125 0.096875
0 0.1796875 0.16328125 0.015625 0.1109375
0 0.146875 0.23046875 0.0296875 0.2015625
0 0.4046875 0.159375 0.01328125 0.10078125
0 0.21328125 0.15234375 0.0140625 0.0953125
0 0.646875 0.2734375 0.0390625 0.24609375
0 0.3921875 0.16796875 0.01484375 0.11171875
0 0.76640625 0.30078125 0.04921875 0.28125
0 0.8203125 0.31328125 0.05390625 0.2953125
0 0.0140625 0.259375 0.02734375 0.24296875
0 0.85703125 0.340625 0.0625 0.33046875
0 0.7265625 0.35703125 0.0609375 0.35625
0 0.18203125 0.15234375 0.0140625 0.096875
0 0.56171875 0.35390625 0.05234375 0.35546875
0 0.2953125 0.16015625 0.0140625 0.10390625
0 0.346875 0.22265625 0.02578125 0.1859375
0 0.2171875 0.15 0.01328125 0.09296875
0 0.43125 0.221875 0.02421875 0.18203125
0 0.2328125 0.15 0.01328125 0.09296875
0 0.1359375 0.29453125 0.0421875 0.28671875
0 0.26875 0.1734375 0.0171875 0.121875