0 0.26875 0.153125 0.01328125 0.09453125
0 0.3984375 0.1578125 0.01328125 0.09921875
0 0.4125 0.1953125 0.01953125 0.1484375
0 0.4046875 0.159375 0.01328125 0.10078125
0 0.46640625 0.21640625 0.02265625 0.175
0 0.38671875 0.228125 0.02578125 0.19375
0 0.6796875 0.25 0.03515625 0.21484375
0 0.678125 0.396875 0.06796875 0.4109375
0 0.5578125 0.39296875 0.06015625 0.40703125
0 0.12109375 0.24453125 0.0328125 0.22109375
0 0.35078125 0.1640625 0.01484375 0.10859375
0 0.65546875 0.28359375 0.04140625 0.26015625
0 0.40703125 0.1703125 0.01484375 0.11484375
0 0.8453125 0.33671875 0.0609375 0.32578125
0 0.33828125 0.16640625 0.01484375 0.11171875
0 0.6890625 0.27265625 0.03984375 0.2453125
0 0.18359375 0.159375 0.01484375 0.10625
0 0.2703125 0.15703125 0.0140625 0.1015625
0 0.1359375 0.29453125 0.0421875 0.28671875
0 0.76640625 0.30078125 0.04921875 0.28125
0 0.834375 0.32109375 0.05703125 0.30546875
0 0.68828125 0.22578125 0.0296875 0.18203125
0 0.2046875 0.1484375 0.01328125 0.09140625
0 0.16796875 0.15078125 0.0140625 0.09453125
0 0.0140625 0.259375 0.02734375 0.24296875
0 0.16484375 0.1609375 0.015625 0.109375
0 0.43125 0.221875 0.02421875 0.18203125
0 0.346875 0.22265625 0.02578125 0.1859375
0 0.3875 0.21640625 0.0234375 0.178125
0 0.12890625 0.1625 0.01640625 0.11171875
0 0.2 0.15078125 0.01328125 0.09375
0 0.3671875 0.20546875 0.02265625 0.16328125
0 0.7625 0.41015625 0.075 0.42578125
0 0.2078125 0.1703125 0.0171875 0.1203125
0 0.5296875 0.18203125 0.01796875 0.128125