0 0.23828125 0.15234375 0.01328125 0.0953125
0 0.4125 0.1953125 0.01953125 0.1484375
0 0.15234375 0.21875 0.02734375 0.18515625
0 0.32421875 0.1765625 0.01796875 0.12578125
0 0.46640625 0.21640625 0.02265625 0.175
0 0.4046875 0.20703125 0.021875 0.1640625
0 0.3859375 0.21640625 0.02421875 0.178125
0 0.25546875 0.1515625 0.01328125 0.09375
0 0.634375 0.265625 0.03671875 0.2359375
0 0.95390625 0.3359375 0.06484375 0.321875
0 0.309375 0.1625 0.01484375 0.10625
0 0.40078125 0.159375 0.01328125 0.10078125
0 0.43203125 0.17109375 0.015625 0.11640625
0 0.3984375 0.1578125 0.01328125 0.09921875
0 0.86796875 0.34609375 0.06484375 0.3390625
0 0.97734375 0.3296875 0.04375 0.31328125
0 0.82734375 0.30859375 0.053125 0.28984375
0 0.5734375 0.32109375 0.04609375 0.31328125
0 0.2234375 0.15390625 0.0140625 0.0984375
0 0.190625 0.1640625 0.01640625 0.11171875
0 0.71953125 0.22890625 0.03046875 0.18515625
0 0.165625 0.16640625 0.01640625 0.11640625
0 0.21171875 0.16328125 0.015625 0.11015625
0 0.20625 0.15390625 0.0140625 0.09921875
0 0.1765625 0.15234375 0.0140625 0.096875
0 0.5 0.17578125 0.01640625 0.11953125
0 0.0140625 0.259375 0.02734375 0.24296875
0 0.43125 0.221875 0.02421875 0.18203125
0 0.346875 0.22265625 0.02578125 0.1859375
0 0.64921875 0.32421875 0.05 0.3140625
0 0.77109375 0.30234375 0.05 0.28203125
0 0.1359375 0.29453125 0.0421875 0.28671875
0 0.7109375 0.32421875 0.05234375 0.3140625
0 0.42578125 0.1734375 0.015625 0.11875
0 0.6859375 0.2640625 0.03828125 0.23359375