0 0.1203125 0.29296875 0.0421875 0.28515625
0 0.7484375 0.28359375 0.04453125 0.25703125
0 0.47890625 0.22421875 0.025 0.1859375
0 0.38984375 0.17109375 0.015625 0.11640625
0 0.5015625 0.178125 0.0171875 0.121875
0 0.4078125 0.196875 0.0203125 0.15078125
0 0.25546875 0.16328125 0.015625 0.109375
0 0.01328125 0.25625 0.02578125 0.23984375
0 0.4046875 0.184375 0.01796875 0.134375
0 0.37421875 0.17265625 0.01640625 0.11953125
0 0.3875 0.16640625 0.01484375 0.1109375
0 0.065625 0.1546875 0.015625 0.1015625
0 0.36328125 0.209375 0.02265625 0.16953125
0 0.44296875 0.18125 0.01640625 0.12890625
0 0.0890625 0.159375 0.01640625 0.10859375
0 0.03125 0.159375 0.0171875 0.11015625
0 0.79296875 0.284375 0.04609375 0.25859375
0 0.28515625 0.15859375 0.01484375 0.103125
0 0.32890625 0.1609375 0.01484375 0.1046875
0 0.4546875 0.2109375 0.02265625 0.16796875
0 0.46796875 0.21875 0.02421875 0.178125
0 0.275 0.16171875 0.01484375 0.10703125
0 0.10859375 0.15703125 0.015625 0.10546875
0 0.16796875 0.39765625 0.0625 0.4234375
0 0.2046875 0.15625 0.01484375 0.1015625