0 0.40546875 0.1953125 0.01953125 0.1484375
0 0.346875 0.1640625 0.01484375 0.10859375
0 0.18046875 0.29375 0.04140625 0.28515625
0 0.40859375 0.159375 0.01328125 0.1
0 0.35078125 0.16171875 0.0140625 0.10546875
0 0.30234375 0.20625 0.02265625 0.16640625
0 0.43046875 0.22109375 0.02421875 0.18359375
0 0.1828125 0.14921875 0.01328125 0.09375
0 0.5625 0.19609375 0.02109375 0.14609375
0 0.3640625 0.225 0.02578125 0.1890625
0 0.3265625 0.165625 0.01484375 0.11015625
0 0.12734375 0.14921875 0.01328125 0.09453125
0 0.41484375 0.228125 0.02578125 0.19140625
0 0.5171875 0.1859375 0.01796875 0.13359375
0 0.109375 0.15078125 0.0140625 0.0953125
0 0.0171875 0.25625 0.034375 0.2390625
0 0.38203125 0.215625 0.02421875 0.17578125
0 0.22421875 0.1515625 0.01328125 0.09453125
0 0.428125 0.21328125 0.02265625 0.171875