0 0.2234375 0.165625 0.01640625 0.11328125
0 0.11953125 0.15390625 0.01484375 0.10078125
0 0.421875 0.23203125 0.0265625 0.1984375
0 0.15546875 0.165625 0.01640625 0.11484375
0 0.015625 0.3 0.03125 0.3
0 0.396875 0.15703125 0.01328125 0.096875
0 0.37265625 0.16484375 0.01484375 0.109375
0 0.2484375 0.165625 0.015625 0.11171875
0 0.4328125 0.171875 0.015625 0.11640625
0 0.8375 0.275 0.0453125 0.24453125
0 0.1 0.15390625 0.01484375 0.10078125
0 0.16484375 0.16328125 0.01640625 0.1109375
0 0.39609375 0.15859375 0.01328125 0.1
0 0.1953125 0.1515625 0.01328125 0.09609375
0 0.3875 0.1625 0.0140625 0.1046875
0 0.246875 0.1625 0.015625 0.10859375
0 0.42265625 0.17421875 0.015625 0.12109375