0 0.24375 0.15546875 0.01328125 0.09921875
0 0.01796875 0.2515625 0.0359375 0.234375
0 0.09140625 0.19921875 0.02421875 0.1609375
0 0.46484375 0.171875 0.015625 0.11640625
0 0.45 0.17578125 0.01640625 0.12109375
0 0.134375 0.19609375 0.02265625 0.15703125
0 0.3953125 0.16328125 0.0140625 0.10625
0 0.17890625 0.15390625 0.01484375 0.09921875
0 0.11328125 0.159375 0.01640625 0.10859375
0 0.446875 0.1640625 0.0140625 0.10625
0 0.37734375 0.17109375 0.015625 0.11640625
0 0.02109375 0.29921875 0.0421875 0.296875
0 0.4078125 0.196875 0.0203125 0.15078125
0 0.27421875 0.1515625 0.01328125 0.09453125
0 0.36796875 0.1671875 0.01484375 0.11171875
0 0.32421875 0.15546875 0.01328125 0.0984375
0 0.3328125 0.16953125 0.01640625 0.11640625
0 0.20234375 0.153125 0.01328125 0.096875
0 0.3984375 0.16796875 0.01484375 0.11171875