0 0.1609375 0.1546875 0.01484375 0.1
0 0.0171875 0.253125 0.034375 0.23515625
0 0.11484375 0.159375 0.01640625 0.10703125
0 0.64453125 0.21796875 0.02734375 0.171875
0 0.134375 0.15625 0.01484375 0.10390625
0 0.85390625 0.290625 0.04921875 0.2640625
0 0.45390625 0.17734375 0.01640625 0.1234375
0 0.1328125 0.16484375 0.01640625 0.11484375
0 0.66484375 0.22578125 0.02890625 0.18203125
0 0.08359375 0.165625 0.0171875 0.11640625
0 0.0078125 0.3015625 0.015625 0.3
0 0.45546875 0.17421875 0.015625 0.11875
0 0.253125 0.1578125 0.01484375 0.103125
0 0.253125 0.1515625 0.01328125 0.09375
0 0.27421875 0.17265625 0.01640625 0.12109375
0 0.13984375 0.1625 0.01640625 0.11171875
0 0.53359375 0.203125 0.021875 0.15625
0 0.2890625 0.51875 0.0828125 0.58125
0 0.45625 0.184375 0.01796875 0.13359375
0 0.0890625 0.159375 0.01640625 0.10859375
0 0.17265625 0.153125 0.0140625 0.0984375
0 0.0984375 0.52421875 0.08984375 0.59375
0 0.390625 0.1578125 0.01328125 0.09921875
0 0.29609375 0.1609375 0.01484375 0.10546875
0 0.23359375 0.15859375 0.01484375 0.1046875
0 0.3921875 0.15625 0.01328125 0.096875