0 0.43515625 0.22265625 0.02421875 0.184375
0 0.44453125 0.2015625 0.02109375 0.15625
0 0.4015625 0.16796875 0.01484375 0.11171875
0 0.365625 0.22421875 0.02578125 0.18671875
0 0.7375 0.30234375 0.0484375 0.28203125
0 0.5203125 0.184375 0.01796875 0.13125
0 0.809375 0.31953125 0.05546875 0.3046875
0 0.1328125 0.19140625 0.02265625 0.15
0 0.40859375 0.22890625 0.02578125 0.19375
0 0.27890625 0.17265625 0.01640625 0.12109375
0 0.42890625 0.21328125 0.02265625 0.171875
0 0.2984375 0.20859375 0.02265625 0.16875
0 0.37890625 0.215625 0.02421875 0.17578125
0 0.67578125 0.30546875 0.046875 0.28828125
0 0.41640625 0.20078125 0.02109375 0.1546875
0 0.31484375 0.1609375 0.01484375 0.10546875
0 0.40390625 0.165625 0.01484375 0.109375