0 0.31484375 0.16015625 0.01484375 0.10390625
0 0.40703125 0.159375 0.01328125 0.1
0 0.5703125 0.19453125 0.02109375 0.14375
0 0.11953125 0.17109375 0.01796875 0.1234375
0 0.0109375 0.25859375 0.02109375 0.24296875
0 0.1875 0.29296875 0.04140625 0.284375
0 0.15078125 0.146875 0.01328125 0.08984375
0 0.10390625 0.14921875 0.01328125 0.09453125
0 0.303125 0.20625 0.02265625 0.165625
0 0.22734375 0.14609375 0.0125 0.08671875
0 0.3796875 0.21640625 0.02421875 0.1765625
0 0.3640625 0.225 0.02578125 0.1890625
0 0.43203125 0.22109375 0.02421875 0.18203125
0 0.14453125 0.16953125 0.01796875 0.1203125
0 0.38359375 0.16484375 0.01484375 0.109375
0 0.40703125 0.1953125 0.01953125 0.1484375
0 0.43046875 0.21328125 0.02265625 0.171875
0 0.12734375 0.14765625 0.01328125 0.09140625
0 0.31640625 0.196875 0.02109375 0.153125
0 0.41171875 0.22890625 0.02578125 0.19296875
0 0.2046875 0.1484375 0.01328125 0.090625