0 0.39609375 0.20703125 0.02265625 0.1640625
0 0.30859375 0.16640625 0.015625 0.11328125
0 0.4859375 0.18046875 0.0171875 0.1265625
0 0.2984375 0.18046875 0.01796875 0.13125
0 0.80546875 0.26171875 0.040625 0.2265625
0 0.40703125 0.1640625 0.01484375 0.10625
0 0.75859375 0.26328125 0.03984375 0.23046875
0 0.28359375 0.16640625 0.015625 0.11328125
0 0.353125 0.16640625 0.01484375 0.1109375
0 0.66875 0.23046875 0.03046875 0.1890625
0 0.4078125 0.22734375 0.02578125 0.19140625
0 0.37734375 0.21484375 0.02421875 0.17578125
0 0.69921875 0.22890625 0.03046875 0.1859375
0 0.64375 0.234375 0.03046875 0.19453125
0 0.34296875 0.1765625 0.0171875 0.125
0 0.43046875 0.22109375 0.02421875 0.18203125
0 0.2 0.17421875 0.01796875 0.12578125
0 0.2234375 0.16640625 0.01640625 0.11484375
0 0.6140625 0.21328125 0.02578125 0.16640625
0 0.46640625 0.21640625 0.0234375 0.17578125
0 0.746875 0.253125 0.0375 0.21796875
0 0.35078125 0.22109375 0.025 0.18515625
0 0.3578125 0.1609375 0.0140625 0.10390625
0 0.13671875 0.2953125 0.04296875 0.2890625
0 0.409375 0.1953125 0.01953125 0.1484375
0 0.353125 0.17109375 0.01640625 0.11875
0 0.3171875 0.17734375 0.0171875 0.1265625
0 0.384375 0.16640625 0.01484375 0.11015625
0 0.0140625 0.25625 0.028125 0.23984375
0 0.34609375 0.16328125 0.01484375 0.10859375