0 0.31328125 0.1640625 0.01484375 0.109375
0 0.09921875 0.1609375 0.01640625 0.1109375
0 0.29765625 0.1578125 0.0140625 0.10078125
0 0.1125 0.14921875 0.01328125 0.09453125
0 0.42890625 0.17265625 0.015625 0.11796875
0 0.21484375 0.15546875 0.01484375 0.09921875
0 0.0046875 0.3109375 0.009375 0.31328125
0 0.1234375 0.15859375 0.015625 0.10625
0 0.38359375 0.1640625 0.0140625 0.10703125
0 0.378125 0.16328125 0.0140625 0.10625
0 0.16484375 0.1515625 0.01328125 0.0953125
0 0.2015625 0.15 0.01328125 0.09296875
0 0.92890625 0.415625 0.0859375 0.4296875
0 0.196875 0.1953125 0.02265625 0.15390625
0 0.35 0.17265625 0.01640625 0.11953125
0 0.35234375 0.165625 0.01484375 0.1109375
0 0.3921875 0.1578125 0.01328125 0.09921875
0 0.0078125 0.36953125 0.01484375 0.39140625
0 0.19609375 0.19140625 0.02109375 0.14921875