0 0.4015625 0.15859375 0.01328125 0.1
0 0.38046875 0.15625 0.01328125 0.0984375
0 0.028125 0.19765625 0.025 0.16015625
0 0.2578125 0.1578125 0.0140625 0.103125
0 0.27734375 0.165625 0.015625 0.11328125
0 0.47734375 0.17890625 0.01640625 0.12421875
0 0.29296875 0.1640625 0.01484375 0.109375
0 0.00859375 0.2984375 0.01640625 0.29609375
0 0.25625 0.15625 0.0140625 0.1
0 0.36484375 0.16953125 0.015625 0.115625
0 0.20703125 0.15703125 0.01484375 0.103125
0 0.04375 0.15703125 0.01640625 0.10625
0 0.27265625 0.1546875 0.01328125 0.0984375
0 0.15 0.15625 0.01484375 0.10390625
0 0.19296875 0.16484375 0.01640625 0.11328125
0 0.45859375 0.178125 0.01640625 0.125
0 0.346875 0.17109375 0.01640625 0.11796875
0 0.44375 0.17578125 0.01640625 0.12109375
0 0.06953125 0.15546875 0.015625 0.10390625