0 0.9203125 0.275 0.04765625 0.24296875
0 0.2359375 0.1625 0.01484375 0.10859375
0 0.42421875 0.1734375 0.015625 0.11875
0 0.39453125 0.1640625 0.01484375 0.10703125
0 0.66171875 0.31171875 0.04765625 0.2984375
0 0.2265625 0.16484375 0.015625 0.11328125
0 0.321875 0.16796875 0.015625 0.11328125
0 0.72421875 0.309375 0.05 0.29375
0 0.25859375 0.15546875 0.01328125 0.09921875
0 0.2671875 0.16015625 0.01484375 0.10546875
0 0.47421875 0.1765625 0.01640625 0.12109375
0 0.065625 0.1609375 0.01640625 0.1109375
0 0.35234375 0.17109375 0.01640625 0.11796875
0 0.759375 0.26484375 0.040625 0.23359375
0 0.0234375 0.16953125 0.01953125 0.12421875
0 0.01328125 0.22421875 0.02578125 0.196875
0 0.29140625 0.165625 0.015625 0.11171875
0 0.353125 0.165625 0.01484375 0.11015625
0 0.00390625 0.375 0.00703125 0.3984375
0 0.1 0.16328125 0.01640625 0.11328125
0 0.02734375 0.31171875 0.04921875 0.31171875
0 0.3515625 0.2390625 0.028125 0.20703125
0 0.40078125 0.2359375 0.02734375 0.203125
0 0.79765625 0.31640625 0.05390625 0.3
0 0.3578125 0.1609375 0.0140625 0.103125
0 0.38125 0.16328125 0.0140625 0.10625
0 0.03046875 0.19296875 0.02421875 0.15390625
0 0.38203125 0.16640625 0.01484375 0.11015625
0 0.19140625 0.1953125 0.021875 0.15390625
0 0.14765625 0.16171875 0.01640625 0.1109375
0 0.19375 0.17109375 0.0171875 0.12109375
0 0.03515625 0.17265625 0.01953125 0.1265625
0 0.18515625 0.19140625 0.02109375 0.14921875
0 0.01171875 0.215625 0.0234375 0.1875
0 0.425 0.1703125 0.015625 0.11484375
0 0.165625 0.1671875 0.01640625 0.11796875