0 0.42890625 0.2140625 0.02265625 0.171875
0 0.84609375 0.34609375 0.06328125 0.33828125
0 0.384375 0.178125 0.0171875 0.12578125
0 0.44921875 0.1921875 0.01875 0.14375
0 0.4359375 0.221875 0.02421875 0.18203125
0 0.3015625 0.20859375 0.0234375 0.16953125
0 0.40390625 0.17421875 0.015625 0.1203125
0 0.3859375 0.215625 0.02421875 0.17578125
0 0.3625 0.19921875 0.02109375 0.1546875
0 0.36796875 0.17578125 0.01640625 0.1234375
0 0.53046875 0.2109375 0.0234375 0.165625
0 0.36015625 0.2234375 0.02578125 0.18828125
0 0.52109375 0.2234375 0.02578125 0.184375
0 0.3953125 0.1984375 0.0203125 0.153125
0 0.10625 0.259375 0.03515625 0.24140625
0 0.40859375 0.23046875 0.02578125 0.1953125
0 0.434375 0.1765625 0.01640625 0.1234375
0 0.4671875 0.1890625 0.01796875 0.13984375