0 0.57265625 0.22421875 0.02734375 0.18359375
0 0.36484375 0.159375 0.0140625 0.1015625
0 0.3640625 0.19921875 0.02109375 0.1546875
0 0.43125 0.1765625 0.01640625 0.12421875
0 0.24140625 0.1546875 0.0140625 0.0984375
0 0.10390625 0.19609375 0.02265625 0.15625
0 0.2984375 0.20859375 0.02265625 0.16875
0 0.43359375 0.221875 0.02421875 0.18203125
0 0.415625 0.22890625 0.02578125 0.19375
0 0.403125 0.1734375 0.01640625 0.11953125
0 0.29609375 0.24140625 0.0296875 0.21328125
0 0.45234375 0.1703125 0.01484375 0.11484375
0 0.3828125 0.215625 0.02421875 0.17578125
0 0.16171875 0.3453125 0.0515625 0.35390625
0 0.37890625 0.175 0.01640625 0.121875
0 0.54765625 0.2234375 0.02578125 0.18203125
0 0.33515625 0.16171875 0.01484375 0.10546875
0 0.34375 0.159375 0.0140625 0.103125
0 0.38515625 0.178125 0.01640625 0.1265625
0 0.1875 0.25390625 0.03359375 0.23203125
0 0.03359375 0.3734375 0.0625 0.3953125
0 0.97734375 0.37421875 0.04375 0.3734375
0 0.4328125 0.21328125 0.02265625 0.17109375
0 0.221875 0.15546875 0.0140625 0.1
0 0.39296875 0.1984375 0.0203125 0.153125
0 0.0921875 0.2734375 0.0390625 0.26015625
0 0.2328125 0.34921875 0.05078125 0.35859375
0 0.184375 0.19765625 0.02265625 0.15625
0 0.134375 0.27265625 0.03828125 0.25859375