0 0.425 0.1765625 0.01640625 0.1234375
0 0.10703125 0.15703125 0.015625 0.1046875
0 0.4953125 0.17578125 0.01640625 0.11953125
0 0.234375 0.153125 0.0140625 0.096875
0 0.20078125 0.15546875 0.01484375 0.1
0 0.44296875 0.17421875 0.015625 0.11875
0 0.3984375 0.20703125 0.021875 0.1640625
0 0.51953125 0.1953125 0.0203125 0.14609375
0 0.4140625 0.18046875 0.0171875 0.12890625
0 0.46171875 0.17734375 0.01640625 0.1234375
0 0.45 0.1859375 0.01796875 0.134375
0 0.421875 0.228125 0.025 0.190625
0 0.28515625 0.153125 0.01328125 0.09453125
0 0.134375 0.2953125 0.0421875 0.2890625
0 0.25234375 0.15234375 0.01328125 0.0953125
0 0.01171875 0.25546875 0.0234375 0.2390625
0 0.35078125 0.2203125 0.025 0.18359375
0 0.42734375 0.21953125 0.02421875 0.1796875
0 0.3703125 0.18046875 0.0171875 0.1296875
0 0.31640625 0.20703125 0.02265625 0.16640625
0 0.08359375 0.15625 0.015625 0.1046875
0 0.409375 0.1953125 0.01953125 0.1484375
0 0.4546875 0.21484375 0.02265625 0.17421875
0 0.221875 0.1546875 0.0140625 0.0984375