0 0.18515625 0.14765625 0.0125 0.08984375
0 0.9296875 0.33671875 0.0640625 0.325
0 0.2171875 0.14453125 0.01171875 0.0859375
0 0.371875 0.1671875 0.01484375 0.11171875
0 0.46328125 0.240625 0.02734375 0.20703125
0 0.5859375 0.19375 0.02109375 0.14140625
0 0.36875 0.22421875 0.02578125 0.18828125
0 0.240625 0.16171875 0.01484375 0.10703125
0 0.4046875 0.19609375 0.0203125 0.14921875
0 0.4265625 0.22109375 0.02421875 0.18203125
0 0.38671875 0.215625 0.02421875 0.17578125
0 0.1859375 0.29375 0.04140625 0.28515625
0 0.9125 0.27265625 0.046875 0.23984375
0 0.20625 0.14609375 0.0125 0.0890625
0 0.4171875 0.228125 0.02578125 0.19140625
0 0.86171875 0.3328125 0.06015625 0.32109375
0 0.01328125 0.2609375 0.0265625 0.246875
0 0.43359375 0.21328125 0.02265625 0.171875
0 0.3109375 0.1578125 0.0140625 0.10078125
0 0.37421875 0.17109375 0.01640625 0.11640625
0 0.22578125 0.178125 0.01875 0.13046875
0 0.446875 0.2359375 0.0265625 0.20078125
0 0.51953125 0.22890625 0.0265625 0.19140625
0 0.47734375 0.1828125 0.0171875 0.13046875
0 0.39140625 0.1578125 0.01328125 0.09921875
0 0.3046875 0.20625 0.0234375 0.165625
0 0.2 0.18125 0.01953125 0.134375