0 0.1859375 0.50703125 0.1171875 0.5984375
0 0.071875 0.5 0.12578125 0.54296875
0 0.6078125 0.25390625 0.05546875 0.2484375
0 0.56015625 0.2734375 0.05546875 0.1984375
0 0.7453125 0.2015625 0.0390625 0.17890625
0 0.28125 0.253125 0.04609375 0.19453125
0 0.91875 0.1 0.03515625 0.1609375
0 0.60546875 0.109375 0.02890625 0.128125
0 0.80859375 0.1078125 0.03046875 0.15625
0 0.35546875 0.221875 0.03125 0.19609375
0 0.4140625 0.23359375 0.03359375 0.18671875
0 0.1109375 0.31875 0.06953125 0.33984375
0 0.19375 0.2421875 0.05234375 0.1234375
0 0.30078125 0.21171875 0.02734375 0.16875
0 0.5578125 0.0921875 0.015625 0.10078125
0 0.43515625 0.22421875 0.03046875 0.18203125
0 0.76015625 0.0984375 0.0265625 0.159375
0 0.38359375 0.21484375 0.03671875 0.18671875
0 0.70546875 0.22578125 0.03828125 0.18203125
0 0.87109375 0.096875 0.02890625 0.17890625
0 0.5359375 0.08046875 0.01796875 0.0640625
0 0.06953125 0.19453125 0.0375 0.1640625
0 0.8265625 0.09140625 0.01953125 0.14140625
0 0.73671875 0.09453125 0.02265625 0.13125
0 0.190625 0.1515625 0.01640625 0.08359375
0 0.6875 0.11796875 0.02734375 0.14609375
0 0.6640625 0.12109375 0.02265625 0.13046875