0 0.4015625 0.159375 0.01328125 0.10078125
0 0.0125 0.2609375 0.025 0.24609375
0 0.95625 0.53671875 0.08671875 0.5890625
0 0.3625 0.2234375 0.02578125 0.18671875
0 0.43671875 0.21328125 0.02265625 0.17109375
0 0.39296875 0.1578125 0.01328125 0.09921875
0 0.1203125 0.1484375 0.01328125 0.09296875
0 0.7984375 0.27890625 0.04453125 0.25
0 0.83125 0.26875 0.04375 0.23515625
0 0.29765625 0.20703125 0.0234375 0.16640625
0 0.775 0.30703125 0.05078125 0.2890625
0 0.4109375 0.18828125 0.01796875 0.13984375
0 0.90390625 0.2859375 0.05 0.25625
0 0.85859375 0.53203125 0.11171875 0.58515625
0 0.4390625 0.1703125 0.01484375 0.11484375
0 0.2 0.15078125 0.01328125 0.09375
0 0.28046875 0.165625 0.015625 0.11328125
0 0.85234375 0.33671875 0.06171875 0.32578125
0 0.98046875 0.29375 0.03828125 0.26484375
0 0.12421875 0.29609375 0.04296875 0.290625
0 0.40390625 0.23046875 0.02578125 0.19609375
0 0.796875 0.26953125 0.04296875 0.23828125
0 0.43046875 0.18515625 0.01796875 0.13515625
0 0.6625 0.2171875 0.02734375 0.17109375
0 0.14140625 0.14765625 0.01328125 0.09140625
0 0.1859375 0.153125 0.0140625 0.0984375
0 0.434375 0.22265625 0.02421875 0.184375
0 0.4359375 0.40078125 0.05703125 0.42109375
0 0.8328125 0.32109375 0.05703125 0.30546875
0 0.40703125 0.1953125 0.01953125 0.1484375
0 0.109375 0.14921875 0.0140625 0.0953125
0 0.38515625 0.21640625 0.02421875 0.178125
0 0.1875 0.15078125 0.01328125 0.09453125
0 0.40078125 0.165625 0.01484375 0.10859375
0 0.68828125 0.228125 0.03046875 0.1859375
0 0.43203125 0.171875 0.015625 0.11640625