0 0.4046875 0.159375 0.01328125 0.10078125
0 0.38125 0.16875 0.01484375 0.1140625
0 0.24375 0.1515625 0.01328125 0.09453125
0 0.009375 0.259375 0.01875 0.24375
0 0.17734375 0.15859375 0.01484375 0.1046875
0 0.3625 0.20625 0.021875 0.1640625
0 0.703125 0.28046875 0.0421875 0.2546875
0 0.8453125 0.33671875 0.0609375 0.32578125
0 0.18203125 0.16875 0.0171875 0.11953125
0 0.41171875 0.1953125 0.01953125 0.1484375
0 0.19609375 0.15078125 0.01328125 0.09375
0 0.384375 0.21640625 0.02421875 0.178125
0 0.33984375 0.16328125 0.01484375 0.10859375
0 0.15703125 0.15 0.0140625 0.09453125
0 0.76875 0.3046875 0.05 0.28515625
0 0.1953125 0.1484375 0.01328125 0.090625
0 0.68046875 0.2171875 0.02734375 0.17109375
0 0.5109375 0.18046875 0.01796875 0.12578125
0 0.3984375 0.1578125 0.01328125 0.09921875
0 0.834375 0.32109375 0.05703125 0.30546875
0 0.3921875 0.23046875 0.0265625 0.1953125
0 0.15703125 0.16015625 0.015625 0.10703125
0 0.32578125 0.16484375 0.01484375 0.109375
0 0.66015625 0.25546875 0.03515625 0.221875
0 0.46640625 0.21640625 0.02265625 0.175
0 0.7828125 0.43203125 0.08125 0.4546875
0 0.5640625 0.41484375 0.0640625 0.43671875
0 0.43125 0.221875 0.02421875 0.18203125
0 0.346875 0.22265625 0.02578125 0.1859375
0 0.121875 0.16171875 0.01640625 0.11015625
0 0.10859375 0.253125 0.034375 0.23203125
0 0.2578125 0.15625 0.0140625 0.1
0 0.6765625 0.2234375 0.02890625 0.18046875
0 0.68984375 0.42890625 0.075 0.4515625
0 0.1359375 0.29453125 0.0421875 0.28671875
0 0.67265625 0.290625 0.04375 0.26875