0 0.190625 0.15390625 0.0140625 0.09921875
0 0.42890625 0.171875 0.015625 0.11640625
0 0.009375 0.30078125 0.01875 0.3
0 0.1203125 0.15 0.0140625 0.09453125
0 0.553125 0.2234375 0.0265625 0.18125
0 0.83359375 0.25234375 0.03984375 0.2140625
0 0.20703125 0.16640625 0.01640625 0.1140625
0 0.38125 0.17265625 0.01640625 0.11953125
0 0.565625 0.2296875 0.02734375 0.190625
0 0.08046875 0.15078125 0.01484375 0.0984375
0 0.36796875 0.18359375 0.01796875 0.13359375
0 0.478125 0.171875 0.01484375 0.11640625
0 0.01640625 0.253125 0.03203125 0.2359375
0 0.396875 0.15703125 0.01328125 0.096875
0 0.2078125 0.153125 0.0140625 0.096875
0 0.39140625 0.15859375 0.01328125 0.1
0 0.059375 0.153125 0.01484375 0.1
0 0.04375 0.6953125 0.0875 0.60625
0 0.38359375 0.16953125 0.015625 0.115625
0 0.48828125 0.19921875 0.0203125 0.153125
0 0.46484375 0.18515625 0.01796875 0.13359375
0 0.08046875 0.16015625 0.01640625 0.109375
0 0.040625 0.15625 0.01640625 0.10546875
0 0.44765625 0.18046875 0.01640625 0.1265625
0 0.2515625 0.1546875 0.0140625 0.0984375
0 0.925 0.3421875 0.06640625 0.33203125