0 0.1953125 0.165625 0.01640625 0.1140625
0 0.0109375 0.25859375 0.02109375 0.24375
0 0.25625 0.1515625 0.01328125 0.09375
0 0.23359375 0.15546875 0.0140625 0.09921875
0 0.3484375 0.22109375 0.02578125 0.18515625
0 0.40625 0.22890625 0.02578125 0.19296875
0 0.97734375 0.3390625 0.04375 0.32578125
0 0.13359375 0.29375 0.0421875 0.2859375
0 0.62109375 0.2609375 0.03515625 0.23125
0 0.825 0.30859375 0.05234375 0.2890625
0 0.40703125 0.1953125 0.01953125 0.1484375
0 0.76328125 0.30078125 0.04921875 0.28046875
0 0.36953125 0.16015625 0.0140625 0.1015625
0 0.18046875 0.15390625 0.01484375 0.09921875
0 0.8765625 0.340625 0.06328125 0.33125
0 0.3765625 0.21640625 0.02421875 0.178125
0 0.15390625 0.21328125 0.02578125 0.17890625
0 0.57890625 0.30703125 0.04375 0.29375
0 0.209375 0.1546875 0.0140625 0.1
0 0.67109375 0.25859375 0.03671875 0.22578125
0 0.22578125 0.16484375 0.01640625 0.11328125
0 0.44609375 0.175 0.015625 0.1203125
0 0.26796875 0.153125 0.01328125 0.0953125
0 0.39765625 0.20703125 0.02265625 0.16484375
0 0.3265625 0.1640625 0.01484375 0.109375
0 0.46328125 0.21640625 0.02265625 0.175
0 0.3984375 0.1578125 0.01328125 0.09921875
0 0.25234375 0.15390625 0.01328125 0.09609375
0 0.41015625 0.159375 0.01328125 0.10078125
0 0.353125 0.178125 0.0171875 0.1265625
0 0.6546875 0.315625 0.0484375 0.303125
0 0.4515625 0.17265625 0.01484375 0.11796875
0 0.92265625 0.32109375 0.06015625 0.303125
0 0.175 0.16796875 0.0171875 0.11640625
0 0.1203125 0.15078125 0.0140625 0.0953125
0 0.70546875 0.31015625 0.04921875 0.29453125
0 0.93828125 0.3140625 0.05859375 0.29375
0 0.428125 0.22109375 0.02421875 0.18359375