0 0.4046875 0.19609375 0.01953125 0.14921875
0 0.91484375 0.27265625 0.046875 0.23984375
0 0.23671875 0.1515625 0.01328125 0.09453125
0 0.31796875 0.17109375 0.01640625 0.11875
0 0.621875 0.22109375 0.02734375 0.178125
0 0.240625 0.1484375 0.01328125 0.08984375
0 0.41796875 0.22890625 0.02578125 0.19375
0 0.44140625 0.16796875 0.01484375 0.11171875
0 0.165625 0.1515625 0.01328125 0.09609375
0 0.29921875 0.20703125 0.0234375 0.16640625
0 0.33671875 0.18046875 0.01796875 0.13046875
0 0.434375 0.21328125 0.02265625 0.171875
0 0.75 0.27578125 0.04296875 0.246875
0 0.0109375 0.25859375 0.02109375 0.24375
0 0.86484375 0.30625 0.05390625 0.284375
0 0.3625 0.165625 0.01484375 0.11015625
0 0.59453125 0.21875 0.02578125 0.175
0 0.4671875 0.17109375 0.01484375 0.1140625
0 0.19140625 0.290625 0.040625 0.28046875
0 0.578125 0.1921875 0.0203125 0.13984375
0 0.3640625 0.225 0.02578125 0.1890625
0 0.76953125 0.23828125 0.034375 0.196875
0 0.43046875 0.22109375 0.02421875 0.18203125
0 0.3890625 0.215625 0.02421875 0.17578125
0 0.2046875 0.15390625 0.0140625 0.0984375
0 0.2140625 0.15 0.01328125 0.09296875