0 0.40859375 0.16015625 0.01328125 0.1015625
0 0.49296875 0.18828125 0.01875 0.13671875
0 0.40390625 0.15703125 0.01328125 0.0984375
0 0.484375 0.19375 0.01953125 0.14453125
0 0.37890625 0.1796875 0.0171875 0.128125
0 0.26640625 0.17578125 0.01796875 0.12578125
0 0.3171875 0.15546875 0.01328125 0.096875
0 0.203125 0.16171875 0.01484375 0.10859375
0 0.43046875 0.18125 0.0171875 0.1296875
0 0.02890625 0.25078125 0.03671875 0.23125
0 0.8125 0.41171875 0.07890625 0.4265625
0 0.01328125 0.3 0.0265625 0.2984375
0 0.2171875 0.159375 0.01484375 0.10546875