0 0.40546875 0.1953125 0.01953125 0.1484375
0 0.18515625 0.29296875 0.04140625 0.284375
0 0.20234375 0.15078125 0.01328125 0.09453125
0 0.5703125 0.196875 0.02109375 0.146875
0 0.01171875 0.25859375 0.0234375 0.24296875
0 0.384375 0.1671875 0.01484375 0.11171875
0 0.41484375 0.228125 0.02578125 0.19140625
0 0.3671875 0.22421875 0.02578125 0.18828125
0 0.128125 0.153125 0.01484375 0.0984375
0 0.10859375 0.153125 0.01484375 0.09921875
0 0.38203125 0.1640625 0.01484375 0.10859375
0 0.36484375 0.16796875 0.015625 0.1140625
0 0.30234375 0.20625 0.02265625 0.16640625
0 0.0078125 0.24140625 0.01484375 0.21953125
0 0.4296875 0.21328125 0.02265625 0.171875
0 0.4078125 0.159375 0.01328125 0.1
0 0.43203125 0.22109375 0.02421875 0.18203125
0 0.24453125 0.15390625 0.01328125 0.096875
0 0.38203125 0.215625 0.02421875 0.17578125