0 0.3234375 0.159375 0.0140625 0.103125
0 0.428125 0.21328125 0.02265625 0.171875
0 0.38359375 0.215625 0.02421875 0.17578125
0 0.29140625 0.16171875 0.01484375 0.10625
0 0.16484375 0.146875 0.01328125 0.090625
0 0.459375 0.1921875 0.01953125 0.14375
0 0.43046875 0.22109375 0.02421875 0.18359375
0 0.3671875 0.22421875 0.02578125 0.18828125
0 0.30234375 0.20625 0.02265625 0.16640625
0 0.1875 0.29296875 0.04140625 0.284375
0 0.5625 0.19609375 0.02109375 0.1453125
0 0.0140625 0.25859375 0.02734375 0.24375
0 0.41484375 0.228125 0.02578125 0.19140625
0 0.12421875 0.146875 0.01328125 0.090625
0 0.40546875 0.1953125 0.01953125 0.1484375
0 0.31171875 0.1609375 0.0140625 0.1046875
0 0.1078125 0.14765625 0.01328125 0.09140625
0 0.2078125 0.15 0.01328125 0.09296875
0 0.4078125 0.159375 0.01328125 0.1