0 0.28359375 0.15390625 0.01328125 0.09609375
0 0.2140625 0.15390625 0.0140625 0.09921875
0 0.140625 0.19921875 0.0234375 0.159375
0 0.01953125 0.253125 0.0375 0.23515625
0 0.19296875 0.15625 0.01484375 0.10078125
0 0.325 0.159375 0.0140625 0.103125
0 0.13359375 0.1609375 0.015625 0.109375
0 0.42265625 0.16953125 0.01484375 0.11328125
0 0.39765625 0.171875 0.015625 0.11875
0 0.16328125 0.15 0.01328125 0.09453125
0 0.246875 0.15703125 0.0140625 0.1015625
0 0.41015625 0.19609375 0.0203125 0.15
0 0.48359375 0.1734375 0.015625 0.11796875
0 0.10234375 0.2015625 0.02421875 0.16484375
0 0.3421875 0.15078125 0.0125 0.090625
0 0.47421875 0.17734375 0.01640625 0.1234375
0 0.40859375 0.165625 0.01484375 0.10859375
0 0.06328125 0.15859375 0.01640625 0.10859375
0 0.3484375 0.17109375 0.01640625 0.11796875
0 0.38359375 0.16875 0.015625 0.1140625
0 0.01171875 0.3015625 0.0234375 0.3