0 0.3671875 0.1640625 0.01484375 0.10703125
0 0.265625 0.15390625 0.01328125 0.096875
0 0.3484375 0.165625 0.01484375 0.1109375
0 0.2296875 0.1609375 0.01484375 0.10625
0 0.43125 0.17578125 0.01640625 0.121875
0 0.41015625 0.19609375 0.01953125 0.14921875
0 0.2015625 0.165625 0.01640625 0.11484375
0 0.01171875 0.25546875 0.0234375 0.2390625
0 0.28671875 0.1890625 0.01953125 0.14375
0 0.1265625 0.2953125 0.04296875 0.2890625
0 0.44453125 0.2140625 0.02265625 0.1734375
0 0.034375 0.21171875 0.02734375 0.17890625
0 0.15390625 0.15625 0.01484375 0.10390625
0 0.9484375 0.28359375 0.05078125 0.2515625
0 0.1375 0.15703125 0.01484375 0.1046875
0 0.4125 0.22734375 0.02578125 0.19140625
0 0.19765625 0.16171875 0.015625 0.109375
0 0.35 0.20859375 0.02265625 0.16640625
0 0.4296875 0.21953125 0.0234375 0.1796875
0 0.19921875 0.1484375 0.01328125 0.09140625
0 0.384375 0.16171875 0.0140625 0.10546875
0 0.1796875 0.20703125 0.02421875 0.16953125
0 0.39765625 0.20703125 0.021875 0.16484375
0 0.33515625 0.16796875 0.015625 0.11328125