0 0.4328125 0.2140625 0.02265625 0.171875
0 0.40625 0.17421875 0.01640625 0.12109375
0 0.57265625 0.21796875 0.02578125 0.17421875
0 0.509375 0.19609375 0.0203125 0.146875
0 0.55 0.196875 0.02109375 0.146875
0 0.42578125 0.22265625 0.02421875 0.184375
0 0.453125 0.1984375 0.01953125 0.153125
0 0.44453125 0.17578125 0.01640625 0.12109375
0 0.36640625 0.19921875 0.02109375 0.1546875
0 0.315625 0.17578125 0.0171875 0.125
0 0.37734375 0.215625 0.02421875 0.17578125
0 0.72890625 0.25859375 0.03828125 0.225
0 0.30234375 0.20859375 0.0234375 0.16875
0 0.415625 0.2296875 0.02578125 0.19453125
0 0.396875 0.196875 0.0203125 0.1515625
0 0.38046875 0.1765625 0.01640625 0.1234375
0 0.140625 0.26640625 0.03671875 0.25
0 0.36640625 0.22421875 0.02578125 0.18828125