0 0.16953125 0.17890625 0.01875 0.13203125
0 0.40390625 0.159375 0.01328125 0.1
0 0.4171875 0.23515625 0.0265625 0.2015625
0 0.71484375 0.24296875 0.034375 0.2046875
0 0.3 0.20859375 0.0234375 0.16875
0 0.3578125 0.225 0.02578125 0.1890625
0 0.40390625 0.19921875 0.02109375 0.15390625
0 0.65078125 0.23359375 0.03046875 0.19375
0 0.615625 0.240625 0.03125 0.20390625
0 0.42421875 0.22109375 0.02421875 0.18203125
0 0.29921875 0.15703125 0.0140625 0.1
0 0.42734375 0.21328125 0.02265625 0.1734375
0 0.38046875 0.215625 0.02421875 0.17578125
0 0.37421875 0.19375 0.01953125 0.14609375