0 0.40859375 0.16015625 0.01328125 0.1015625
0 0.24296875 0.16328125 0.015625 0.11015625
0 0.12265625 0.14921875 0.01328125 0.09453125
0 0.10859375 0.1515625 0.0140625 0.0984375
0 0.53125 0.18359375 0.01796875 0.13046875
0 0.07578125 0.15546875 0.01484375 0.10390625
0 0.01484375 0.3 0.02890625 0.2984375
0 0.403125 0.15703125 0.01328125 0.0984375
0 0.35234375 0.15625 0.01328125 0.096875
0 0.3109375 0.18046875 0.01796875 0.13046875
0 0.4828125 0.1796875 0.0171875 0.12578125
0 0.2546875 0.1609375 0.01484375 0.10703125
0 0.05703125 0.25 0.03515625 0.2296875
0 0.45859375 0.1828125 0.0171875 0.13046875
0 0.503125 0.190625 0.01953125 0.140625
0 0.759375 0.32578125 0.0546875 0.3140625