0 0.15703125 0.14921875 0.01328125 0.09375
0 0.1046875 0.1609375 0.01640625 0.11015625
0 0.203125 0.153125 0.0140625 0.09609375
0 0.01953125 0.25390625 0.0375 0.23515625
0 0.42890625 0.18359375 0.01796875 0.13203125
0 0.2515625 0.2484375 0.03203125 0.2234375
0 0.134375 0.28984375 0.04140625 0.28125
0 0.48671875 0.1765625 0.01640625 0.12109375
0 0.56484375 0.21484375 0.025 0.1703125
0 0.4125 0.17421875 0.015625 0.1203125
0 0.43359375 0.16953125 0.01484375 0.11328125
0 0.22578125 0.16171875 0.015625 0.109375
0 0.16875 0.16796875 0.0171875 0.11796875
0 0.59453125 0.21796875 0.02578125 0.17421875
0 0.1953125 0.16640625 0.01640625 0.11484375
0 0.47421875 0.18125 0.01640625 0.12890625
0 0.409375 0.196875 0.0203125 0.15078125
0 0.365625 0.15546875 0.01328125 0.09609375
0 0.26640625 0.20390625 0.02265625 0.1640625
0 0.43359375 0.171875 0.015625 0.11640625
0 0.64453125 0.2234375 0.028125 0.1796875