0 0.246875 0.1609375 0.01484375 0.10703125
0 0.0109375 0.25703125 0.021875 0.240625
0 0.41484375 0.22421875 0.025 0.18828125
0 0.9734375 0.303125 0.05234375 0.27890625
0 0.41171875 0.19609375 0.01953125 0.14921875
0 0.3984375 0.20703125 0.02265625 0.16484375
0 0.2875 0.18671875 0.01953125 0.140625
0 0.2125 0.20625 0.02421875 0.16875
0 0.4 0.16328125 0.01484375 0.10625
0 0.38203125 0.16484375 0.01484375 0.109375
0 0.22578125 0.16328125 0.015625 0.11015625
0 0.165625 0.15703125 0.01484375 0.10390625
0 0.44453125 0.17578125 0.01640625 0.12109375
0 0.33828125 0.20390625 0.02265625 0.16171875
0 0.4328125 0.21953125 0.0234375 0.1796875
0 0.059375 0.20625 0.02578125 0.171875
0 0.13359375 0.29375 0.0421875 0.2859375
0 0.2828125 0.15625 0.0140625 0.09921875
0 0.365625 0.1671875 0.01484375 0.11171875
0 0.209375 0.14921875 0.01328125 0.09140625
0 0.2171875 0.165625 0.01640625 0.1140625
0 0.15234375 0.15859375 0.01484375 0.10546875
0 0.44609375 0.2140625 0.02265625 0.1734375
0 0.346875 0.16953125 0.01640625 0.11484375