0 0.36953125 0.17578125 0.01640625 0.1234375
0 0.45078125 0.18828125 0.01796875 0.13828125
0 0.42890625 0.2140625 0.02265625 0.171875
0 0.4375 0.1765625 0.01640625 0.12421875
0 0.3890625 0.178125 0.01640625 0.12578125
0 0.41796875 0.2296875 0.02578125 0.19453125
0 0.40859375 0.1734375 0.015625 0.11953125
0 0.3859375 0.215625 0.02421875 0.17578125
0 0.3046875 0.20859375 0.0234375 0.16875
0 0.89375 0.3703125 0.071875 0.3703125
0 0.36875 0.22421875 0.02578125 0.18671875
0 0.36015625 0.19921875 0.02109375 0.1546875
0 0.5234375 0.221875 0.02578125 0.18125
0 0.39296875 0.196875 0.02109375 0.1515625
0 0.65234375 0.2125 0.02578125 0.165625
0 0.4234375 0.190625 0.01875 0.14296875
0 0.53828125 0.21328125 0.02421875 0.16875
0 0.10546875 0.25703125 0.03515625 0.23828125
0 0.43671875 0.22109375 0.02421875 0.18359375