0 0.01015625 0.25625 0.01953125 0.23984375
0 0.1828125 0.16484375 0.01640625 0.11328125
0 0.4078125 0.196875 0.0203125 0.15078125
0 0.246875 0.1546875 0.01328125 0.0984375
0 0.4546875 0.2140625 0.02265625 0.171875
0 0.3375 0.1609375 0.0140625 0.1046875
0 0.4328125 0.22265625 0.02421875 0.184375
0 0.4625 0.21875 0.02421875 0.17890625
0 0.2421875 0.15703125 0.0140625 0.10078125
0 0.38125 0.18515625 0.01796875 0.13515625
0 0.21484375 0.15703125 0.01484375 0.103125
0 0.08125 0.1546875 0.01484375 0.1015625
0 0.8046875 0.34375 0.0609375 0.3359375
0 0.4390625 0.17109375 0.01484375 0.11640625
0 0.11328125 0.29296875 0.0421875 0.2859375
0 0.3203125 0.16875 0.01640625 0.11484375
0 0.28125 0.153125 0.01328125 0.0953125
0 0.3984375 0.20859375 0.02265625 0.16640625
0 0.0609375 0.5796875 0.10546875 0.66640625
0 0.065625 0.15703125 0.01640625 0.10625
0 0.4 0.18125 0.0171875 0.13046875
0 0.5046875 0.18671875 0.01875 0.134375
0 0.42109375 0.1734375 0.015625 0.11953125
0 0.44609375 0.178125 0.01640625 0.12421875
0 0.3078125 0.16953125 0.01640625 0.11640625
0 0.8640625 0.33828125 0.06171875 0.328125