0 0.1046875 0.1625 0.01640625 0.11171875
0 0.18515625 0.29296875 0.04140625 0.284375
0 0.49140625 0.1765625 0.01640625 0.121875
0 0.421875 0.23203125 0.0265625 0.196875
0 0.01171875 0.25859375 0.0234375 0.24296875
0 0.40703125 0.159375 0.01328125 0.1
0 0.57109375 0.19453125 0.02109375 0.14375
0 0.31640625 0.1609375 0.01484375 0.1046875
0 0.1234375 0.16171875 0.01640625 0.11015625
0 0.2625 0.15546875 0.01328125 0.09921875
0 0.1921875 0.21328125 0.02578125 0.17890625
0 0.36875 0.22421875 0.02578125 0.18828125
0 0.38125 0.21640625 0.02421875 0.1765625
0 0.30234375 0.20625 0.02265625 0.16640625
0 0.4046875 0.1953125 0.01953125 0.1484375
0 0.43046875 0.21328125 0.02265625 0.171875
0 0.16171875 0.14609375 0.0125 0.08828125
0 0.43359375 0.22109375 0.02421875 0.18203125