0 0.23828125 0.15546875 0.0140625 0.1
0 0.22265625 0.15703125 0.01484375 0.103125
0 0.2140625 0.15078125 0.01328125 0.09375
0 0.18125 0.1484375 0.01328125 0.09140625
0 0.7609375 0.3359375 0.05703125 0.3265625
0 0.44140625 0.17578125 0.015625 0.12109375
0 0.44296875 0.178125 0.01640625 0.125
0 0.20234375 0.153125 0.01328125 0.09609375
0 0.02578125 0.25390625 0.03671875 0.23515625
0 0.23203125 0.14765625 0.0125 0.08984375
0 0.36484375 0.18125 0.01796875 0.13125
0 0.21484375 0.1484375 0.01328125 0.090625
0 0.253125 0.14609375 0.01171875 0.0859375
0 0.16796875 0.1859375 0.0203125 0.14296875
0 0.2421875 0.19140625 0.02109375 0.146875
0 0.42734375 0.171875 0.015625 0.11640625
0 0.46015625 0.18046875 0.01640625 0.128125
0 0.8421875 0.328125 0.05859375 0.315625
0 0.4125 0.18125 0.0171875 0.1296875
0 0.14765625 0.29140625 0.04140625 0.28359375
0 0.41328125 0.196875 0.0203125 0.15078125