0 0.009375 0.25859375 0.01875 0.2453125
0 0.68671875 0.24453125 0.03359375 0.20703125
0 0.4015625 0.159375 0.01328125 0.10078125
0 0.6484375 0.23046875 0.0296875 0.18984375
0 0.6890625 0.23125 0.03125 0.190625
0 0.90859375 0.3046875 0.05546875 0.28125
0 0.8328125 0.32109375 0.05703125 0.30546875
0 0.43671875 0.21328125 0.02265625 0.17109375
0 0.9046875 0.3140625 0.0578125 0.2953125
0 0.37421875 0.16796875 0.01484375 0.11328125
0 0.3609375 0.16171875 0.01484375 0.10546875
0 0.39140625 0.1578125 0.01328125 0.09921875
0 0.37421875 0.225 0.02578125 0.1890625
0 0.296875 0.20703125 0.0234375 0.16640625
0 0.9796875 0.31953125 0.0390625 0.30078125
0 0.85078125 0.33671875 0.06171875 0.32578125
0 0.35859375 0.18125 0.01796875 0.13046875
0 0.40390625 0.23046875 0.02578125 0.19609375
0 0.234375 0.1609375 0.01484375 0.10703125
0 0.434375 0.22265625 0.02421875 0.184375
0 0.95703125 0.30078125 0.05546875 0.27578125
0 0.1171875 0.296875 0.04296875 0.290625
0 0.73359375 0.24921875 0.03671875 0.21328125
0 0.38203125 0.16640625 0.01484375 0.11015625
0 0.7796875 0.309375 0.0515625 0.29140625
0 0.38515625 0.21640625 0.02421875 0.178125
0 0.40703125 0.1953125 0.01953125 0.1484375
0 0.3734375 0.178125 0.01640625 0.1265625
0 0.34609375 0.5265625 0.08203125 0.590625