0 0.35859375 0.20390625 0.021875 0.1609375
0 0.415625 0.16953125 0.01484375 0.1140625
0 0.27890625 0.16796875 0.015625 0.11484375
0 0.015625 0.22421875 0.03046875 0.196875
0 0.0921875 0.1671875 0.01796875 0.11953125
0 0.38359375 0.16328125 0.01484375 0.10625
0 0.36328125 0.1609375 0.01328125 0.10390625
0 0.25703125 0.16171875 0.01484375 0.10625
0 0.19453125 0.19453125 0.021875 0.153125
0 0.21875 0.17421875 0.01796875 0.125
0 0.303125 0.20546875 0.02265625 0.16484375
0 0.03828125 0.17265625 0.01953125 0.1265625
0 0.00859375 0.3734375 0.0171875 0.396875
0 0.1875 0.19296875 0.021875 0.15
0 0.46484375 0.17890625 0.01640625 0.125
0 0.21796875 0.1671875 0.01640625 0.115625
0 0.32265625 0.16796875 0.015625 0.1140625
0 0.4234375 0.1671875 0.01484375 0.11015625
0 0.65234375 0.25546875 0.03515625 0.2234375
0 0.1390625 0.1625 0.01640625 0.11171875
0 0.3546875 0.165625 0.01484375 0.11015625
0 0.23828125 0.16953125 0.01640625 0.11953125
0 0.70625 0.26015625 0.03828125 0.228125
0 0.03046875 0.19296875 0.02421875 0.15390625
0 0.025 0.16953125 0.01953125 0.12421875
0 0.23828125 0.16875 0.01640625 0.11640625
0 0.33125 0.16640625 0.01484375 0.11328125
0 0.00078125 0.475 0.00078125 0.53125
0 0.01015625 0.21640625 0.0203125 0.1890625
0 0.021875 0.31640625 0.04375 0.31953125
0 0.296875 0.17578125 0.01796875 0.12578125
0 0.3703125 0.171875 0.01640625 0.11796875
0 0.2625 0.16875 0.01640625 0.11640625
0 0.73828125 0.27265625 0.04140625 0.24375