0 0.58359375 0.2015625 0.02265625 0.15390625
0 0.17421875 0.1484375 0.01328125 0.09140625
0 0.11015625 0.24140625 0.03203125 0.21640625
0 0.428125 0.21328125 0.02265625 0.171875
0 0.47265625 0.17578125 0.015625 0.1203125
0 0.3921875 0.1984375 0.0203125 0.153125
0 0.5859375 0.19375 0.02109375 0.14140625
0 0.9390625 0.49140625 0.10703125 0.5296875
0 0.3609375 0.19921875 0.02109375 0.1546875
0 0.4296875 0.221875 0.02421875 0.18359375
0 0.37890625 0.215625 0.02421875 0.17578125
0 0.41484375 0.18203125 0.01796875 0.13046875
0 0.28046875 0.15859375 0.01484375 0.103125
0 0.2984375 0.20859375 0.02265625 0.16875
0 0.3640625 0.22421875 0.02578125 0.18828125
0 0.40703125 0.2296875 0.02578125 0.19453125
0 0.43515625 0.178125 0.01640625 0.125
0 0.434375 0.1765625 0.01640625 0.1234375
0 0.03671875 0.18046875 0.02109375 0.13828125
0 0.25859375 0.153125 0.01328125 0.0953125
0 0.37265625 0.18125 0.01796875 0.13046875