0 0.68671875 0.23203125 0.03125 0.18984375
0 0.3234375 0.16640625 0.015625 0.11171875
0 0.0171875 0.25234375 0.034375 0.234375
0 0.2796875 0.16328125 0.01484375 0.109375
0 0.40625 0.196875 0.0203125 0.15078125
0 0.26015625 0.15390625 0.01328125 0.09609375
0 0.096875 0.16875 0.01796875 0.1203125
0 0.05546875 0.296875 0.04453125 0.29140625
0 0.05546875 0.15703125 0.015625 0.10625
0 0.22734375 0.15078125 0.01328125 0.09375
0 0.37578125 0.16953125 0.015625 0.11484375
0 0.33125 0.1609375 0.0140625 0.10546875
0 0.29921875 0.16171875 0.01484375 0.10625
0 0.34609375 0.15859375 0.01328125 0.10078125
0 0.3875 0.1578125 0.01328125 0.09921875
0 0.21484375 0.15 0.01328125 0.09296875
0 0.39296875 0.16640625 0.01484375 0.1109375
0 0.11953125 0.18671875 0.02109375 0.14453125
0 0.16328125 0.14921875 0.01328125 0.09375
0 0.35078125 0.1625 0.01484375 0.10625
0 0.14140625 0.14921875 0.01328125 0.09375
0 0.06171875 0.1890625 0.021875 0.1484375