0 0.51796875 0.18828125 0.01875 0.1359375
0 0.3015625 0.1640625 0.01484375 0.109375
0 0.13671875 0.15625 0.01484375 0.103125
0 0.390625 0.15859375 0.01328125 0.1
0 0.396875 0.15703125 0.01328125 0.096875
0 0.40703125 0.16015625 0.01328125 0.1015625
0 0.053125 0.16015625 0.01640625 0.1109375
0 0.28046875 0.1671875 0.01640625 0.1140625
0 0.06875 0.15703125 0.015625 0.10546875
0 0.5390625 0.18359375 0.01796875 0.1296875
0 0.72265625 0.27421875 0.04140625 0.246875
0 0.228125 0.1515625 0.01328125 0.09453125
0 0.01328125 0.3 0.0265625 0.2984375
0 0.07734375 0.16171875 0.01640625 0.11171875
0 0.15 0.153125 0.0140625 0.0984375
0 0.1375 0.246875 0.0328125 0.22421875
0 0.52578125 0.18046875 0.01796875 0.12578125
0 0.37734375 0.18125 0.01796875 0.13046875
0 0.12578125 0.1578125 0.01484375 0.1046875