0 0.45546875 0.16796875 0.01484375 0.1109375
0 0.41875 0.17578125 0.01640625 0.121875
0 0.0109375 0.25703125 0.021875 0.240625
0 0.41640625 0.22421875 0.025 0.18671875
0 0.13203125 0.1875 0.02109375 0.1453125
0 0.046875 0.15234375 0.01484375 0.10078125
0 0.321875 0.1984375 0.02109375 0.1546875
0 0.39921875 0.20703125 0.021875 0.16484375
0 0.43984375 0.21953125 0.02421875 0.1796875
0 0.18515625 0.14375 0.0125 0.0859375
0 0.25625 0.15234375 0.01328125 0.0953125
0 0.44375 0.17265625 0.01484375 0.11796875
0 0.4734375 0.17109375 0.015625 0.11484375
0 0.4484375 0.2140625 0.02265625 0.171875
0 0.3265625 0.19296875 0.01953125 0.14609375
0 0.1625 0.14921875 0.01328125 0.09375
0 0.115625 0.29296875 0.0421875 0.28515625
0 0.29140625 0.16640625 0.015625 0.11328125
0 0.221875 0.1609375 0.01484375 0.10703125
0 0.40859375 0.196875 0.0203125 0.15078125
0 0.31328125 0.1640625 0.01484375 0.11015625
0 0.04921875 0.15703125 0.01640625 0.10625
0 0.31328125 0.18359375 0.01875 0.13515625
0 0.30078125 0.16953125 0.01640625 0.11796875
0 0.20625 0.16328125 0.01640625 0.11015625
0 0.17265625 0.146875 0.01328125 0.090625
0 0.1390625 0.15 0.01328125 0.09453125
0 0.3609375 0.16171875 0.0140625 0.10546875