0 0.4328125 0.2140625 0.02265625 0.171875
0 0.4140625 0.221875 0.02421875 0.184375
0 0.13125 0.2640625 0.03671875 0.246875
0 0.396875 0.196875 0.0203125 0.1515625
0 0.5421875 0.19453125 0.02109375 0.1453125
0 0.32578125 0.175 0.01640625 0.12421875
0 0.503125 0.19609375 0.0203125 0.1484375
0 0.30234375 0.20859375 0.0234375 0.16875
0 0.74375 0.26875 0.04140625 0.23828125
0 0.37734375 0.215625 0.02421875 0.17578125
0 0.36640625 0.19921875 0.02109375 0.1546875
0 0.41171875 0.2296875 0.02578125 0.19453125
0 0.38046875 0.1765625 0.0171875 0.12421875
0 0.4046875 0.17421875 0.01640625 0.12109375
0 0.56875 0.2203125 0.02578125 0.178125
0 0.46796875 0.2 0.0203125 0.15390625
0 0.4359375 0.17578125 0.01640625 0.121875
0 0.36640625 0.22421875 0.02578125 0.18828125