0 0.39140625 0.165625 0.01484375 0.10859375
0 0.459375 0.17734375 0.01640625 0.1234375
0 0.75625 0.31328125 0.0515625 0.29609375
0 0.01171875 0.309375 0.02265625 0.31015625
0 0.20703125 0.15078125 0.01328125 0.09453125
0 0.253125 0.16171875 0.01484375 0.10625
0 0.58359375 0.60390625 0.1046875 0.68828125
0 0.71484375 0.553125 0.10546875 0.61640625
0 0.38671875 0.15859375 0.01328125 0.10078125
0 0.20234375 0.19453125 0.021875 0.153125
0 0.37421875 0.16640625 0.01484375 0.1109375
0 0.17578125 0.15078125 0.01328125 0.09453125
0 0.19140625 0.19140625 0.02109375 0.14921875
0 0.346875 0.16640625 0.01484375 0.11171875
0 0.1859375 0.1625 0.01640625 0.11015625
0 0.19765625 0.15390625 0.0140625 0.09921875
0 0.16640625 0.1640625 0.01640625 0.11328125
0 0.0109375 0.37109375 0.02109375 0.39296875
0 0.38046875 0.1640625 0.0140625 0.10703125
0 0.24453125 0.15234375 0.01328125 0.0953125
0 0.30625 0.1640625 0.01484375 0.109375
0 0.15 0.15625 0.01484375 0.103125