0 0.1921875 0.2921875 0.040625 0.28203125
0 0.78515625 0.4140625 0.07734375 0.4296875
0 0.2328125 0.1625 0.01484375 0.10859375
0 0.10859375 0.178125 0.01953125 0.13203125
0 0.0125 0.25625 0.025 0.240625
0 0.403125 0.159375 0.01328125 0.1
0 0.29375 0.16171875 0.01484375 0.10703125
0 0.8453125 0.41171875 0.08046875 0.425
0 0.43515625 0.221875 0.02421875 0.18203125
0 0.778125 0.5359375 0.10703125 0.59296875
0 0.29296875 0.15625 0.01328125 0.09921875
0 0.06484375 0.171875 0.01953125 0.12578125
0 0.359375 0.22421875 0.02578125 0.1890625
0 0.384375 0.21640625 0.02421875 0.178125
0 0.3 0.2078125 0.0234375 0.16796875
0 0.2625 0.15625 0.0140625 0.1
0 0.24765625 0.153125 0.01328125 0.09609375
0 0.28046875 0.153125 0.01328125 0.0953125
0 0.74921875 0.234375 0.03359375 0.19296875
0 0.29609375 0.16015625 0.01484375 0.10390625
0 0.6 0.20546875 0.02421875 0.15625
0 0.671875 0.225 0.0296875 0.18125
0 0.11171875 0.165625 0.0171875 0.11640625
0 0.29453125 0.171875 0.01640625 0.11953125
0 0.96328125 0.36171875 0.071875 0.35703125
0 0.41484375 0.23203125 0.0265625 0.196875
0 0.7609375 0.596875 0.11953125 0.67421875
0 0.90703125 0.39453125 0.07890625 0.403125
0 0.41171875 0.1953125 0.01953125 0.1484375
0 0.43671875 0.21328125 0.02265625 0.17109375