0 0.7734375 0.284375 0.0453125 0.25859375
0 0.3328125 0.1703125 0.01640625 0.11640625
0 0.3578125 0.2234375 0.02578125 0.18671875
0 0.65546875 0.275 0.03984375 0.2484375
0 0.21640625 0.153125 0.01328125 0.09609375
0 0.26015625 0.1515625 0.01328125 0.09453125
0 0.83984375 0.28984375 0.04921875 0.26484375
0 0.396875 0.23046875 0.02578125 0.19609375
0 0.50703125 0.1953125 0.01953125 0.14609375
0 0.20859375 0.2875 0.03984375 0.2765625
0 0.1390625 0.16171875 0.01640625 0.11015625
0 0.41484375 0.1953125 0.01953125 0.1484375
0 0.25625 0.1734375 0.0171875 0.121875
0 0.44375 0.22265625 0.02421875 0.184375
0 0.26953125 0.1515625 0.01328125 0.09375
0 0.15703125 0.1515625 0.01328125 0.09609375
0 0.303125 0.20703125 0.02265625 0.16640625
0 0.434375 0.2125 0.02265625 0.17109375
0 0.20390625 0.15390625 0.0140625 0.09921875
0 0.13515625 0.18984375 0.021875 0.1484375
0 0.7015625 0.27109375 0.040625 0.24296875
0 0.284375 0.15078125 0.01328125 0.09296875
0 0.38359375 0.21640625 0.02421875 0.178125
0 0.08125 0.1859375 0.02109375 0.14453125
0 0.0140625 0.25859375 0.02734375 0.24375