0 0.01015625 0.25625 0.01953125 0.23984375
0 0.23828125 0.159375 0.01484375 0.1046875
0 0.134375 0.4703125 0.07734375 0.5203125
0 0.2609375 0.159375 0.01484375 0.1046875
0 0.4078125 0.196875 0.0203125 0.15078125
0 0.3546875 0.16953125 0.015625 0.115625
0 0.0734375 0.15859375 0.01640625 0.10703125
0 0.36015625 0.1640625 0.01484375 0.10859375
0 0.384375 0.18359375 0.01796875 0.134375
0 0.45625 0.22421875 0.02421875 0.18515625
0 0.265625 0.15625 0.0140625 0.1
0 0.0953125 0.15625 0.01484375 0.10390625
0 0.45234375 0.21171875 0.02265625 0.1703125
0 0.1921875 0.16015625 0.01484375 0.10703125
0 0.48984375 0.18046875 0.01640625 0.1265625
0 0.47421875 0.1734375 0.015625 0.11796875
0 0.834375 0.31328125 0.0546875 0.2953125
0 0.3 0.15703125 0.0140625 0.10078125
0 0.76796875 0.30859375 0.05078125 0.29140625
0 0.3875 0.20859375 0.02265625 0.16796875
0 0.11328125 0.29296875 0.0421875 0.2859375
0 0.4234375 0.18125 0.0171875 0.1296875
0 0.33828125 0.1703125 0.01640625 0.11640625
0 0.4609375 0.17578125 0.01640625 0.12109375
0 0.46796875 0.21875 0.02421875 0.178125