0 0.02265625 0.25078125 0.03671875 0.23125
0 0.303125 0.1640625 0.01484375 0.109375
0 0.19140625 0.1515625 0.01328125 0.0953125
0 0.25390625 0.16953125 0.01640625 0.11875
0 0.41171875 0.15703125 0.01328125 0.0984375
0 0.3953125 0.171875 0.015625 0.11875
0 0.32578125 0.17421875 0.01640625 0.121875
0 0.38828125 0.271875 0.034375 0.2515625
0 0.07578125 0.1578125 0.015625 0.10625
0 0.47421875 0.17421875 0.015625 0.11953125
0 0.0109375 0.3015625 0.02109375 0.3
0 0.234375 0.17109375 0.0171875 0.1203125
0 0.66015625 0.2109375 0.02578125 0.16171875
0 0.47578125 0.17890625 0.01640625 0.125
0 0.4171875 0.17109375 0.015625 0.11640625
0 0.346875 0.15703125 0.01328125 0.09921875
0 0.303125 0.18046875 0.01796875 0.13046875
0 0.09375 0.16171875 0.01640625 0.11171875
0 0.27421875 0.1671875 0.015625 0.1140625
0 0.28828125 0.165625 0.015625 0.11171875
0 0.31328125 0.26953125 0.034375 0.25
0 0.32890625 0.17109375 0.01640625 0.11796875