0 0.4671875 0.17734375 0.01640625 0.1234375
0 0.21875 0.15625 0.0140625 0.10078125
0 0.6515625 0.3015625 0.0453125 0.28515625
0 0.240625 0.15625 0.0140625 0.10078125
0 0.19140625 0.15625 0.01484375 0.10078125
0 0.40625 0.22890625 0.02578125 0.19296875
0 0.58984375 0.29921875 0.0421875 0.28203125
0 0.13359375 0.29375 0.0421875 0.2859375
0 0.825 0.30859375 0.05234375 0.2890625
0 0.28125 0.15390625 0.01328125 0.09609375
0 0.47421875 0.17421875 0.01640625 0.11875
0 0.2640625 0.1515625 0.01328125 0.09453125
0 0.40703125 0.1953125 0.01953125 0.1484375
0 0.3875 0.18046875 0.0171875 0.12890625
0 0.2390625 0.16640625 0.01640625 0.1140625
0 0.365625 0.21484375 0.02421875 0.17578125
0 0.87890625 0.303125 0.05390625 0.2796875
0 0.2078125 0.1671875 0.01640625 0.115625
0 0.0109375 0.25859375 0.02109375 0.24375
0 0.46484375 0.21640625 0.0234375 0.175
0 0.26484375 0.1546875 0.0140625 0.0984375
0 0.39765625 0.20703125 0.02265625 0.16484375
0 0.125 0.1515625 0.01484375 0.0984375
0 0.896875 0.33359375 0.06171875 0.32109375
0 0.67109375 0.25234375 0.03515625 0.21796875
0 0.94765625 0.32421875 0.06171875 0.30859375
0 0.41015625 0.159375 0.01328125 0.10078125
0 0.1890625 0.16875 0.0171875 0.11953125
0 0.696875 0.2984375 0.04609375 0.278125
0 0.76796875 0.30078125 0.04921875 0.28046875
0 0.34140625 0.165625 0.015625 0.1109375
0 0.428125 0.22109375 0.02421875 0.18359375
0 0.3859375 0.16171875 0.0140625 0.1046875
0 0.16015625 0.2078125 0.025 0.17109375
0 0.3984375 0.1578125 0.01328125 0.09921875
0 0.6140625 0.25625 0.03515625 0.225
0 0.3484375 0.22109375 0.02578125 0.18515625
0 0.9203125 0.3015625 0.0546875 0.278125