0 0.28359375 0.15078125 0.0125 0.09296875
0 0.4171875 0.23125 0.02578125 0.19609375
0 0.07578125 0.18125 0.02109375 0.13828125
0 0.01171875 0.2578125 0.0234375 0.24140625
0 0.2140625 0.15234375 0.01328125 0.0953125
0 0.38125 0.21640625 0.0234375 0.1765625
0 0.19921875 0.17109375 0.0171875 0.12109375
0 0.23125 0.1515625 0.01328125 0.09453125
0 0.27421875 0.15 0.01328125 0.090625
0 0.98359375 0.61796875 0.03125 0.69453125
0 0.428125 0.221875 0.02421875 0.18359375
0 0.42578125 0.2125 0.02265625 0.17109375
0 0.2265625 0.15625 0.0140625 0.10078125
0 0.64921875 0.2546875 0.03515625 0.221875
0 0.30078125 0.20703125 0.02265625 0.16640625
0 0.23828125 0.15546875 0.0140625 0.09921875
0 0.75546875 0.2640625 0.040625 0.23125
0 0.21015625 0.28671875 0.03984375 0.27578125
0 0.253125 0.15078125 0.01328125 0.09296875
0 0.82578125 0.26328125 0.04140625 0.22890625
0 0.5375 0.20078125 0.02109375 0.153125
0 0.684375 0.25078125 0.03515625 0.215625
0 0.3671875 0.22421875 0.02578125 0.18828125
0 0.12734375 0.18671875 0.02109375 0.14375
0 0.40859375 0.19609375 0.01953125 0.14921875
0 0.29765625 0.16875 0.01640625 0.11484375
0 0.9234375 0.61015625 0.13828125 0.68671875
0 0.4015625 0.15859375 0.01328125 0.1
0 0.18671875 0.165625 0.01640625 0.1140625