0 0.38203125 0.16328125 0.01484375 0.10625
0 0.41484375 0.1765625 0.01640625 0.1234375
0 0.0234375 0.16953125 0.01953125 0.12421875
0 0.00703125 0.3734375 0.0140625 0.396875
0 0.74296875 0.23984375 0.034375 0.2
0 0.3078125 0.16640625 0.015625 0.11328125
0 0.36015625 0.1609375 0.0140625 0.103125
0 0.0109375 0.215625 0.021875 0.1875
0 0.49453125 0.1734375 0.01640625 0.11796875
0 0.640625 0.27578125 0.0390625 0.24921875
0 0.1859375 0.19140625 0.02109375 0.14921875
0 0.353125 0.165625 0.01484375 0.11015625
0 0.28984375 0.1640625 0.01484375 0.109375
0 0.196875 0.1703125 0.01796875 0.1203125
0 0.03203125 0.19296875 0.02421875 0.15390625
0 0.7671875 0.290625 0.046875 0.26640625
0 0.021875 0.31328125 0.04375 0.31484375
0 0.05625 0.1640625 0.0171875 0.115625
0 0.1859375 0.19453125 0.021875 0.15390625
0 0.3921875 0.16875 0.01484375 0.11328125
0 0.34609375 0.16953125 0.015625 0.115625
0 0.3140625 0.21640625 0.025 0.1796875
0 0.03671875 0.17265625 0.01953125 0.1265625
0 0.70625 0.278125 0.04140625 0.2515625
0 0.47734375 0.17421875 0.015625 0.11953125
0 0.015625 0.22421875 0.03125 0.19609375
0 0.26328125 0.165625 0.01640625 0.11328125
0 0.1046875 0.16015625 0.01640625 0.109375
0 0.24765625 0.15859375 0.01484375 0.1046875
0 0.19921875 0.17265625 0.0171875 0.1234375
0 0.215625 0.165625 0.01640625 0.1140625
0 0.36015625 0.2140625 0.02421875 0.175
0 0.2625 0.16875 0.01640625 0.11640625
0 0.40234375 0.165625 0.01484375 0.109375
0 0.2703125 0.175 0.01796875 0.12421875