0 0.95859375 0.32109375 0.06171875 0.30390625
0 0.340625 0.17890625 0.0171875 0.12890625
0 0.4109375 0.1953125 0.01953125 0.1484375
0 0.734375 0.25546875 0.0375 0.2203125
0 0.77421875 0.309375 0.0515625 0.29140625
0 0.390625 0.15703125 0.01328125 0.0984375
0 0.22578125 0.16015625 0.01484375 0.10546875
0 0.39921875 0.159375 0.01328125 0.10078125
0 0.4125 0.23125 0.0265625 0.19609375
0 0.27109375 0.58359375 0.09609375 0.66640625
0 0.83828125 0.321875 0.05703125 0.30703125
0 0.63984375 0.234375 0.03046875 0.1953125
0 0.42265625 0.2203125 0.02421875 0.18125
0 0.43359375 0.21328125 0.02265625 0.17109375
0 0.70078125 0.2515625 0.0359375 0.21640625
0 0.30234375 0.20703125 0.02265625 0.16640625
0 0.35625 0.165625 0.01484375 0.1109375
0 0.98125 0.3203125 0.03671875 0.3015625
0 0.36484375 0.22421875 0.02578125 0.18828125
0 0.91484375 0.3265625 0.06171875 0.3109375
0 0.35859375 0.1640625 0.01484375 0.10859375
0 0.37734375 0.21640625 0.02421875 0.178125
0 0.3421875 0.1609375 0.0140625 0.1046875
0 0.08671875 0.2984375 0.04375 0.29375
0 0.35859375 0.1765625 0.01640625 0.125
0 0.83359375 0.3390625 0.0609375 0.3296875
0 0.6796875 0.2359375 0.03203125 0.19609375
0 0.0125 0.2578125 0.025 0.24375