0 0.41640625 0.16640625 0.01484375 0.11015625
0 0.37890625 0.21640625 0.02421875 0.178125
0 0.4484375 0.18359375 0.0171875 0.13125
0 0.1015625 0.20234375 0.02421875 0.165625
0 0.40546875 0.17734375 0.01640625 0.125
0 0.4484375 0.178125 0.01640625 0.12421875
0 0.72109375 0.2421875 0.034375 0.203125
0 0.3015625 0.20703125 0.0234375 0.16640625
0 0.3546875 0.2234375 0.02578125 0.18671875
0 0.4328125 0.21328125 0.02265625 0.171875
0 0.83828125 0.37890625 0.07109375 0.38203125
0 0.21484375 0.15703125 0.01484375 0.103125
0 0.40546875 0.196875 0.0203125 0.15078125
0 0.2578125 0.1515625 0.01328125 0.09453125
0 0.9875 0.39609375 0.02421875 0.40078125
0 0.0109375 0.25859375 0.02109375 0.24375
0 0.1453125 0.20078125 0.0234375 0.16171875
0 0.453125 0.221875 0.02421875 0.18359375
0 0.26328125 0.1515625 0.01328125 0.09375
0 0.4 0.1578125 0.01328125 0.09921875
0 0.2015625 0.28828125 0.03984375 0.2765625
0 0.284375 0.15078125 0.01328125 0.09296875
0 0.40703125 0.23046875 0.0265625 0.1953125
0 0.9625 0.3921875 0.0734375 0.396875
0 0.675 0.23828125 0.03203125 0.1984375
0 0.75625 0.384375 0.06796875 0.390625