0 0.63203125 0.334375 0.0515625 0.32890625
0 0.15078125 0.1484375 0.01328125 0.09296875
0 0.4296875 0.21328125 0.02265625 0.171875
0 0.9703125 0.2953125 0.0546875 0.26875
0 0.1375 0.153125 0.01484375 0.0984375
0 0.77421875 0.31796875 0.05390625 0.303125
0 0.0609375 0.30078125 0.0453125 0.296875
0 0.25390625 0.153125 0.01328125 0.09609375
0 0.2609375 0.1625 0.01484375 0.10859375
0 0.4125 0.23125 0.0265625 0.19609375
0 0.009375 0.2578125 0.01875 0.24375
0 0.30078125 0.20703125 0.0234375 0.16640625
0 0.2890625 0.15546875 0.0140625 0.096875
0 0.8328125 0.32265625 0.05703125 0.30859375
0 0.24375 0.1515625 0.01328125 0.09375
0 0.359375 0.1671875 0.01484375 0.11171875
0 0.43515625 0.1734375 0.015625 0.11953125
0 0.38046875 0.165625 0.01484375 0.109375
0 0.64296875 0.309375 0.04609375 0.2953125
0 0.7640625 0.24921875 0.03671875 0.2109375
0 0.2875 0.1609375 0.01484375 0.10546875
0 0.84921875 0.33828125 0.06171875 0.32890625
0 0.70625 0.3375 0.05546875 0.33046875
0 0.8703125 0.28671875 0.04921875 0.25859375
0 0.40859375 0.1953125 0.01953125 0.1484375
0 0.6875 0.3109375 0.0484375 0.29609375
0 0.4046875 0.159375 0.01328125 0.10078125
0 0.240625 0.15390625 0.01328125 0.096875
0 0.41953125 0.22109375 0.02421875 0.18359375
0 0.29921875 0.153125 0.01328125 0.0953125
0 0.4359375 0.171875 0.015625 0.115625
0 0.38125 0.21640625 0.0234375 0.1765625
0 0.37109375 0.2234375 0.02578125 0.18671875
0 0.83828125 0.25625 0.040625 0.21953125