0 0.30234375 0.2078125 0.02265625 0.16796875
0 0.00234375 0.396875 0.00390625 0.428125
0 0.2484375 0.2 0.02265625 0.159375
0 0.3890625 0.196875 0.0203125 0.1515625
0 0.68515625 0.234375 0.03203125 0.19375
0 0.459375 0.16953125 0.01484375 0.1140625
0 0.08515625 0.2 0.02421875 0.16328125
0 0.728125 0.24609375 0.03515625 0.209375
0 0.5015625 0.184375 0.01796875 0.13125
0 0.05546875 0.20625 0.02578125 0.171875
0 0.4015625 0.17421875 0.01640625 0.1203125
0 0.4359375 0.17734375 0.01640625 0.1234375
0 0.3625 0.2 0.02109375 0.15546875
0 0.41953125 0.22890625 0.02578125 0.19296875
0 0.39296875 0.178125 0.01640625 0.12578125
0 0.53203125 0.23515625 0.028125 0.1984375
0 0.5515625 0.2265625 0.0265625 0.1859375
0 0.26796875 0.2046875 0.02265625 0.16484375
0 0.4375 0.221875 0.02421875 0.18359375
0 0.42265625 0.21328125 0.02265625 0.1734375
0 0.38046875 0.17578125 0.01640625 0.1234375
0 0.12734375 0.20078125 0.02421875 0.16171875
0 0.44375 0.171875 0.01484375 0.11640625
0 0.53125 0.215625 0.02421875 0.171875