0 0.125 0.14765625 0.01328125 0.09140625
0 0.0125 0.2578125 0.025 0.24375
0 0.3359375 0.16015625 0.0140625 0.10390625
0 0.428125 0.21328125 0.02265625 0.171875
0 0.21640625 0.15078125 0.01328125 0.09375
0 0.43046875 0.22109375 0.02421875 0.18359375
0 0.47890625 0.1890625 0.01875 0.1390625
0 0.5640625 0.19609375 0.02109375 0.14609375
0 0.11015625 0.1484375 0.01328125 0.09375
0 0.1875 0.29296875 0.04140625 0.284375
0 0.31484375 0.16328125 0.01484375 0.10859375
0 0.30390625 0.20625 0.02265625 0.16640625
0 0.41484375 0.228125 0.02578125 0.19140625
0 0.40546875 0.1953125 0.01953125 0.1484375
0 0.1703125 0.1484375 0.01328125 0.090625
0 0.3671875 0.22421875 0.02578125 0.18828125
0 0.4078125 0.159375 0.01328125 0.1
0 0.38203125 0.215625 0.02421875 0.17578125
0 0.32890625 0.1625 0.01484375 0.10625