0 0.4640625 0.171875 0.015625 0.11640625
0 0.21796875 0.14765625 0.0125 0.08984375
0 0.3109375 0.1578125 0.0140625 0.10078125
0 0.20078125 0.1515625 0.01328125 0.09609375
0 0.1953125 0.16484375 0.01640625 0.11328125
0 0.375 0.1640625 0.01484375 0.10703125
0 0.22109375 0.15859375 0.01484375 0.1046875
0 0.19609375 0.20625 0.02421875 0.16796875
0 0.1578125 0.20859375 0.025 0.1734375
0 0.375 0.15546875 0.01328125 0.0953125
0 0.11796875 0.16328125 0.01640625 0.1140625
0 0.02421875 0.253125 0.03671875 0.23515625
0 0.4578125 0.1765625 0.01640625 0.12109375
0 0.27421875 0.165625 0.015625 0.11328125
0 0.24140625 0.1578125 0.0140625 0.103125
0 0.0109375 0.3015625 0.02109375 0.3
0 0.20390625 0.1484375 0.01328125 0.090625
0 0.05 0.18203125 0.02109375 0.140625
0 0.3953125 0.1765625 0.01640625 0.1234375
0 0.27421875 0.1484375 0.0125 0.08984375
0 0.46015625 0.16953125 0.01484375 0.1140625
0 0.41640625 0.19609375 0.01953125 0.14921875
0 0.43046875 0.17265625 0.015625 0.11796875