0 0.428125 0.1765625 0.01640625 0.12421875
0 0.39296875 0.20625 0.021875 0.16328125
0 0.2640625 0.15546875 0.0140625 0.09921875
0 0.0109375 0.3015625 0.02109375 0.3
0 0.28046875 0.17421875 0.0171875 0.12421875
0 0.96875 0.328125 0.06171875 0.31171875
0 0.0984375 0.15625 0.015625 0.10390625
0 0.46328125 0.175 0.01640625 0.1203125
0 0.43046875 0.17890625 0.01640625 0.12578125
0 0.19453125 0.1671875 0.01640625 0.115625
0 0.48828125 0.1734375 0.015625 0.11796875
0 0.4234375 0.18125 0.0171875 0.12890625
0 0.11953125 0.15390625 0.01484375 0.10078125
0 0.040625 0.25078125 0.03515625 0.23046875
0 0.446875 0.2109375 0.02265625 0.16875
0 0.278125 0.1671875 0.01640625 0.1140625