0 0.428125 0.22109375 0.02421875 0.18203125
0 0.515625 0.18046875 0.0171875 0.125
0 0.5703125 0.19453125 0.02109375 0.14375
0 0.2828125 0.153125 0.01328125 0.0953125
0 0.16328125 0.18828125 0.02109375 0.1453125
0 0.178125 0.14921875 0.01328125 0.09375
0 0.4125 0.22890625 0.02578125 0.19375
0 0.18203125 0.18671875 0.02109375 0.14296875
0 0.365625 0.225 0.02578125 0.1890625
0 0.0703125 0.2890625 0.04296875 0.28203125
0 0.38203125 0.215625 0.02421875 0.17578125
0 0.30390625 0.15078125 0.01328125 0.09296875
0 0.4265625 0.16875 0.01484375 0.11328125
0 0.30078125 0.20625 0.02265625 0.165625
0 0.2265625 0.1546875 0.0140625 0.0984375
0 0.1203125 0.15390625 0.01484375 0.10078125
0 0.25234375 0.15234375 0.01328125 0.0953125
0 0.20078125 0.15546875 0.01484375 0.1
0 0.1875 0.29296875 0.04140625 0.284375
0 0.40703125 0.1953125 0.01953125 0.1484375
0 0.43203125 0.21328125 0.02265625 0.171875
0 0.40625 0.159375 0.01328125 0.1
0 0.01484375 0.259375 0.0296875 0.24375