0 0.27578125 0.16171875 0.01484375 0.10703125
0 0.43203125 0.178125 0.01640625 0.125
0 0.290625 0.171875 0.01640625 0.1203125
0 0.37421875 0.16875 0.01484375 0.1140625
0 0.2921875 0.29453125 0.03984375 0.284375
0 0.0203125 0.25078125 0.03671875 0.23125
0 0.37734375 0.29609375 0.03828125 0.28359375
0 0.4046875 0.15703125 0.01328125 0.0984375
0 0.63125 0.209375 0.02578125 0.16171875
0 0.196875 0.16875 0.01640625 0.11953125
0 0.25390625 0.1765625 0.01796875 0.128125
0 0.221875 0.1671875 0.01640625 0.115625
0 0.4265625 0.17109375 0.01484375 0.115625
0 0.01328125 0.30078125 0.0265625 0.2984375
0 0.265625 0.16328125 0.01484375 0.11015625
0 0.40546875 0.16015625 0.01328125 0.1015625
0 0.36796875 0.15703125 0.01328125 0.0984375
0 0.35859375 0.16953125 0.015625 0.115625
0 0.2921875 0.16953125 0.01640625 0.11640625
0 0.24296875 0.1640625 0.015625 0.11171875