0 0.36328125 0.22421875 0.02578125 0.18828125
0 0.40390625 0.159375 0.01328125 0.1
0 0.6984375 0.234375 0.03203125 0.19375
0 0.60859375 0.234375 0.0296875 0.1953125
0 0.178125 0.1765625 0.01796875 0.12890625
0 0.3 0.20859375 0.0234375 0.16875
0 0.403125 0.1984375 0.0203125 0.153125
0 0.64375 0.22890625 0.0296875 0.18671875
0 0.4171875 0.23515625 0.0265625 0.2015625
0 0.42421875 0.22109375 0.02421875 0.18203125
0 0.29921875 0.15546875 0.01328125 0.0984375
0 0.42734375 0.21328125 0.02265625 0.1734375
0 0.38046875 0.215625 0.02421875 0.17578125
0 0.37421875 0.19375 0.01953125 0.14609375