0 0.00703125 0.3703125 0.0140625 0.390625
0 0.2859375 0.16171875 0.01484375 0.10625
0 0.4 0.15859375 0.01328125 0.1
0 0.3171875 0.16328125 0.01484375 0.10703125
0 0.22734375 0.1640625 0.01640625 0.11171875
0 0.34296875 0.16171875 0.0140625 0.1046875
0 0.34765625 0.16328125 0.01484375 0.10703125
0 0.37578125 0.17578125 0.01640625 0.1234375
0 0.41953125 0.1734375 0.015625 0.11953125
0 0.00703125 0.29921875 0.0140625 0.29609375
0 0.17890625 0.1953125 0.02265625 0.15390625
0 0.43515625 0.17265625 0.015625 0.11796875
0 0.50625 0.178125 0.0171875 0.1234375
0 0.37890625 0.15625 0.01328125 0.096875
0 0.065625 0.19609375 0.0234375 0.15859375
0 0.1703125 0.16484375 0.01640625 0.11328125