0 0.61796875 0.215625 0.02578125 0.1703125
0 0.19296875 0.16953125 0.0171875 0.11953125
0 0.3 0.20859375 0.0234375 0.16875
0 0.66875 0.21875 0.02734375 0.1734375
0 0.4046875 0.159375 0.01328125 0.1
0 0.36640625 0.22421875 0.02578125 0.18828125
0 0.39375 0.196875 0.0203125 0.1515625
0 0.42421875 0.22109375 0.02421875 0.18203125
0 0.38671875 0.19296875 0.01953125 0.1453125
0 0.42734375 0.21328125 0.02265625 0.1734375
0 0.38046875 0.215625 0.02421875 0.17578125
0 0.4203125 0.23515625 0.02734375 0.2015625
0 0.590625 0.2203125 0.0265625 0.178125
0 0.2984375 0.15078125 0.01328125 0.09296875