0 0.3578125 0.225 0.02578125 0.1890625
0 0.54453125 0.184375 0.01875 0.13046875
0 0.3 0.20859375 0.0234375 0.16875
0 0.61328125 0.24921875 0.03359375 0.215625
0 0.40390625 0.19921875 0.02109375 0.15390625
0 0.29921875 0.1609375 0.01484375 0.1046875
0 0.15546875 0.1859375 0.02109375 0.14140625
0 0.6671875 0.246875 0.03359375 0.21015625
0 0.42421875 0.22109375 0.02421875 0.18203125
0 0.72578125 0.2546875 0.03671875 0.2203125
0 0.41640625 0.2359375 0.02734375 0.203125
0 0.42734375 0.21328125 0.02265625 0.1734375
0 0.38046875 0.215625 0.02421875 0.17578125
0 0.39765625 0.159375 0.01328125 0.10078125
0 0.46796875 0.17109375 0.01484375 0.1140625
0 0.3765625 0.1953125 0.0203125 0.15