0 0.22578125 0.15390625 0.0140625 0.0984375
0 0.4015625 0.15859375 0.01328125 0.1
0 0.08125 0.18359375 0.02109375 0.14140625
0 0.653125 0.26328125 0.03671875 0.234375
0 0.134375 0.18828125 0.02109375 0.1453125
0 0.3015625 0.2078125 0.0234375 0.16796875
0 0.2734375 0.1515625 0.01328125 0.09375
0 0.2265625 0.171875 0.0171875 0.121875
0 0.2859375 0.1515625 0.01328125 0.09375
0 0.8328125 0.275 0.0453125 0.24453125
0 0.0171875 0.25625 0.034375 0.2390625
0 0.2125 0.15546875 0.01484375 0.09921875
0 0.51328125 0.19765625 0.02109375 0.14921875
0 0.4359375 0.21328125 0.02265625 0.171875
0 0.41171875 0.23125 0.0265625 0.19609375
0 0.696875 0.26328125 0.03828125 0.23125
0 0.7625 0.27265625 0.0421875 0.24375
0 0.3140625 0.16953125 0.01640625 0.11640625
0 0.2015625 0.28828125 0.03984375 0.2765625
0 0.41015625 0.1953125 0.01953125 0.1484375
0 0.3640625 0.2234375 0.02578125 0.18828125
0 0.38359375 0.21640625 0.02421875 0.178125
0 0.2578125 0.1515625 0.01328125 0.09375
0 0.16796875 0.1640625 0.01640625 0.11328125
0 0.95625 0.646875 0.08671875 0.7046875
0 0.43125 0.221875 0.02421875 0.18359375
0 0.15 0.15 0.0140625 0.09453125