0 0.19453125 0.2890625 0.03984375 0.278125
0 0.284375 0.15078125 0.01328125 0.09296875
0 0.38515625 0.21640625 0.02421875 0.178125
0 0.7484375 0.36015625 0.06171875 0.359375
0 0.3 0.20625 0.02265625 0.16640625
0 0.35390625 0.16171875 0.01484375 0.10546875
0 0.409375 0.23125 0.0265625 0.1953125
0 0.29140625 0.25703125 0.03203125 0.23359375
0 0.2625 0.1515625 0.01328125 0.09375
0 0.91328125 0.271875 0.046875 0.2390625
0 0.2046875 0.1515625 0.01328125 0.0953125
0 0.33671875 0.16171875 0.01484375 0.10546875
0 0.178125 0.1546875 0.01484375 0.1
0 0.01484375 0.25859375 0.0296875 0.24296875
0 0.4 0.19609375 0.0203125 0.15
0 0.584375 0.19375 0.02109375 0.14296875
0 0.22109375 0.2515625 0.0328125 0.228125
0 0.359375 0.159375 0.0140625 0.103125
0 0.85625 0.36640625 0.06953125 0.365625
0 0.4015625 0.15859375 0.01328125 0.1
0 0.253125 0.1515625 0.01328125 0.09453125
0 0.43203125 0.22109375 0.02421875 0.18203125
0 0.35859375 0.16796875 0.015625 0.1140625
0 0.43359375 0.21328125 0.02265625 0.171875
0 0.36640625 0.225 0.02578125 0.1890625
0 0.3375 0.1765625 0.01640625 0.125