0 0.4265625 0.17109375 0.01484375 0.115625
0 0.2734375 0.15625 0.0140625 0.1
0 0.075 0.23046875 0.03046875 0.203125
0 0.01171875 0.25859375 0.0234375 0.24296875
0 0.40703125 0.159375 0.01328125 0.1
0 0.4140625 0.1671875 0.01484375 0.11015625
0 0.57734375 0.19609375 0.021875 0.14609375
0 0.12734375 0.15625 0.01484375 0.10390625
0 0.41171875 0.171875 0.01640625 0.11875
0 0.41015625 0.228125 0.02578125 0.19140625
0 0.1875 0.29296875 0.04140625 0.284375
0 0.36875 0.22421875 0.02578125 0.18828125
0 0.38125 0.21640625 0.02421875 0.1765625
0 0.22265625 0.153125 0.01328125 0.09609375
0 0.40546875 0.1953125 0.01953125 0.1484375
0 0.43046875 0.21328125 0.02265625 0.171875
0 0.1078125 0.15703125 0.015625 0.1046875
0 0.30078125 0.20625 0.02265625 0.16640625
0 0.43359375 0.22109375 0.02421875 0.18203125