0 0.1921875 0.1484375 0.01328125 0.09140625
0 0.10859375 0.15703125 0.015625 0.1046875
0 0.2078125 0.15390625 0.0140625 0.0984375
0 0.0859375 0.16015625 0.01640625 0.109375
0 0.1125 0.14921875 0.01328125 0.09453125
0 0.390625 0.1578125 0.01328125 0.09921875
0 0.29609375 0.15625 0.01328125 0.1
0 0.32109375 0.171875 0.01640625 0.11953125
0 0.40234375 0.171875 0.015625 0.11796875
0 0.9671875 0.446875 0.06484375 0.4703125
0 0.303125 0.16328125 0.01484375 0.10703125
0 0.378125 0.1640625 0.01484375 0.10703125
0 0.0078125 0.36953125 0.01484375 0.39140625
0 0.196875 0.1953125 0.02265625 0.15390625
0 0.153125 0.15 0.0140625 0.09453125
0 0.3484375 0.16484375 0.01484375 0.109375
0 0.19609375 0.19140625 0.02109375 0.14921875
0 0.378125 0.16328125 0.01484375 0.10625
0 0.0046875 0.31015625 0.009375 0.3109375