0 0.4328125 0.1765625 0.01640625 0.1234375
0 0.771875 0.2859375 0.04609375 0.26015625
0 0.040625 0.37578125 0.06171875 0.396875
0 0.45078125 0.16796875 0.01484375 0.11171875
0 0.23671875 0.24921875 0.03203125 0.225
0 0.3921875 0.196875 0.0203125 0.1515625
0 0.40703125 0.228125 0.02578125 0.19140625
0 0.1328125 0.22890625 0.0296875 0.20078125
0 0.43125 0.22109375 0.02421875 0.18359375
0 0.4265625 0.21328125 0.02265625 0.171875
0 0.3671875 0.22421875 0.02578125 0.18671875
0 0.846875 0.26640625 0.04296875 0.23203125
0 0.38046875 0.175 0.01640625 0.121875
0 0.44375 0.16953125 0.01484375 0.1140625
0 0.31484375 0.1890625 0.01953125 0.14375
0 0.365625 0.19921875 0.02109375 0.1546875
0 0.29921875 0.20859375 0.02265625 0.16875
0 0.56796875 0.20546875 0.02265625 0.15859375
0 0.39296875 0.21640625 0.0234375 0.178125
0 0.32734375 0.16328125 0.01484375 0.10859375
0 0.39140625 0.1890625 0.01875 0.140625
0 0.3796875 0.2515625 0.03046875 0.22421875
0 0.3859375 0.17734375 0.0171875 0.125
0 0.39609375 0.1734375 0.015625 0.11953125
0 0.82578125 0.26953125 0.04296875 0.23828125
0 0.9234375 0.2765625 0.0484375 0.24375
0 0.090625 0.22890625 0.03046875 0.20078125
0 0.42265625 0.2390625 0.02734375 0.20625
0 0.8328125 0.2890625 0.0484375 0.2640625
0 0.33828125 0.1625 0.01484375 0.10625
0 0.18359375 0.24609375 0.03203125 0.221875