0 0.6359375 0.21328125 0.02578125 0.16640625
0 0.4328125 0.2140625 0.02265625 0.171875
0 0.396875 0.1984375 0.0203125 0.1515625
0 0.4375 0.19140625 0.01953125 0.14296875
0 0.571875 0.19609375 0.02109375 0.1453125
0 0.41640625 0.23046875 0.02578125 0.1953125
0 0.21484375 0.153125 0.01328125 0.09609375
0 0.44375 0.175 0.015625 0.1203125
0 0.3875 0.1765625 0.01640625 0.12421875
0 0.36875 0.22421875 0.02578125 0.18828125
0 0.36484375 0.19921875 0.02109375 0.1546875
0 0.37734375 0.215625 0.02421875 0.17578125
0 0.1234375 0.271875 0.03828125 0.25625
0 0.31328125 0.17734375 0.01796875 0.1265625
0 0.30234375 0.20859375 0.0234375 0.16875
0 0.4109375 0.17578125 0.01640625 0.12109375
0 0.534375 0.19765625 0.02109375 0.14921875
0 0.43203125 0.22109375 0.02421875 0.18203125
0 0.71875 0.234375 0.0328125 0.19375