0 0.40859375 0.16015625 0.01328125 0.1015625
0 0.25 0.16484375 0.015625 0.1109375
0 0.075 0.24921875 0.03359375 0.22890625
0 0.015625 0.29921875 0.03125 0.2984375
0 0.496875 0.1796875 0.0171875 0.12578125
0 0.0859375 0.15546875 0.01484375 0.10390625
0 0.33359375 0.18125 0.01796875 0.13046875
0 0.4828125 0.18359375 0.0171875 0.13046875
0 0.3640625 0.15625 0.01328125 0.0984375
0 0.403125 0.15703125 0.01328125 0.0984375
0 0.13125 0.15078125 0.01328125 0.0953125
0 0.11484375 0.153125 0.01484375 0.09921875
0 0.1984375 0.1484375 0.01328125 0.090625
0 0.74921875 0.30703125 0.05 0.28984375
0 0.50625 0.190625 0.01875 0.13984375
0 0.27109375 0.16171875 0.01484375 0.10703125