0 0.1953125 0.28984375 0.03984375 0.2796875
0 0.30390625 0.16328125 0.01484375 0.10859375
0 0.30234375 0.20703125 0.0234375 0.16640625
0 0.45078125 0.17109375 0.01484375 0.115625
0 0.7640625 0.27265625 0.0421875 0.24375
0 0.2828125 0.1484375 0.01171875 0.0890625
0 0.25078125 0.15234375 0.01328125 0.0953125
0 0.40234375 0.19609375 0.0203125 0.14921875
0 0.40234375 0.175 0.01640625 0.121875
0 0.2375 0.14921875 0.01328125 0.09140625
0 0.43671875 0.22109375 0.02421875 0.18203125
0 0.41796875 0.22890625 0.02578125 0.19375
0 0.0109375 0.26015625 0.02109375 0.24453125
0 0.91640625 0.27265625 0.046875 0.23984375
0 0.43359375 0.21328125 0.02265625 0.171875
0 0.20703125 0.16484375 0.01640625 0.11328125
0 0.5890625 0.6359375 0.11328125 0.72578125
0 0.3828125 0.21640625 0.02421875 0.1765625
0 0.36796875 0.225 0.02578125 0.1890625
0 0.58125 0.19296875 0.02109375 0.14140625
0 0.9484375 0.65 0.10234375 0.6984375
0 0.26484375 0.159375 0.01484375 0.1046875
0 0.26484375 0.17890625 0.01796875 0.1296875
0 0.7703125 0.23828125 0.034375 0.19609375
0 0.23125 0.15 0.01328125 0.09296875