0 0.7390625 0.265625 0.03984375 0.234375
0 0.3140625 0.1609375 0.01484375 0.10546875
0 0.47265625 0.21875 0.0234375 0.178125
0 0.05546875 0.15859375 0.01640625 0.10859375
0 0.09609375 0.1609375 0.01640625 0.11015625
0 0.303125 0.16484375 0.01484375 0.1109375
0 0.18828125 0.34296875 0.05078125 0.35
0 0.0171875 0.25625 0.034375 0.2390625
0 0.3375 0.2078125 0.02265625 0.16796875
0 0.41328125 0.17421875 0.01640625 0.12109375
0 0.35390625 0.165625 0.01484375 0.1109375
0 0.12265625 0.15859375 0.015625 0.10625
0 0.42890625 0.17265625 0.015625 0.11796875
0 0.46171875 0.18125 0.01640625 0.12890625
0 0.42734375 0.184375 0.01796875 0.13359375
0 0.096875 0.15546875 0.01484375 0.10390625
0 0.1328125 0.2859375 0.04140625 0.27578125
0 0.2203125 0.153125 0.0140625 0.09609375
0 0.521875 0.22578125 0.02578125 0.1859375
0 0.2828125 0.16640625 0.015625 0.11328125
0 0.409375 0.196875 0.0203125 0.15078125
0 0.4703125 0.20859375 0.021875 0.16484375
0 0.79140625 0.26640625 0.04140625 0.23515625