0 0.1859375 0.17421875 0.01796875 0.12578125
0 0.3 0.1546875 0.01328125 0.09609375
0 0.59921875 0.2296875 0.02890625 0.1890625
0 0.3 0.20859375 0.0234375 0.16875
0 0.6390625 0.22421875 0.02890625 0.18203125
0 0.36484375 0.22421875 0.02578125 0.18828125
0 0.42421875 0.22109375 0.02421875 0.18203125
0 0.69375 0.2296875 0.03046875 0.18671875
0 0.4046875 0.1984375 0.0203125 0.1515625
0 0.38203125 0.19296875 0.01953125 0.14609375
0 0.42734375 0.21328125 0.02265625 0.1734375
0 0.38046875 0.215625 0.02421875 0.17578125
0 0.4203125 0.23515625 0.02734375 0.2015625
0 0.4046875 0.159375 0.01328125 0.1