0 0.221875 0.1640625 0.01640625 0.11171875
0 0.00859375 0.30859375 0.0171875 0.3109375
0 0.3734375 0.16640625 0.01484375 0.1109375
0 0.39140625 0.165625 0.01484375 0.10859375
0 0.3484375 0.15625 0.01328125 0.0984375
0 0.0140625 0.3703125 0.028125 0.390625
0 0.275 0.16484375 0.01484375 0.1109375
0 0.20703125 0.16640625 0.01640625 0.11484375
0 0.50703125 0.4625 0.06953125 0.50078125
0 0.3515625 0.165625 0.01484375 0.11015625
0 0.33671875 0.16796875 0.01484375 0.1140625
0 0.37734375 0.1640625 0.01484375 0.10703125
0 0.16640625 0.15859375 0.015625 0.10625
0 0.18515625 0.1921875 0.021875 0.14921875
0 0.690625 0.28046875 0.0421875 0.25546875
0 0.20078125 0.1953125 0.021875 0.15390625
0 0.6 0.44375 0.07265625 0.47421875
0 0.94375 0.65703125 0.11171875 0.684375
0 0.025 0.2375 0.03359375 0.2140625
0 0.40625 0.16171875 0.01328125 0.10390625
0 0.13515625 0.15078125 0.01328125 0.0953125
0 0.1796875 0.15 0.01328125 0.09453125