0 0.596875 0.21796875 0.0265625 0.175
0 0.2984375 0.20859375 0.02265625 0.16875
0 0.7265625 0.234375 0.03203125 0.19296875
0 0.5609375 0.2234375 0.0265625 0.18203125
0 0.365625 0.225 0.02578125 0.1890625
0 0.33203125 0.19140625 0.0203125 0.14609375
0 0.378125 0.215625 0.0234375 0.17578125
0 0.3359375 0.1875 0.01953125 0.13984375
0 0.4328125 0.22109375 0.02421875 0.18359375
0 0.3796875 0.17421875 0.01640625 0.12109375
0 0.396875 0.196875 0.0203125 0.1515625
0 0.51015625 0.21953125 0.025 0.17890625
0 0.69296875 0.22109375 0.02890625 0.17578125
0 0.084375 0.2265625 0.0296875 0.196875
0 0.42578125 0.21328125 0.02265625 0.171875
0 0.4046875 0.23125 0.02578125 0.19609375
0 0.43828125 0.1765625 0.01640625 0.1234375
0 0.4046875 0.1734375 0.01640625 0.11953125
0 0.3859375 0.178125 0.01640625 0.12578125
0 0.3625 0.2 0.02109375 0.15546875