0 0.171875 0.153125 0.0140625 0.0984375
0 0.3609375 0.1734375 0.01640625 0.12109375
0 0.44453125 0.21953125 0.0234375 0.1796875
0 0.91875 0.4515625 0.09453125 0.478125
0 0.11796875 0.29296875 0.0421875 0.28515625
0 0.39921875 0.20703125 0.021875 0.16484375
0 0.2015625 0.15078125 0.01328125 0.09453125
0 0.96171875 0.44765625 0.07578125 0.47109375
0 0.3640625 0.1671875 0.015625 0.11171875
0 0.35703125 0.18671875 0.01875 0.1390625
0 0.26171875 0.1640625 0.015625 0.11015625
0 0.05703125 0.15625 0.015625 0.10546875
0 0.01328125 0.25703125 0.02578125 0.23984375
0 0.17109375 0.17734375 0.01953125 0.13046875
0 0.228125 0.146875 0.01328125 0.0890625
0 0.19765625 0.15234375 0.01328125 0.096875
0 0.346875 0.18203125 0.01796875 0.13203125
0 0.05859375 0.153125 0.01484375 0.1
0 0.2484375 0.16640625 0.01640625 0.1140625
0 0.44609375 0.2140625 0.02265625 0.1734375
0 0.50546875 0.1765625 0.01640625 0.121875
0 0.41015625 0.196875 0.0203125 0.1515625
0 0.40546875 0.19296875 0.01953125 0.1453125
0 0.3421875 0.16875 0.01640625 0.115625
0 0.29140625 0.15546875 0.01328125 0.0984375
0 0.4953125 0.17890625 0.0171875 0.125
0 0.41640625 0.22421875 0.025 0.18671875
0 0.43515625 0.1671875 0.01484375 0.11015625