0 0.0171875 0.259375 0.03359375 0.24375
0 0.27890625 0.1515625 0.01328125 0.09375
0 0.25234375 0.153125 0.01328125 0.09609375
0 0.41953125 0.234375 0.02734375 0.20078125
0 0.18984375 0.2890625 0.040625 0.27890625
0 0.26796875 0.1765625 0.01796875 0.128125
0 0.384375 0.21640625 0.0234375 0.1765625
0 0.42890625 0.22109375 0.02421875 0.18203125
0 0.91328125 0.271875 0.046875 0.2390625
0 0.7015625 0.24609375 0.03515625 0.209375
0 0.30390625 0.20703125 0.02265625 0.16640625
0 0.29609375 0.16640625 0.015625 0.11328125
0 0.58046875 0.19296875 0.02109375 0.14140625
0 0.22109375 0.15390625 0.01328125 0.0984375
0 0.234375 0.153125 0.01328125 0.096875
0 0.20234375 0.15390625 0.0140625 0.09921875
0 0.4 0.19609375 0.0203125 0.15
0 0.35390625 0.15390625 0.0125 0.09453125
0 0.36484375 0.225 0.02578125 0.1890625
0 0.25859375 0.1515625 0.01328125 0.09375
0 0.53828125 0.38203125 0.05703125 0.39453125
0 0.37421875 0.1671875 0.01484375 0.11171875
0 0.43203125 0.21328125 0.02265625 0.171875
0 0.3453125 0.36328125 0.0515625 0.37421875
0 0.4453125 0.1703125 0.01484375 0.11484375
0 0.1359375 0.15859375 0.015625 0.10546875