0 0.53828125 0.18671875 0.01953125 0.134375
0 0.125 0.16015625 0.01640625 0.109375
0 0.1640625 0.1578125 0.01484375 0.1046875
0 0.21015625 0.24375 0.03125 0.21640625
0 0.390625 0.15859375 0.01328125 0.1
0 0.40703125 0.16015625 0.01328125 0.1015625
0 0.06796875 0.16171875 0.01640625 0.11171875
0 0.42109375 0.18125 0.01796875 0.1296875
0 0.0953125 0.15859375 0.01640625 0.10703125
0 0.978125 0.36875 0.0421875 0.365625
0 0.26015625 0.15390625 0.01328125 0.096875
0 0.7125 0.24609375 0.03515625 0.209375
0 0.159375 0.159375 0.015625 0.10625
0 0.01328125 0.3 0.0265625 0.2984375
0 0.3390625 0.165625 0.01484375 0.1109375
0 0.3078125 0.16875 0.01640625 0.115625
0 0.396875 0.15703125 0.01328125 0.096875
0 0.1703125 0.15546875 0.01484375 0.10078125