0 0.478125 0.17421875 0.015625 0.11875
0 0.1515625 0.15625 0.01484375 0.103125
0 0.28203125 0.16796875 0.01640625 0.11484375
0 0.18125 0.16640625 0.01640625 0.115625
0 0.1984375 0.16328125 0.01640625 0.11171875
0 0.4640625 0.1765625 0.01640625 0.121875
0 0.428125 0.16796875 0.01484375 0.1109375
0 0.26796875 0.16875 0.01640625 0.11640625
0 0.00859375 0.29921875 0.01640625 0.296875
0 0.39296875 0.1578125 0.01328125 0.09921875
0 0.15859375 0.1484375 0.01328125 0.09140625
0 0.78828125 0.25625 0.0390625 0.2203125
0 0.35 0.16171875 0.0140625 0.10546875
0 0.13828125 0.15 0.01328125 0.09453125
0 0.478125 0.228125 0.02578125 0.190625
0 0.2828125 0.165625 0.015625 0.11171875
0 0.3953125 0.15703125 0.01328125 0.096875
0 0.128125 0.15625 0.01484375 0.10390625