0 0.46640625 0.21640625 0.02265625 0.175
0 0.7734375 0.553125 0.11015625 0.61484375
0 0.41171875 0.1953125 0.01953125 0.1484375
0 0.0125 0.2609375 0.025 0.24609375
0 0.28125 0.159375 0.01484375 0.1046875
0 0.22265625 0.153125 0.01328125 0.09609375
0 0.60234375 0.27890625 0.03828125 0.25546875
0 0.43828125 0.17734375 0.01640625 0.1234375
0 0.71953125 0.30625 0.04921875 0.2890625
0 0.20625 0.1484375 0.01328125 0.09140625
0 0.71640625 0.2296875 0.03125 0.18671875
0 0.31640625 0.165625 0.015625 0.11015625
0 0.10078125 0.15859375 0.01640625 0.10703125
0 0.4046875 0.159375 0.01328125 0.10078125
0 0.16484375 0.146875 0.01328125 0.090625
0 0.8328125 0.32109375 0.05703125 0.30546875
0 0.5890625 0.51328125 0.08671875 0.56796875
0 0.13671875 0.15625 0.01484375 0.103125
0 0.3984375 0.1578125 0.01328125 0.09921875
0 0.578125 0.21171875 0.025 0.16640625
0 0.096875 0.16484375 0.0171875 0.11484375
0 0.1578125 0.15546875 0.01484375 0.1015625
0 0.02421875 0.2796875 0.04296875 0.2703125
0 0.1265625 0.2953125 0.04296875 0.2890625
0 0.3296875 0.20625 0.02265625 0.16484375
0 0.14765625 0.14921875 0.01328125 0.09375
0 0.59375 0.20625 0.0234375 0.15859375
0 0.85234375 0.33828125 0.06171875 0.328125
0 0.43125 0.221875 0.02421875 0.18203125
0 0.65546875 0.31875 0.04921875 0.30703125
0 0.77109375 0.3078125 0.05078125 0.28984375
0 0.3 0.15859375 0.0140625 0.1015625
0 0.38828125 0.21640625 0.02421875 0.178125
0 0.36796875 0.2359375 0.02734375 0.20390625
0 0.93046875 0.55703125 0.12421875 0.61640625
0 0.34296875 0.22265625 0.02578125 0.1859375