0 0.39453125 0.1578125 0.01328125 0.09921875
0 0.34140625 0.1703125 0.01640625 0.11640625
0 0.00859375 0.29921875 0.01640625 0.296875
0 0.203125 0.159375 0.01484375 0.10546875
0 0.20078125 0.1515625 0.01328125 0.09609375
0 0.1890625 0.159375 0.01484375 0.10625
0 0.39765625 0.15703125 0.01328125 0.096875
0 0.28046875 0.16640625 0.015625 0.11328125
0 0.26015625 0.159375 0.01484375 0.1046875
0 0.590625 0.21796875 0.02578125 0.175
0 0.2109375 0.15078125 0.01328125 0.09375
0 0.3453125 0.1734375 0.01640625 0.1203125
0 0.26015625 0.16875 0.01640625 0.11640625
0 0.3625 0.171875 0.01640625 0.11875
0 0.09296875 0.1578125 0.01640625 0.10625
0 0.1828125 0.153125 0.0140625 0.096875
0 0.1484375 0.153125 0.0140625 0.09921875