0 0.8875 0.31328125 0.05703125 0.29375
0 0.2984375 0.20859375 0.02265625 0.16875
0 0.415625 0.22890625 0.02578125 0.19375
0 0.81171875 0.30546875 0.05234375 0.28515625
0 0.33359375 0.19140625 0.01953125 0.14609375
0 0.39453125 0.1984375 0.02109375 0.1515625
0 0.29453125 0.1609375 0.01484375 0.10546875
0 0.5984375 0.20546875 0.0234375 0.15703125
0 0.8140625 0.28515625 0.046875 0.259375
0 0.38515625 0.178125 0.0171875 0.1265625
0 0.12734375 0.24140625 0.03203125 0.21640625
0 0.5671875 0.20625 0.0234375 0.15859375
0 0.41640625 0.16484375 0.01484375 0.10703125
0 0.08203125 0.2390625 0.03203125 0.215625
0 0.43359375 0.221875 0.02421875 0.18203125
0 0.365625 0.22421875 0.02578125 0.18671875
0 0.92578125 0.28515625 0.05078125 0.25546875
0 0.1640625 0.265625 0.03671875 0.2484375
0 0.37578125 0.2390625 0.028125 0.20859375
0 0.30625 0.253125 0.03125 0.228125
0 0.3828125 0.215625 0.02421875 0.17578125
0 0.22265625 0.26875 0.0359375 0.25
0 0.25703125 0.19140625 0.02109375 0.146875
0 0.03359375 0.3734375 0.0625 0.3953125
0 0.434375 0.17734375 0.01640625 0.1234375
0 0.31015625 0.16015625 0.01484375 0.10390625
0 0.4328125 0.21328125 0.02265625 0.17109375
0 0.37734375 0.175 0.01640625 0.121875
0 0.36484375 0.19921875 0.02109375 0.1546875
0 0.4359375 0.16796875 0.01484375 0.11171875
0 0.40625 0.16796875 0.01484375 0.11171875