0 0.4140625 0.22890625 0.02578125 0.19375
0 0.428125 0.22109375 0.02421875 0.18203125
0 0.20703125 0.196875 0.02265625 0.1546875
0 0.5375 0.18359375 0.01796875 0.13046875
0 0.57265625 0.19453125 0.02109375 0.14375
0 0.403125 0.15859375 0.01328125 0.1
0 0.1328125 0.15625 0.01484375 0.10390625
0 0.3046875 0.20625 0.0234375 0.165625
0 0.2484375 0.159375 0.01484375 0.1046875
0 0.2078125 0.153125 0.0140625 0.096875
0 0.165625 0.27578125 0.03828125 0.2609375
0 0.38203125 0.215625 0.02421875 0.17578125
0 0.40703125 0.1953125 0.01953125 0.1484375
0 0.30234375 0.15625 0.01328125 0.09921875
0 0.484375 0.171875 0.015625 0.11640625
0 0.26875 0.15859375 0.01484375 0.1015625
0 0.01484375 0.26171875 0.02890625 0.246875
0 0.1859375 0.29375 0.04140625 0.28515625
0 0.315625 0.15546875 0.01328125 0.096875
0 0.3640625 0.225 0.02578125 0.1890625
0 0.3390625 0.15390625 0.01328125 0.0953125
0 0.43203125 0.21328125 0.02265625 0.171875
0 0.18046875 0.19921875 0.02265625 0.16015625
0 0.52421875 0.18046875 0.01796875 0.12578125