0 0.3765625 0.2484375 0.0296875 0.2203125
0 0.31484375 0.15546875 0.01328125 0.096875
0 0.415625 0.22890625 0.02578125 0.19375
0 0.3890625 0.1578125 0.01328125 0.09921875
0 0.359375 0.16796875 0.01484375 0.11328125
0 0.4296875 0.22109375 0.02421875 0.18203125
0 0.01171875 0.2625 0.02265625 0.246875
0 0.2609375 0.22578125 0.02734375 0.19296875
0 0.38984375 0.178125 0.01640625 0.1265625
0 0.40625 0.19609375 0.0203125 0.14921875
0 0.2765625 0.21953125 0.02578125 0.18359375
0 0.3875 0.215625 0.0234375 0.17578125
0 0.18203125 0.1609375 0.015625 0.10859375
0 0.3703125 0.165625 0.01484375 0.11015625
0 0.9265625 0.26953125 0.04609375 0.23515625
0 0.41796875 0.16796875 0.01484375 0.1109375
0 0.56484375 0.19375 0.02109375 0.14296875
0 0.43359375 0.21328125 0.02265625 0.171875
0 0.37890625 0.18125 0.01796875 0.13125
0 0.3671875 0.22421875 0.02578125 0.18828125
0 0.1859375 0.29375 0.04140625 0.28515625
0 0.39609375 0.1609375 0.0140625 0.103125
0 0.3046875 0.20625 0.0234375 0.165625
0 0.26875 0.1625 0.01484375 0.10859375