0 0.40859375 0.16015625 0.01328125 0.1015625
0 0.0265625 0.25078125 0.03671875 0.23125
0 0.01328125 0.3 0.0265625 0.2984375
0 0.9578125 0.2953125 0.05390625 0.26875
0 0.4796875 0.18203125 0.0171875 0.1296875
0 0.50703125 0.1765625 0.01640625 0.12109375
0 0.30625 0.17109375 0.01640625 0.11796875
0 0.459375 0.203125 0.02109375 0.15703125
0 0.1359375 0.15859375 0.01484375 0.10625
0 0.32890625 0.17734375 0.0171875 0.1265625
0 0.47109375 0.17734375 0.01640625 0.1234375
0 0.4765625 0.1796875 0.0171875 0.12578125
0 0.4046875 0.15703125 0.01328125 0.0984375
0 0.215625 0.1703125 0.0171875 0.1203125
0 0.27265625 0.15546875 0.01328125 0.09921875
0 0.42421875 0.1984375 0.0203125 0.1515625
0 0.15703125 0.15625 0.01484375 0.103125