0 0.47734375 0.17421875 0.015625 0.11953125
0 0.99375 0.35703125 0.01171875 0.34921875
0 0.4125 0.1953125 0.01953125 0.1484375
0 0.4109375 0.16953125 0.01484375 0.1140625
0 0.190625 0.153125 0.0140625 0.096875
0 0.46640625 0.21640625 0.02265625 0.175
0 0.22890625 0.1515625 0.01328125 0.09453125
0 0.403125 0.17109375 0.015625 0.11640625
0 0.8609375 0.34296875 0.06328125 0.33359375
0 0.4046875 0.20703125 0.021875 0.1640625
0 0.57890625 0.33671875 0.04921875 0.33359375
0 0.3859375 0.21640625 0.02421875 0.178125
0 0.18828125 0.1640625 0.01640625 0.11171875
0 0.3984375 0.1578125 0.01328125 0.09921875
0 0.2203125 0.153125 0.0140625 0.096875
0 0.2046875 0.1625 0.015625 0.11015625
0 0.82734375 0.30859375 0.053125 0.28984375
0 0.4046875 0.159375 0.01328125 0.10078125
0 0.16015625 0.165625 0.01640625 0.11484375
0 0.72109375 0.3390625 0.05625 0.33203125
0 0.64453125 0.27109375 0.03828125 0.24453125
0 0.15 0.22421875 0.028125 0.19296875
0 0.76640625 0.30078125 0.04921875 0.28125
0 0.69140625 0.26796875 0.0390625 0.23828125
0 0.70546875 0.2328125 0.03203125 0.19140625
0 0.290625 0.175 0.0171875 0.12421875
0 0.24375 0.15078125 0.01328125 0.09375
0 0.0140625 0.259375 0.02734375 0.24296875
0 0.64609375 0.334375 0.05234375 0.328125
0 0.43125 0.221875 0.02421875 0.18203125
0 0.346875 0.22265625 0.02578125 0.1859375
0 0.30234375 0.1609375 0.01484375 0.10546875
0 0.1359375 0.29453125 0.0421875 0.28671875
0 0.16640625 0.1515625 0.0140625 0.0953125