0 0.2890625 0.16875 0.01640625 0.115625
0 0.428125 0.21328125 0.02265625 0.171875
0 0.365625 0.22421875 0.02578125 0.18671875
0 0.35546875 0.1640625 0.01484375 0.10703125
0 0.43359375 0.2015625 0.02109375 0.15625
0 0.40859375 0.22890625 0.02578125 0.19375
0 0.7140625 0.28203125 0.04296875 0.25703125
0 0.65234375 0.284375 0.04140625 0.26171875
0 0.3921875 0.19921875 0.02109375 0.15390625
0 0.40703125 0.16484375 0.01484375 0.10703125
0 0.2984375 0.20859375 0.02265625 0.16875
0 0.78828125 0.296875 0.04921875 0.275
0 0.5203125 0.184375 0.01796875 0.13125
0 0.38046875 0.215625 0.02421875 0.17578125
0 0.4515625 0.16953125 0.01484375 0.1140625
0 0.1453125 0.18671875 0.02109375 0.14453125
0 0.4265625 0.22109375 0.02421875 0.18203125