0 0.4828125 0.18828125 0.01875 0.13828125
0 0.225 0.1578125 0.01484375 0.103125
0 0.24609375 0.15703125 0.01484375 0.1015625
0 0.11171875 0.15703125 0.01484375 0.1046875
0 0.44453125 0.2140625 0.02265625 0.1734375
0 0.37734375 0.21953125 0.02421875 0.18203125
0 0.08984375 0.159375 0.01640625 0.10859375
0 0.37734375 0.1765625 0.01640625 0.12421875
0 0.478125 0.17578125 0.01640625 0.1203125
0 0.07421875 0.1515625 0.01484375 0.0984375
0 0.50390625 0.178125 0.0171875 0.1234375
0 0.278125 0.15390625 0.01328125 0.096875
0 0.0109375 0.25625 0.021875 0.23984375
0 0.4 0.20703125 0.02265625 0.16484375
0 0.3734375 0.15625 0.01328125 0.096875
0 0.56640625 0.20078125 0.02265625 0.1515625
0 0.29296875 0.15 0.0125 0.090625
0 0.26015625 0.15546875 0.01328125 0.09921875
0 0.409375 0.1953125 0.01953125 0.1484375
0 0.42578125 0.21875 0.0234375 0.1796875
0 0.13359375 0.15625 0.01484375 0.10390625
0 0.42109375 0.22890625 0.02578125 0.19296875
0 0.12890625 0.2953125 0.04296875 0.2890625
0 0.0546875 0.153125 0.01484375 0.1
0 0.29453125 0.203125 0.02265625 0.16171875
0 0.46953125 0.1828125 0.0171875 0.13046875
0 0.45859375 0.178125 0.01640625 0.125