0 0.4046875 0.16796875 0.01484375 0.1109375
0 0.43515625 0.22265625 0.02421875 0.184375
0 0.76953125 0.3234375 0.0546875 0.31015625
0 0.11796875 0.1984375 0.0234375 0.16015625
0 0.4265625 0.21328125 0.02265625 0.171875
0 0.37890625 0.215625 0.02421875 0.17578125
0 0.47421875 0.17109375 0.015625 0.11484375
0 0.36328125 0.165625 0.01484375 0.11015625
0 0.44453125 0.2015625 0.02109375 0.15625
0 0.41171875 0.2015625 0.02109375 0.15703125
0 0.23828125 0.1765625 0.01796875 0.1265625
0 0.70546875 0.3265625 0.053125 0.31640625
0 0.5375 0.18359375 0.01875 0.1296875
0 0.2984375 0.20859375 0.02265625 0.16875
0 0.3640625 0.22421875 0.02578125 0.18828125
0 0.84453125 0.3515625 0.06484375 0.34609375
0 0.50390625 0.184375 0.01796875 0.13125
0 0.40859375 0.22890625 0.02578125 0.19375
0 0.6171875 0.20078125 0.02265625 0.15078125
0 0.28359375 0.15859375 0.01484375 0.103125