0 0.25234375 0.159375 0.01484375 0.1046875
0 0.6359375 0.36328125 0.0578125 0.36640625
0 0.08359375 0.29921875 0.04375 0.29453125
0 0.40390625 0.159375 0.01328125 0.1
0 0.0125 0.25625 0.025 0.240625
0 0.40859375 0.171875 0.015625 0.11796875
0 0.70859375 0.33203125 0.05390625 0.3234375
0 0.3734375 0.22421875 0.025 0.18671875
0 0.846875 0.33671875 0.06171875 0.3265625
0 0.27421875 0.15390625 0.01328125 0.09609375
0 0.1421875 0.14609375 0.01328125 0.08984375
0 0.4984375 0.18125 0.01796875 0.128125
0 0.36484375 0.1640625 0.01484375 0.10859375
0 0.72421875 0.3625 0.06171875 0.3640625
0 0.07734375 0.1640625 0.0171875 0.115625
0 0.2859375 0.159375 0.01484375 0.10390625
0 0.384375 0.21640625 0.02421875 0.178125
0 0.77421875 0.31796875 0.05390625 0.303125
0 0.146875 0.15390625 0.01484375 0.10078125
0 0.346875 0.165625 0.01484375 0.1109375
0 0.659375 0.3375 0.053125 0.33203125
0 0.4125 0.19609375 0.01953125 0.14921875
0 0.834375 0.32421875 0.0578125 0.31015625
0 0.90703125 0.30390625 0.0546875 0.28203125
0 0.22578125 0.153125 0.01328125 0.09609375
0 0.43515625 0.221875 0.02421875 0.18203125
0 0.8609375 0.26875 0.04453125 0.23515625
0 0.41484375 0.23203125 0.0265625 0.196875
0 0.78359375 0.25859375 0.03984375 0.22421875
0 0.41171875 0.16953125 0.01484375 0.11484375
0 0.2984375 0.2078125 0.02265625 0.16796875
0 0.43671875 0.21328125 0.02265625 0.17109375