0 0.6953125 0.50859375 0.09296875 0.55859375
0 0.3234375 0.16484375 0.01484375 0.109375
0 0.0125 0.25625 0.025 0.240625
0 0.27421875 0.15390625 0.01328125 0.096875
0 0.84296875 0.4953125 0.10078125 0.53671875
0 0.75859375 0.36171875 0.06328125 0.36171875
0 0.63046875 0.20546875 0.02421875 0.15703125
0 0.24921875 0.1546875 0.0140625 0.0984375
0 0.9703125 0.33125 0.05859375 0.315625
0 0.43515625 0.221875 0.02421875 0.18203125
0 0.20546875 0.159375 0.01484375 0.10625
0 0.9015625 0.32109375 0.05859375 0.30390625
0 0.28515625 0.15859375 0.0140625 0.1015625
0 0.384375 0.21640625 0.02421875 0.178125
0 0.3 0.2078125 0.0234375 0.16796875
0 0.740625 0.453125 0.08359375 0.484375
0 0.40546875 0.159375 0.01328125 0.1
0 0.1875 0.1484375 0.01328125 0.090625
0 0.90234375 0.378125 0.07421875 0.3796875
0 0.36484375 0.22265625 0.025 0.1859375
0 0.81015625 0.36171875 0.065625 0.36015625
0 0.32578125 0.1625 0.01484375 0.10625
0 0.1796875 0.29609375 0.0421875 0.28828125
0 0.35234375 0.17421875 0.01640625 0.121875
0 0.8734375 0.45 0.09140625 0.47578125
0 0.09296875 0.1734375 0.01875 0.1265625
0 0.41484375 0.23203125 0.0265625 0.196875
0 0.315625 0.15859375 0.0140625 0.1015625
0 0.41171875 0.1953125 0.01953125 0.1484375
0 0.43671875 0.21328125 0.02265625 0.17109375