0 0.49921875 0.18671875 0.01875 0.13515625
0 0.02734375 0.38046875 0.0546875 0.40390625
0 0.4375 0.1765625 0.01640625 0.1234375
0 0.3640625 0.19921875 0.02109375 0.1546875
0 0.13515625 0.2109375 0.02578125 0.17578125
0 0.4140625 0.22890625 0.02578125 0.19296875
0 0.38828125 0.178125 0.0171875 0.12578125
0 0.42578125 0.21328125 0.02265625 0.171875
0 0.4921875 0.23359375 0.0265625 0.196875
0 0.2484375 0.2203125 0.02578125 0.18515625
0 0.39765625 0.17421875 0.015625 0.1203125
0 0.48359375 0.24375 0.02890625 0.21171875
0 0.73515625 0.240625 0.034375 0.20078125
0 0.40625 0.16640625 0.01484375 0.1109375
0 0.29921875 0.20859375 0.02265625 0.16875
0 0.38671875 0.215625 0.02421875 0.17578125
0 0.38046875 0.17578125 0.01640625 0.1234375
0 0.096875 0.2109375 0.02578125 0.1765625
0 0.2015625 0.21640625 0.02578125 0.18125
0 0.56171875 0.209375 0.02421875 0.16328125
0 0.69921875 0.25078125 0.03515625 0.215625
0 0.76640625 0.2328125 0.03359375 0.18984375
0 0.390625 0.19765625 0.0203125 0.153125
0 0.36796875 0.22421875 0.02578125 0.18828125
0 0.4296875 0.18671875 0.01796875 0.13671875
0 0.74609375 0.25859375 0.03828125 0.225
0 0.38984375 0.16796875 0.01484375 0.11171875