0 0.38125 0.16328125 0.0140625 0.10625
0 0.96796875 0.40390625 0.0625 0.41328125
0 0.415625 0.22734375 0.02578125 0.19140625
0 0.38671875 0.1578125 0.01328125 0.09921875
0 0.21328125 0.16171875 0.015625 0.10859375
0 0.34296875 0.23046875 0.0265625 0.196875
0 0.31328125 0.16875 0.015625 0.11484375
0 0.3046875 0.20625 0.0234375 0.165625
0 0.91328125 0.271875 0.046875 0.2390625
0 0.53671875 0.18359375 0.01875 0.13046875
0 0.33046875 0.23984375 0.02890625 0.209375
0 0.3875 0.215625 0.0234375 0.17578125
0 0.29453125 0.1828125 0.01875 0.134375
0 0.30078125 0.15625 0.01328125 0.1
0 0.48203125 0.1734375 0.01640625 0.11640625
0 0.30234375 0.178125 0.01796875 0.128125
0 0.01328125 0.2609375 0.0265625 0.246875
0 0.43359375 0.21328125 0.02265625 0.171875
0 0.43359375 0.16796875 0.01484375 0.1109375
0 0.45703125 0.2390625 0.02734375 0.20546875
0 0.1859375 0.29375 0.04140625 0.28515625
0 0.3640625 0.225 0.02578125 0.1890625
0 0.43203125 0.22109375 0.02421875 0.18203125
0 0.40703125 0.19609375 0.01953125 0.14921875
0 0.584375 0.19375 0.02109375 0.14296875
0 0.428125 0.17109375 0.01484375 0.11640625