0 0.3875 0.215625 0.0234375 0.17578125
0 0.3796875 0.17578125 0.01640625 0.1234375
0 0.73046875 0.25078125 0.03671875 0.2140625
0 0.38828125 0.178125 0.01640625 0.12578125
0 0.4328125 0.1765625 0.01640625 0.12421875
0 0.25859375 0.209375 0.02421875 0.1703125
0 0.0359375 0.203125 0.02578125 0.16640625
0 0.428125 0.17109375 0.01484375 0.115625
0 0.54453125 0.1859375 0.01953125 0.13203125
0 0.39765625 0.17421875 0.015625 0.1203125
0 0.52578125 0.2390625 0.02890625 0.2046875
0 0.36171875 0.19921875 0.02109375 0.1546875
0 0.29921875 0.20859375 0.02265625 0.16875
0 0.43046875 0.2140625 0.02265625 0.171875
0 0.55234375 0.21328125 0.02421875 0.16953125
0 0.53359375 0.22890625 0.02734375 0.190625
0 0.7078125 0.2234375 0.0296875 0.17890625
0 0.13203125 0.20390625 0.02421875 0.16640625
0 0.44140625 0.16953125 0.01484375 0.11328125
0 0.009375 0.39375 0.01875 0.421875
0 0.09609375 0.20390625 0.02421875 0.16640625
0 0.390625 0.19765625 0.0203125 0.153125
0 0.4171875 0.2296875 0.02578125 0.19453125
0 0.4328125 0.221875 0.02421875 0.18359375
0 0.68515625 0.23828125 0.03203125 0.1984375
0 0.48125 0.1859375 0.01796875 0.134375
0 0.23203125 0.20546875 0.0234375 0.165625
0 0.36875 0.22265625 0.02578125 0.1859375