0 0.4046875 0.19609375 0.01953125 0.15
0 0.19140625 0.15078125 0.01328125 0.09453125
0 0.25078125 0.15234375 0.01328125 0.0953125
0 0.18984375 0.2890625 0.040625 0.27890625
0 0.42890625 0.22109375 0.02421875 0.18203125
0 0.76015625 0.265625 0.040625 0.23359375
0 0.58203125 0.19296875 0.02109375 0.14140625
0 0.91328125 0.271875 0.046875 0.2390625
0 0.42578125 0.23125 0.02578125 0.1953125
0 0.3171875 0.16328125 0.01484375 0.10859375
0 0.3765625 0.16640625 0.01484375 0.1109375
0 0.4921875 0.1734375 0.015625 0.11796875
0 0.35 0.17109375 0.01640625 0.11796875
0 0.69140625 0.5 0.09140625 0.54609375
0 0.32109375 0.15078125 0.0125 0.09140625
0 0.76953125 0.2359375 0.03359375 0.19375
0 0.1671875 0.15078125 0.0140625 0.09453125
0 0.2578125 0.1515625 0.01328125 0.09375
0 0.26171875 0.17734375 0.01796875 0.12890625
0 0.0109375 0.26015625 0.02109375 0.24453125
0 0.1703125 0.16171875 0.01640625 0.11015625
0 0.36484375 0.225 0.02578125 0.1890625
0 0.3828125 0.21640625 0.02421875 0.1765625
0 0.209375 0.15 0.01328125 0.09296875
0 0.23671875 0.15 0.01328125 0.09296875
0 0.428125 0.45859375 0.06796875 0.49921875
0 0.43203125 0.21328125 0.02265625 0.171875
0 0.30390625 0.20703125 0.02265625 0.16640625