0 0.009375 0.25859375 0.01875 0.2453125
0 0.4015625 0.159375 0.01328125 0.10078125
0 0.121875 0.29609375 0.04296875 0.290625
0 0.425 0.44375 0.06484375 0.478125
0 0.7375 0.234375 0.0328125 0.19375
0 0.1078125 0.14921875 0.0140625 0.09453125
0 0.43671875 0.21328125 0.02265625 0.17109375
0 0.38828125 0.1859375 0.01796875 0.13671875
0 0.2640625 0.1640625 0.015625 0.11015625
0 0.8265625 0.2890625 0.0484375 0.2640625
0 0.65390625 0.22109375 0.028125 0.1765625
0 0.39296875 0.1578125 0.01328125 0.09921875
0 0.41015625 0.18203125 0.01796875 0.13125
0 0.690625 0.221875 0.02890625 0.1765625
0 0.3875 0.1640625 0.01484375 0.10859375
0 0.77734375 0.309375 0.05234375 0.29140625
0 0.41328125 0.17109375 0.015625 0.115625
0 0.93046875 0.6078125 0.13828125 0.684375
0 0.85234375 0.33671875 0.06171875 0.32578125
0 0.8515625 0.28359375 0.04765625 0.25546875
0 0.40390625 0.23046875 0.02578125 0.19609375
0 0.41328125 0.16796875 0.01484375 0.11171875
0 0.93046875 0.29921875 0.0546875 0.27421875
0 0.434375 0.22265625 0.02421875 0.184375
0 0.1765625 0.1515625 0.0140625 0.09609375
0 0.8328125 0.32109375 0.05703125 0.30546875
0 0.40703125 0.1953125 0.01953125 0.1484375
0 0.38515625 0.21640625 0.02421875 0.178125
0 0.68828125 0.23359375 0.03203125 0.19296875
0 0.29765625 0.20703125 0.02265625 0.16640625
0 0.8859375 0.28046875 0.0484375 0.25
0 0.37265625 0.225 0.02578125 0.1890625