0 0.38203125 0.16328125 0.01484375 0.10546875
0 0.30625 0.16953125 0.01640625 0.11640625
0 0.39609375 0.20703125 0.02265625 0.1640625
0 0.37421875 0.21484375 0.0234375 0.17578125
0 0.01484375 0.25546875 0.0296875 0.2390625
0 0.36015625 0.17890625 0.0171875 0.128125
0 0.7265625 0.25078125 0.0359375 0.2140625
0 0.23828125 0.1484375 0.01328125 0.08984375
0 0.3484375 0.165625 0.01484375 0.1109375
0 0.34375 0.1796875 0.01796875 0.1296875
0 0.35078125 0.22109375 0.025 0.18515625
0 0.421875 0.16875 0.01484375 0.1140625
0 0.33515625 0.18359375 0.01875 0.134375
0 0.43046875 0.22109375 0.02421875 0.18203125
0 0.73828125 0.24296875 0.03515625 0.2046875
0 0.33984375 0.16875 0.01640625 0.115625
0 0.26484375 0.16953125 0.01640625 0.11796875
0 0.4421875 0.1671875 0.01484375 0.11015625
0 0.64921875 0.2265625 0.02890625 0.184375
0 0.46640625 0.21640625 0.0234375 0.17578125
0 0.40625 0.17421875 0.01640625 0.1203125
0 0.7828125 0.2515625 0.03828125 0.2140625
0 0.13671875 0.2953125 0.04296875 0.2890625
0 0.409375 0.1953125 0.01953125 0.1484375
0 0.4078125 0.22734375 0.02578125 0.19140625
0 0.36953125 0.16875 0.01484375 0.11328125
0 0.66640625 0.221875 0.02890625 0.1765625
0 0.21953125 0.16875 0.01640625 0.11796875