0 0.3078125 0.17109375 0.01640625 0.11875
0 0.19921875 0.18359375 0.01953125 0.13828125
0 0.42421875 0.16484375 0.01484375 0.10703125
0 0.1 0.159375 0.015625 0.10703125
0 0.35 0.2171875 0.02421875 0.17890625
0 0.29296875 0.16640625 0.015625 0.11171875
0 0.2984375 0.1640625 0.015625 0.109375
0 0.30078125 0.159375 0.01484375 0.10390625
0 0.53046875 0.18359375 0.01796875 0.1296875
0 0.35859375 0.159375 0.0140625 0.1015625
0 0.0265625 0.253125 0.03671875 0.23515625
0 0.303125 0.1546875 0.01328125 0.09609375
0 0.37890625 0.171875 0.01640625 0.11875
0 0.0109375 0.3015625 0.02109375 0.3
0 0.4859375 0.17421875 0.01640625 0.11875
0 0.25703125 0.1734375 0.0171875 0.121875
0 0.4328125 0.1984375 0.0203125 0.1515625
0 0.33125 0.2234375 0.02578125 0.18671875
0 0.90390625 0.3328125 0.0625 0.31953125
0 0.38515625 0.16953125 0.015625 0.11484375
0 0.30703125 0.1515625 0.01328125 0.09296875