0 0.27734375 0.15625 0.01328125 0.1
0 0.0125 0.25625 0.025 0.240625
0 0.8609375 0.35234375 0.065625 0.346875
0 0.196875 0.15 0.01328125 0.09296875
0 0.3734375 0.22421875 0.025 0.18671875
0 0.32890625 0.16015625 0.01484375 0.10390625
0 0.3 0.2078125 0.0234375 0.16796875
0 0.43515625 0.221875 0.02421875 0.18203125
0 0.253125 0.1515625 0.01328125 0.09375
0 0.7078125 0.403125 0.0703125 0.41796875
0 0.9328125 0.30078125 0.05546875 0.27578125
0 0.8109375 0.33203125 0.05859375 0.32109375
0 0.13984375 0.29765625 0.04296875 0.29140625
0 0.403125 0.15859375 0.01328125 0.1
0 0.846875 0.29140625 0.04921875 0.26640625
0 0.35859375 0.165625 0.01484375 0.11015625
0 0.24375 0.15625 0.01484375 0.1
0 0.384375 0.21640625 0.02421875 0.178125
0 0.178125 0.1578125 0.01484375 0.1046875
0 0.759375 0.43046875 0.0796875 0.453125
0 0.3515625 0.16796875 0.01484375 0.11328125
0 0.79453125 0.390625 0.07265625 0.39921875
0 0.671875 0.43359375 0.075 0.459375
0 0.9703125 0.35625 0.05859375 0.34921875
0 0.0875 0.16953125 0.01796875 0.121875
0 0.76015625 0.33125 0.05625 0.32109375
0 0.35078125 0.16328125 0.01484375 0.10703125
0 0.41484375 0.23203125 0.0265625 0.196875
0 0.43671875 0.21328125 0.02265625 0.17109375
0 0.41171875 0.1953125 0.01953125 0.1484375
0 0.4140625 0.1765625 0.01640625 0.12421875