0 0.1515625 0.1609375 0.01640625 0.10859375
0 0.35859375 0.1703125 0.015625 0.11640625
0 0.00390625 0.3703125 0.0078125 0.390625
0 0.321875 0.159375 0.0140625 0.1015625
0 0.00546875 0.3015625 0.0109375 0.3
0 0.43671875 0.1765625 0.01640625 0.1234375
0 0.3328125 0.16171875 0.0140625 0.1046875
0 0.38125 0.15625 0.01328125 0.0984375
0 0.296875 0.16015625 0.0140625 0.10390625
0 0.26171875 0.16015625 0.01484375 0.10546875
0 0.12421875 0.1953125 0.02265625 0.15546875
0 0.1171875 0.16171875 0.01640625 0.1109375
0 0.30625 0.16953125 0.01640625 0.11796875
0 0.3984375 0.15859375 0.01328125 0.1
0 0.36953125 0.16796875 0.015625 0.1140625
0 0.45859375 0.17421875 0.01640625 0.11875