0 0.39453125 0.1578125 0.01328125 0.09921875
0 0.2140625 0.153125 0.01328125 0.09609375
0 0.00859375 0.29921875 0.01640625 0.296875
0 0.3671875 0.175 0.01640625 0.121875
0 0.359375 0.17109375 0.01640625 0.11875
0 0.159375 0.1546875 0.01484375 0.1
0 0.39765625 0.15703125 0.01328125 0.096875
0 0.3828125 0.171875 0.01640625 0.11875
0 0.22265625 0.1515625 0.01328125 0.0953125
0 0.615625 0.21640625 0.0265625 0.171875
0 0.10859375 0.159375 0.015625 0.10703125
0 0.29765625 0.1671875 0.015625 0.1140625
0 0.28046875 0.16953125 0.01640625 0.11640625
0 0.20078125 0.15390625 0.0140625 0.09921875
0 0.22265625 0.1609375 0.015625 0.10625
0 0.20625 0.16171875 0.015625 0.10859375
0 0.23828125 0.15859375 0.01484375 0.1046875