0 0.48515625 0.1734375 0.015625 0.11640625
0 0.790625 0.27421875 0.04296875 0.2453125
0 0.56953125 0.20625 0.02265625 0.15859375
0 0.190625 0.23125 0.02890625 0.20078125
0 0.37265625 0.18828125 0.01875 0.13984375
0 0.43125 0.1765625 0.01640625 0.12421875
0 0.38515625 0.215625 0.02421875 0.175
0 0.4328125 0.246875 0.02890625 0.21640625
0 0.3671875 0.2234375 0.02578125 0.18828125
0 0.3609375 0.16640625 0.01484375 0.11015625
0 0.86015625 0.2578125 0.04140625 0.22109375
0 0.3828125 0.175 0.01640625 0.121875
0 0.4265625 0.21328125 0.02265625 0.171875
0 0.2421875 0.23359375 0.02890625 0.20390625
0 0.390625 0.196875 0.0203125 0.15078125
0 0.41640625 0.22890625 0.02578125 0.19296875
0 0.29921875 0.20859375 0.02265625 0.16875
0 0.03046875 0.37890625 0.0609375 0.4015625
0 0.1375 0.2203125 0.02734375 0.1890625
0 0.09296875 0.2203125 0.028125 0.1890625
0 0.3984375 0.17421875 0.01640625 0.1203125
0 0.453125 0.2359375 0.0265625 0.20078125
0 0.38515625 0.178125 0.01640625 0.12578125
0 0.4296875 0.221875 0.02421875 0.18359375
0 0.3734375 0.1640625 0.01484375 0.10859375
0 0.79296875 0.24921875 0.0375 0.21171875
0 0.73125 0.26640625 0.03984375 0.23515625
0 0.446875 0.18671875 0.01796875 0.13671875
0 0.365625 0.19921875 0.02109375 0.1546875
0 0.77421875 0.25546875 0.03828125 0.21953125