0 0.91484375 0.51953125 0.11328125 0.56796875
0 0.40859375 0.16015625 0.01328125 0.1015625
0 0.38125 0.18046875 0.01796875 0.12890625
0 0.0265625 0.25078125 0.03671875 0.23125
0 0.01328125 0.3 0.0265625 0.2984375
0 0.17265625 0.16015625 0.015625 0.10703125
0 0.50859375 0.178125 0.0171875 0.1234375
0 0.24375 0.1734375 0.01796875 0.121875
0 0.528125 0.18359375 0.01796875 0.13046875
0 0.3421875 0.17421875 0.0171875 0.1234375
0 0.47109375 0.196875 0.01953125 0.15
0 0.29296875 0.15546875 0.01328125 0.096875
0 0.18984375 0.15703125 0.01484375 0.10390625
0 0.40546875 0.15703125 0.01328125 0.0984375
0 0.45703125 0.1921875 0.01953125 0.14375