0 0.52734375 0.22421875 0.02578125 0.184375
0 0.3640625 0.19921875 0.02109375 0.1546875
0 0.484375 0.19140625 0.01875 0.14296875
0 0.43203125 0.2140625 0.02265625 0.171875
0 0.38671875 0.178125 0.01640625 0.12578125
0 0.4359375 0.1765625 0.01640625 0.1234375
0 0.3671875 0.2234375 0.02578125 0.18828125
0 0.3015625 0.20859375 0.0234375 0.16953125
0 0.37578125 0.215625 0.0234375 0.17578125
0 0.4375 0.221875 0.02421875 0.18359375
0 0.3671875 0.17578125 0.01640625 0.1234375
0 0.81640625 0.3265625 0.05703125 0.31328125
0 0.40703125 0.2296875 0.02578125 0.19453125
0 0.11328125 0.26171875 0.03671875 0.24375
0 0.40703125 0.17421875 0.01640625 0.1203125
0 0.46171875 0.19375 0.01875 0.14453125
0 0.50859375 0.20859375 0.02265625 0.1640625
0 0.39296875 0.1984375 0.0203125 0.153125