0 0.38046875 0.17109375 0.015625 0.11640625
0 0.26796875 0.15703125 0.0140625 0.10078125
0 0.0015625 0.303125 0.003125 0.3015625
0 0.1328125 0.15625 0.01484375 0.10390625
0 0.3609375 0.171875 0.01640625 0.11796875
0 0.28046875 0.15546875 0.0140625 0.0984375
0 0.5046875 0.17890625 0.0171875 0.125
0 0.46015625 0.17578125 0.015625 0.121875
0 0.38046875 0.15625 0.01328125 0.0984375
0 0.21328125 0.1578125 0.01484375 0.103125
0 0.47890625 0.17890625 0.0171875 0.125
0 0.3046875 0.1640625 0.01484375 0.11015625
0 0.40078125 0.15859375 0.01328125 0.1
0 0.08515625 0.15625 0.015625 0.1046875
0 0.290625 0.16640625 0.015625 0.11328125
0 0.21328125 0.165625 0.01640625 0.1140625
0 0.0515625 0.15703125 0.01640625 0.10625
0 0.0421875 0.19609375 0.02421875 0.159375
0 0.2765625 0.15859375 0.0140625 0.103125