0 0.40703125 0.1953125 0.01953125 0.1484375
0 0.41875 0.22890625 0.02578125 0.19375
0 0.30390625 0.15859375 0.0140625 0.1015625
0 0.12890625 0.2953125 0.04296875 0.2890625
0 0.29140625 0.14609375 0.01171875 0.0859375
0 0.44453125 0.2140625 0.02265625 0.1734375
0 0.55625 0.19140625 0.0203125 0.140625
0 0.2921875 0.1609375 0.01484375 0.10546875
0 0.0109375 0.25625 0.021875 0.23984375
0 0.4 0.20703125 0.02265625 0.16484375
0 0.265625 0.16171875 0.01484375 0.10625
0 0.15546875 0.1453125 0.0125 0.0890625
0 0.28671875 0.19765625 0.021875 0.1546875
0 0.20078125 0.14921875 0.01328125 0.09296875
0 0.14609375 0.159375 0.015625 0.10703125
0 0.38515625 0.21640625 0.02421875 0.178125
0 0.325 0.15703125 0.0140625 0.1
0 0.084375 0.1546875 0.01484375 0.1015625
0 0.38984375 0.17421875 0.01640625 0.1203125
0 0.5140625 0.18046875 0.0171875 0.12578125
0 0.03828125 0.2171875 0.02890625 0.1859375
0 0.115625 0.15390625 0.01484375 0.1
0 0.1359375 0.16171875 0.01640625 0.11015625
0 0.1671875 0.15859375 0.01484375 0.10546875
0 0.42578125 0.21953125 0.02421875 0.1796875