0 0.40078125 0.16640625 0.01484375 0.11015625
0 0.0109375 0.25703125 0.021875 0.240625
0 0.03828125 0.1515625 0.01484375 0.1
0 0.3984375 0.20703125 0.02265625 0.16484375
0 0.41640625 0.22421875 0.025 0.18671875
0 0.95234375 0.31171875 0.05859375 0.28984375
0 0.2390625 0.20390625 0.0234375 0.1640625
0 0.334375 0.20078125 0.021875 0.15703125
0 0.43515625 0.21953125 0.0234375 0.1796875
0 0.1375 0.146875 0.01328125 0.08984375
0 0.3828125 0.16875 0.01484375 0.1140625
0 0.4609375 0.1765625 0.01640625 0.12109375
0 0.40703125 0.1640625 0.0140625 0.10625
0 0.24140625 0.1640625 0.015625 0.1109375
0 0.01875 0.15390625 0.01640625 0.103125
0 0.3015625 0.15703125 0.01328125 0.1
0 0.13359375 0.29375 0.0421875 0.2859375
0 0.1109375 0.14765625 0.01328125 0.09140625
0 0.2578125 0.16171875 0.01484375 0.10625
0 0.18046875 0.15859375 0.01484375 0.10546875
0 0.4078125 0.19609375 0.0203125 0.15
0 0.1640625 0.15859375 0.01484375 0.10625
0 0.29453125 0.1859375 0.01953125 0.13828125
0 0.21796875 0.15078125 0.01328125 0.09375
0 0.3640625 0.17109375 0.015625 0.11796875
0 0.44765625 0.2140625 0.02265625 0.171875
0 0.234375 0.16640625 0.01640625 0.1140625
0 0.08125 0.20078125 0.02421875 0.1640625