0 0.959375 0.396875 0.08046875 0.35
0 0.49609375 0.33671875 0.05546875 0.34296875
0 0.28515625 0.31328125 0.046875 0.33984375
0 0.465625 0.29453125 0.0484375 0.31796875
0 0.5390625 0.23515625 0.04765625 0.27421875
0 0.3609375 0.2765625 0.03984375 0.31328125
0 0.68125 0.28125 0.06171875 0.2953125
0 0.36171875 0.44296875 0.05546875 0.41640625
0 0.73046875 0.3140625 0.0703125 0.31328125
0 0.59765625 0.7484375 0.12578125 0.50078125
0 0.87421875 0.35546875 0.0875 0.33046875
0 0.528125 0.4890625 0.07578125 0.434375
0 0.159375 0.1484375 0.03671875 0.24140625
0 0.3875 0.33828125 0.046875 0.34921875