0 0.4640625 0.29609375 0.0484375 0.31875
0 0.52265625 0.20625 0.04296875 0.25703125
0 0.55078125 0.1109375 0.0328125 0.19296875
0 0.11875 0.415625 0.06953125 0.41484375
0 0.68125 0.28203125 0.06171875 0.29609375
0 0.5421875 0.23203125 0.046875 0.271875
0 0.496875 0.33828125 0.05546875 0.34375
0 0.51796875 0.51328125 0.07734375 0.44921875
0 0.2578125 0.4453125 0.06171875 0.42421875
0 0.265625 0.796875 0.1109375 0.40390625
0 0.55625 0.14609375 0.0375 0.215625
0 0.55234375 0.13125 0.03515625 0.20546875
0 0.72734375 0.31171875 0.06953125 0.31171875
0 0.28828125 0.31328125 0.04609375 0.33984375
0 0.37890625 0.33359375 0.0453125 0.346875
0 0.015625 0.71484375 0.03125 0.5671875
0 0.5625 0.1921875 0.04296875 0.2453125
0 0.37421875 0.2765625 0.040625 0.3109375