0 0.61171875 0.27734375 0.05703125 0.296875
0 0.1296875 0.1078125 0.034375 0.215625
0 0.38515625 0.11328125 0.02578125 0.20390625
0 0.92890625 0.11640625 0.04609375 0.171875
0 0.66953125 0.171875 0.0453125 0.225
0 0.94375 0.18125 0.059375 0.2140625
0 0.57421875 0.23515625 0.04921875 0.271875
0 0.83046875 0.09921875 0.040625 0.16640625
0 0.68828125 0.16796875 0.04609375 0.2203125
0 0.63671875 0.10546875 0.03515625 0.18359375
0 0.8578125 0.09296875 0.03984375 0.16015625
0 0.4375 0.1078125 0.02734375 0.196875
0 0.9796875 0.2359375 0.0390625 0.24609375