0 0.2640625 0.75546875 0.09921875 0.48671875
0 0.54140625 0.2328125 0.046875 0.2734375
0 0.38828125 0.56328125 0.06796875 0.48671875
0 0.46484375 0.28828125 0.04765625 0.3140625
0 0.72421875 0.24453125 0.059375 0.26875
0 0.38515625 0.33359375 0.04609375 0.346875
0 0.41953125 0.13203125 0.0296875 0.2140625
0 0.41875 0.43046875 0.05859375 0.40546875
0 0.27890625 0.3046875 0.04609375 0.33515625
0 0.49921875 0.33359375 0.05546875 0.33984375
0 0.2859375 0.4890625 0.06328125 0.4484375
0 0.36015625 0.2796875 0.040625 0.31484375
0 0.8 0.24296875 0.06328125 0.26328125
0 0.68125 0.28203125 0.06171875 0.29609375
0 0.72890625 0.3125 0.0703125 0.31171875