0 0.97421875 0.6328125 0.05078125 0.48984375
0 0.9078125 0.1296875 0.04765625 0.18125
0 0.17890625 0.11953125 0.03359375 0.221875
0 0.5640625 0.234375 0.0484375 0.2734375
0 0.45859375 0.2890625 0.04765625 0.3140625
0 0.35390625 0.2734375 0.03984375 0.3109375
0 0.39609375 0.334375 0.046875 0.34609375
0 0.94609375 0.140625 0.05078125 0.1859375
0 0.778125 0.33046875 0.0765625 0.3203125
0 0.50078125 0.3390625 0.05625 0.34375
0 0.6953125 0.24609375 0.0578125 0.271875
0 0.3 0.309375 0.0453125 0.33671875