0 0.99765625 0.203125 0.00390625 0.221875
0 0.16796875 0.10703125 0.03203125 0.2140625
0 0.38515625 0.11328125 0.02578125 0.20390625
0 0.92890625 0.11640625 0.04609375 0.171875
0 0.66953125 0.171875 0.0453125 0.225
0 0.43828125 0.1078125 0.02734375 0.196875
0 0.83203125 0.1 0.040625 0.16640625
0 0.6375 0.10625 0.03515625 0.18203125
0 0.6390625 0.23359375 0.05234375 0.26796875
0 0.68515625 0.27265625 0.06171875 0.28984375
0 0.98125 0.18046875 0.03671875 0.21015625
0 0.690625 0.16875 0.04609375 0.22109375
0 0.99609375 0.2671875 0.00625 0.2640625
0 0.95859375 0.18984375 0.06171875 0.21875
0 0.8578125 0.09375 0.03984375 0.1609375