0 0.38671875 0.33203125 0.04609375 0.34609375
0 0.8796875 0.4859375 0.11171875 0.4109375
0 0.72578125 0.3171875 0.07109375 0.315625
0 0.496875 0.34140625 0.05625 0.34453125
0 0.8 0.38671875 0.0875 0.35546875
0 0.93828125 0.59296875 0.12265625 0.47109375
0 0.6828125 0.2859375 0.06328125 0.2984375
0 0.4625 0.584375 0.07890625 0.49453125
0 0.46171875 0.28828125 0.04765625 0.31328125
0 0.06953125 0.1640625 0.04453125 0.25703125
0 0.5421875 0.234375 0.046875 0.27421875
0 0.359375 0.2734375 0.03984375 0.31015625
0 0.97421875 0.2421875 0.05 0.25078125
0 0.28359375 0.315625 0.046875 0.34140625