0 0.46484375 0.3765625 0.05703125 0.36953125
0 0.78359375 0.3359375 0.07734375 0.32421875
0 0.165625 0.12109375 0.03359375 0.2234375
0 0.0859375 0.7859375 0.13671875 0.4265625
0 0.565625 0.575 0.09140625 0.48359375
0 0.965625 0.11796875 0.04765625 0.1703125
0 0.06171875 0.13046875 0.040625 0.2359375
0 0.571875 0.253125 0.05078125 0.284375
0 0.71875 0.640625 0.11953125 0.51328125
0 0.384375 0.33203125 0.04609375 0.34609375
0 0.4515625 0.296875 0.04765625 0.31953125
0 0.234375 0.27109375 0.04609375 0.31640625
0 0.37890625 0.2578125 0.03828125 0.29921875