0 0.85703125 0.09296875 0.03984375 0.16015625
0 0.43984375 0.1078125 0.02734375 0.196875
0 0.7015625 0.1671875 0.04609375 0.21953125
0 0.975 0.16796875 0.0484375 0.203125
0 0.6375 0.10625 0.03515625 0.18203125
0 0.934375 0.1015625 0.04375 0.1609375
0 0.6671875 0.1671875 0.04453125 0.22109375
0 0.44609375 0.240625 0.04140625 0.284375
0 0.83046875 0.0984375 0.040625 0.165625
0 0.3875 0.11328125 0.0265625 0.20390625
0 0.95 0.16953125 0.05703125 0.20625
0 0.47734375 0.27421875 0.04765625 0.30390625
0 0.97734375 0.215625 0.04375 0.23359375