0 0.9609375 0.35546875 0.07734375 0.325
0 0.38984375 0.33203125 0.04609375 0.3453125
0 0.39453125 0.26328125 0.040625 0.3015625
0 0.021875 0.76640625 0.04375 0.465625
0 0.58359375 0.31171875 0.059375 0.3203125
0 0.3125 0.30625 0.04453125 0.334375
0 0.18984375 0.11953125 0.0328125 0.2203125
0 0.49765625 0.27734375 0.04921875 0.3046875
0 0.45546875 0.3765625 0.05625 0.36953125
0 0.109375 0.8109375 0.13984375 0.3765625
0 0.953125 0.29296875 0.08046875 0.2859375
0 0.43125 0.72578125 0.09140625 0.54609375
0 0.7859375 0.33359375 0.07734375 0.3234375