0 0.78515625 0.3375 0.07734375 0.325
0 0.46171875 0.37734375 0.05703125 0.36953125
0 0.45 0.29375 0.04765625 0.31796875
0 0.27890625 0.15703125 0.03203125 0.23984375
0 0.10859375 0.803125 0.13828125 0.39296875
0 0.98046875 0.1921875 0.0375 0.21796875
0 0.99765625 0.134375 0.00390625 0.178125
0 0.17421875 0.12109375 0.03359375 0.221875
0 0.384375 0.33203125 0.04609375 0.34609375
0 0.38125 0.26171875 0.0390625 0.30078125
0 0.5890625 0.31640625 0.06015625 0.32421875
0 0.31796875 0.29453125 0.04296875 0.3265625