0 0.4703125 0.2890625 0.0484375 0.3140625
0 0.5390625 0.23125 0.04609375 0.271875
0 0.6796875 0.284375 0.0625 0.296875
0 0.82890625 0.28203125 0.071875 0.28671875
0 0.3640625 0.51796875 0.06328125 0.46171875
0 0.27578125 0.3109375 0.04765625 0.33984375
0 0.3875 0.33359375 0.04609375 0.346875
0 0.728125 0.3140625 0.0703125 0.31328125
0 0.365625 0.27578125 0.03984375 0.31171875
0 0.403125 0.43359375 0.05703125 0.40703125
0 0.43828125 0.6453125 0.08203125 0.53125
0 0.49921875 0.33359375 0.05546875 0.33984375
0 0.90234375 0.28828125 0.07734375 0.2859375
0 0.3265625 0.13671875 0.02890625 0.22421875
0 0.05625 0.80078125 0.11171875 0.396875