0 0.228125 0.30390625 0.04921875 0.33828125
0 0.39375 0.33046875 0.04609375 0.34375
0 0.84140625 0.18984375 0.05625 0.22578125
0 0.303125 0.315625 0.04609375 0.340625
0 0.56484375 0.2359375 0.0484375 0.2734375
0 0.4640625 0.29609375 0.0484375 0.31875
0 0.16015625 0.121875 0.034375 0.225
0 0.503125 0.3421875 0.05703125 0.3453125
0 0.17734375 0.30546875 0.053125 0.34296875
0 0.20546875 0.39375 0.06015625 0.3953125
0 0.7765625 0.33125 0.07578125 0.32109375
0 0.91640625 0.203125 0.06171875 0.2296875
0 0.35390625 0.2734375 0.03984375 0.3109375