0 0.29296875 0.3046875 0.0453125 0.33515625
0 0.76171875 0.10625 0.03984375 0.17578125
0 0.7109375 0.31953125 0.0703125 0.31875
0 0.5 0.33515625 0.05546875 0.340625
0 0.4609375 0.2890625 0.04765625 0.3140625
0 0.984375 0.325 0.03046875 0.3015625
0 0.3796875 0.33046875 0.0453125 0.3453125
0 0.309375 0.14609375 0.0296875 0.23046875
0 0.5390625 0.23125 0.04609375 0.271875
0 0.36171875 0.2734375 0.03984375 0.31015625
0 0.6734375 0.290625 0.06328125 0.3015625
0 0.83828125 0.64453125 0.13671875 0.50859375