0 0.5390625 0.23125 0.04609375 0.271875
0 0.72109375 0.3140625 0.06953125 0.31328125
0 0.49921875 0.34140625 0.05625 0.3453125
0 0.203125 0.221875 0.04296875 0.28671875
0 0.46171875 0.290625 0.04765625 0.3140625
0 0.38203125 0.334375 0.04609375 0.346875
0 0.29609375 0.31171875 0.04609375 0.3390625
0 0.04296875 0.4390625 0.08125 0.43359375
0 0.68203125 0.284375 0.0625 0.296875
0 0.178125 0.14765625 0.0359375 0.23984375
0 0.59140625 0.1296875 0.03671875 0.2015625
0 0.37265625 0.2703125 0.03984375 0.30703125