0 0.78515625 0.3375 0.07734375 0.325
0 0.46171875 0.37734375 0.05703125 0.36953125
0 0.30703125 0.28828125 0.04296875 0.3234375
0 0.234375 0.15078125 0.03359375 0.2390625
0 0.22265625 0.75625 0.10546875 0.4859375
0 0.17421875 0.12109375 0.03359375 0.221875
0 0.384375 0.33203125 0.04609375 0.34609375
0 0.38125 0.26171875 0.0390625 0.30078125
0 0.45078125 0.2953125 0.04765625 0.31875
0 0.996875 0.13125 0.00546875 0.175
0 0.59375 0.284375 0.05703125 0.303125
0 0.98046875 0.17421875 0.03828125 0.20625