0 0.18125 0.12109375 0.03359375 0.221875
0 0.3921875 0.2625 0.03984375 0.30078125
0 0.42265625 0.60078125 0.07578125 0.50703125
0 0.9828125 0.23046875 0.03359375 0.24140625
0 0.30390625 0.3046875 0.04453125 0.33359375
0 0.78203125 0.33359375 0.07734375 0.321875
0 0.01328125 0.825 0.0265625 0.346875
0 0.3890625 0.33046875 0.04609375 0.34453125
0 0.9390625 0.20859375 0.0640625 0.23203125
0 0.83203125 0.1609375 0.05078125 0.20703125
0 0.0265625 0.53359375 0.05234375 0.49140625
0 0.59375 0.72578125 0.11640625 0.546875
0 0.475 0.28515625 0.0484375 0.3109375
0 0.58515625 0.31640625 0.06015625 0.3234375
0 0.4703125 0.37578125 0.05703125 0.36796875