0 0.165625 0.12109375 0.03359375 0.2234375
0 0.37109375 0.271875 0.03984375 0.309375
0 0.5 0.34609375 0.05703125 0.346875
0 0.553125 0.23125 0.04765625 0.27109375
0 0.9140625 0.34296875 0.08828125 0.3203125
0 0.27734375 0.30078125 0.04609375 0.33359375
0 0.97578125 0.371875 0.046875 0.33359375
0 0.471875 0.7484375 0.1046875 0.50078125
0 0.36796875 0.334375 0.0453125 0.34921875
0 0.784375 0.33125 0.07734375 0.32109375
0 0.4515625 0.29375 0.04765625 0.31796875
0 0.159375 0.74609375 0.11015625 0.50546875