0 0.134375 0.70703125 0.10078125 0.58359375
0 0.1828125 0.1203125 0.0328125 0.221875
0 0.790625 0.1296875 0.04453125 0.1890625
0 0.38359375 0.3359375 0.04609375 0.3484375
0 0.96484375 0.13359375 0.05078125 0.18046875
0 0.4484375 0.29296875 0.04765625 0.31796875
0 0.546875 0.23203125 0.046875 0.271875
0 0.77578125 0.62734375 0.125 0.50078125
0 0.36171875 0.26953125 0.03984375 0.30859375
0 0.26171875 0.309375 0.04765625 0.33984375
0 0.07890625 0.74921875 0.12578125 0.49921875
0 0.828125 0.1109375 0.0421875 0.17421875
0 0.78125 0.3359375 0.07734375 0.32421875
0 0.503125 0.34609375 0.05703125 0.346875