0 0.37109375 0.26875 0.03984375 0.30625
0 0.68125 0.12109375 0.0390625 0.190625
0 0.28125 0.2953125 0.0453125 0.3296875
0 0.36953125 0.3484375 0.046875 0.35703125
0 0.990625 0.22265625 0.01796875 0.2359375
0 0.7828125 0.3390625 0.078125 0.32578125
0 0.6984375 0.1421875 0.04296875 0.203125
0 0.55546875 0.234375 0.04765625 0.2734375
0 0.50703125 0.34375 0.05703125 0.34609375
0 0.91171875 0.45390625 0.10859375 0.38984375
0 0.44765625 0.29140625 0.046875 0.31640625
0 0.17578125 0.12109375 0.03359375 0.221875