0 0.31328125 0.31328125 0.0453125 0.3390625
0 0.29921875 0.25625 0.040625 0.303125
0 0.56484375 0.2359375 0.0484375 0.2734375
0 0.21328125 0.24609375 0.04453125 0.3015625
0 0.4640625 0.29609375 0.0484375 0.31875
0 0.88984375 0.2328125 0.06640625 0.25078125
0 0.97109375 0.23984375 0.05703125 0.25
0 0.16015625 0.121875 0.034375 0.225
0 0.503125 0.3421875 0.05703125 0.3453125
0 0.16640625 0.3421875 0.0578125 0.365625
0 0.35390625 0.2734375 0.03984375 0.3109375
0 0.39609375 0.334375 0.046875 0.34609375
0 0.7765625 0.33125 0.07578125 0.32109375