0 0.19765625 0.14609375 0.03515625 0.23828125
0 0.50078125 0.33671875 0.05625 0.34140625
0 0.2828125 0.328125 0.0484375 0.35
0 0.5640625 0.73203125 0.11484375 0.53359375
0 0.6828125 0.28203125 0.0625 0.2953125
0 0.36953125 0.2734375 0.03984375 0.31015625
0 0.5375 0.2359375 0.046875 0.275
0 0.88359375 0.34140625 0.08515625 0.321875
0 0.46484375 0.29140625 0.0484375 0.315625
0 0.3796875 0.45078125 0.05703125 0.41953125
0 0.384375 0.33203125 0.04609375 0.34609375
0 0.5 0.490625 0.0734375 0.4359375
0 0.72890625 0.3125 0.0703125 0.31171875
0 0.95625 0.36796875 0.08671875 0.33359375