0 0.9796875 0.10390625 0.0390625 0.159375
0 0.85703125 0.09296875 0.03984375 0.16015625
0 0.38671875 0.11171875 0.02578125 0.203125
0 0.98359375 0.11796875 0.03203125 0.16953125
0 0.2171875 0.259375 0.0453125 0.31015625
0 0.22890625 0.29609375 0.0484375 0.33359375
0 0.6390625 0.10546875 0.03515625 0.18359375
0 0.6625 0.1703125 0.0453125 0.22421875
0 0.97109375 0.165625 0.05703125 0.2015625
0 0.8296875 0.0984375 0.03984375 0.16484375
0 0.7 0.16640625 0.04609375 0.21953125
0 0.44140625 0.10859375 0.028125 0.1984375
0 0.98125 0.15078125 0.03671875 0.18984375