0 0.3578125 0.2765625 0.03984375 0.31171875
0 0.49765625 0.12578125 0.03203125 0.20546875
0 0.29609375 0.3109375 0.04609375 0.33828125
0 0.16171875 0.73125 0.10546875 0.5359375
0 0.21328125 0.459375 0.06640625 0.43515625
0 0.46953125 0.29453125 0.04921875 0.31640625
0 0.609375 0.12109375 0.03671875 0.19453125
0 0.37578125 0.33359375 0.04609375 0.346875
0 0.4953125 0.3390625 0.05546875 0.34296875
0 0.5484375 0.234375 0.04765625 0.27421875
0 0.30390625 0.50859375 0.06328125 0.459375
0 0.62109375 0.22109375 0.05 0.26015625
0 0.6171875 0.13828125 0.0390625 0.20625
0 0.42734375 0.453125 0.06171875 0.41953125
0 0.68125 0.2859375 0.06328125 0.2984375
0 0.73046875 0.3140625 0.0703125 0.31328125
0 0.6828125 0.2109375 0.05234375 0.24921875