0 0.38359375 0.3359375 0.04609375 0.3484375
0 0.50078125 0.3390625 0.05625 0.34375
0 0.28828125 0.31328125 0.04609375 0.33984375
0 0.13984375 0.15234375 0.03828125 0.2453125
0 0.2140625 0.82578125 0.12578125 0.346875
0 0.35546875 0.2765625 0.03984375 0.31171875
0 0.971875 0.26953125 0.0546875 0.26875
0 0.46171875 0.28828125 0.04765625 0.31328125
0 0.5421875 0.234375 0.046875 0.27421875
0 0.95625 0.659375 0.08671875 0.50703125
0 0.6828125 0.2859375 0.06328125 0.2984375
0 0.84375 0.56484375 0.12265625 0.4609375
0 0.73359375 0.3234375 0.071875 0.31953125
0 0.9734375 0.37109375 0.05234375 0.33359375