0 0.4984375 0.6640625 0.09296875 0.53984375
0 0.978125 0.165625 0.04296875 0.20078125
0 0.53984375 0.23203125 0.046875 0.271875
0 0.41796875 0.75078125 0.09609375 0.496875
0 0.359375 0.275 0.03984375 0.3109375
0 0.73359375 0.31484375 0.07109375 0.31328125
0 0.39140625 0.32578125 0.04609375 0.34140625
0 0.803125 0.3109375 0.07421875 0.30625
0 0.49765625 0.33515625 0.05546875 0.340625
0 0.46171875 0.290625 0.04765625 0.3140625
0 0.225 0.3125 0.05078125 0.34375
0 0.3828125 0.5703125 0.06875 0.490625