0 0.23046875 0.19609375 0.03828125 0.26875
0 0.38125 0.134375 0.02734375 0.21875
0 0.7109375 0.584375 0.11015625 0.48046875
0 0.29609375 0.3109375 0.04609375 0.33828125
0 0.37265625 0.15234375 0.02890625 0.23046875
0 0.9359375 0.35078125 0.09140625 0.32421875
0 0.5 0.33515625 0.05546875 0.340625
0 0.365625 0.2765625 0.03984375 0.31171875
0 0.196875 0.328125 0.05390625 0.3546875
0 0.5421875 0.23203125 0.046875 0.271875
0 0.82890625 0.26875 0.06953125 0.27890625
0 0.74609375 0.31171875 0.07109375 0.31015625
0 0.27578125 0.175 0.034375 0.2515625
0 0.0890625 0.29453125 0.0578125 0.340625
0 0.684375 0.28359375 0.0625 0.29609375
0 0.38671875 0.328125 0.04609375 0.34296875