0 0.1453125 0.346875 0.06015625 0.36953125
0 0.35546875 0.2765625 0.03984375 0.31171875
0 0.7734375 0.328125 0.07578125 0.31953125
0 0.39296875 0.32890625 0.04609375 0.34296875
0 0.4625 0.29453125 0.0484375 0.31796875
0 0.30234375 0.3140625 0.04609375 0.33984375
0 0.16015625 0.121875 0.034375 0.225
0 0.503125 0.3421875 0.05703125 0.3453125
0 0.88828125 0.18671875 0.05703125 0.22109375
0 0.2109375 0.33515625 0.05390625 0.359375
0 0.25546875 0.42421875 0.059375 0.41171875
0 0.56484375 0.2359375 0.0484375 0.2734375
0 0.834375 0.171875 0.053125 0.2140625