0 0.45703125 0.15 0.0328125 0.22421875
0 0.465625 0.29453125 0.0484375 0.31796875
0 0.38828125 0.1765625 0.03203125 0.2453125
0 0.9875 0.43671875 0.02421875 0.371875
0 0.38359375 0.32265625 0.04453125 0.33984375
0 0.5 0.33515625 0.05546875 0.340625
0 0.359375 0.2734375 0.03984375 0.31015625
0 0.54296875 0.2328125 0.046875 0.2734375
0 0.453125 0.134375 0.03125 0.2140625
0 0.35546875 0.2015625 0.03359375 0.2640625
0 0.91484375 0.3296875 0.0859375 0.3109375
0 0.29609375 0.3109375 0.04609375 0.33828125
0 0.68203125 0.28359375 0.0625 0.29609375
0 0.103125 0.33046875 0.0609375 0.36328125
0 0.2125 0.36484375 0.05703125 0.378125
0 0.65234375 0.56640625 0.10078125 0.4734375
0 0.72109375 0.30625 0.06875 0.309375