0 0.39375 0.33046875 0.04609375 0.34375
0 0.97265625 0.634375 0.05390625 0.490625
0 0.721875 0.15546875 0.0453125 0.21015625
0 0.2953125 0.309375 0.0453125 0.33828125
0 0.75078125 0.1640625 0.04765625 0.21484375
0 0.35390625 0.27421875 0.03984375 0.3109375
0 0.0109375 0.14296875 0.021875 0.2484375
0 0.46015625 0.29140625 0.04765625 0.31484375
0 0.56875 0.23359375 0.0484375 0.271875
0 0.778125 0.33046875 0.0765625 0.3203125
0 0.50234375 0.340625 0.05625 0.34453125
0 0.17109375 0.121875 0.03359375 0.2234375