0 0.91796875 0.3421875 0.08828125 0.31953125
0 0.30078125 0.31015625 0.0453125 0.33671875
0 0.17890625 0.11953125 0.03359375 0.22109375
0 0.39765625 0.3359375 0.046875 0.346875
0 0.865625 0.15 0.05 0.1984375
0 0.5640625 0.234375 0.0484375 0.2734375
0 0.46015625 0.29140625 0.04765625 0.31484375
0 0.3546875 0.27578125 0.03984375 0.31171875
0 0.97421875 0.6328125 0.05078125 0.48984375
0 0.83046875 0.14296875 0.04765625 0.1953125
0 0.778125 0.33046875 0.0765625 0.3203125
0 0.50234375 0.340625 0.05625 0.34453125