0 0.1828125 0.1203125 0.0328125 0.221875
0 0.38359375 0.3359375 0.04609375 0.3484375
0 0.36171875 0.26953125 0.03984375 0.30859375
0 0.04609375 0.653125 0.09140625 0.559375
0 0.4484375 0.29296875 0.04765625 0.31796875
0 0.546875 0.23203125 0.046875 0.271875
0 0.76328125 0.13203125 0.04375 0.19296875
0 0.9625 0.14453125 0.05234375 0.18828125
0 0.03125 0.71953125 0.0625 0.559375
0 0.7671875 0.57265625 0.11484375 0.46953125
0 0.26171875 0.309375 0.04765625 0.33984375
0 0.828125 0.1109375 0.0421875 0.17421875
0 0.78125 0.3359375 0.07734375 0.32421875
0 0.503125 0.34609375 0.05703125 0.346875