0 0.86953125 0.209375 0.0609375 0.23671875
0 0.303125 0.315625 0.04609375 0.340625
0 0.56484375 0.2359375 0.0484375 0.2734375
0 0.1875 0.36796875 0.05859375 0.38046875
0 0.27265625 0.28125 0.04453125 0.3203125
0 0.4640625 0.29609375 0.0484375 0.31875
0 0.1984375 0.27578125 0.04921875 0.321875
0 0.9484375 0.2234375 0.0671875 0.24140625
0 0.16015625 0.121875 0.034375 0.225
0 0.35390625 0.2734375 0.03984375 0.3109375
0 0.39609375 0.334375 0.046875 0.34609375
0 0.7765625 0.33125 0.07578125 0.32109375
0 0.503125 0.3421875 0.05703125 0.3453125