0 0.82890625 0.6359375 0.13359375 0.503125
0 0.25703125 0.146875 0.03203125 0.234375
0 0.50078125 0.33671875 0.05625 0.34140625
0 0.71953125 0.31328125 0.06953125 0.31328125
0 0.6828125 0.28203125 0.0625 0.2953125
0 0.3796875 0.33046875 0.0453125 0.3453125
0 0.4609375 0.2890625 0.04765625 0.3140625
0 0.5390625 0.23125 0.04609375 0.271875
0 0.36171875 0.2734375 0.03984375 0.31015625
0 0.29296875 0.3046875 0.0453125 0.33515625
0 0.75390625 0.10234375 0.03828125 0.1734375
0 0.98203125 0.30546875 0.03515625 0.28984375