0 0.06953125 0.571875 0.09453125 0.5109375
0 0.3921875 0.2625 0.03984375 0.30078125
0 0.8765625 0.165625 0.05390625 0.20703125
0 0.30390625 0.3046875 0.04453125 0.33359375
0 0.18125 0.12109375 0.03359375 0.221875
0 0.65 0.75078125 0.13515625 0.49609375
0 0.4671875 0.37109375 0.05703125 0.365625
0 0.940625 0.22421875 0.0671875 0.24296875
0 0.3890625 0.33046875 0.04609375 0.34453125
0 0.04375 0.6765625 0.0875 0.5734375
0 0.50234375 0.62734375 0.0890625 0.51796875
0 0.978125 0.24140625 0.04296875 0.25
0 0.78203125 0.33359375 0.07734375 0.321875
0 0.475 0.28515625 0.0484375 0.3109375
0 0.58515625 0.31640625 0.06015625 0.3234375
0 0.028125 0.74453125 0.05625 0.50859375