0 0.58125 0.309375 0.05859375 0.31953125
0 0.9296875 0.2359375 0.06875 0.25078125
0 0.13046875 0.715625 0.1046875 0.56796875
0 0.3125 0.30625 0.04453125 0.334375
0 0.46953125 0.28828125 0.04765625 0.31328125
0 0.13203125 0.7609375 0.11875 0.47578125
0 0.0890625 0.640625 0.1 0.55
0 0.3921875 0.33203125 0.046875 0.3453125
0 0.9234375 0.17109375 0.05625 0.20859375
0 0.565625 0.66640625 0.10234375 0.5359375
0 0.45546875 0.3765625 0.05625 0.36953125
0 0.39296875 0.2640625 0.040625 0.303125
0 0.7859375 0.33359375 0.07734375 0.3234375
0 0.984375 0.25234375 0.03046875 0.25625
0 0.190625 0.12109375 0.0328125 0.22109375