0 0.31640625 0.521875 0.0640625 0.46640625
0 0.68203125 0.284375 0.0625 0.296875
0 0.62578125 0.13203125 0.03828125 0.2015625
0 0.5390625 0.23125 0.04609375 0.271875
0 0.38203125 0.334375 0.04609375 0.346875
0 0.29609375 0.31171875 0.04609375 0.3390625
0 0.20703125 0.22578125 0.04296875 0.2890625
0 0.465625 0.2921875 0.0484375 0.315625
0 0.33984375 0.47890625 0.05859375 0.4390625
0 0.153125 0.1765625 0.040625 0.2609375
0 0.49921875 0.34140625 0.05625 0.3453125
0 0.7171875 0.31328125 0.06953125 0.31328125
0 0.071875 0.146875 0.04140625 0.24609375
0 0.6296875 0.16640625 0.04296875 0.22421875
0 0.05859375 0.1609375 0.04453125 0.25625