0 0.29609375 0.3109375 0.04609375 0.33828125
0 0.51953125 0.1734375 0.0390625 0.23515625
0 0.39453125 0.33125 0.046875 0.34453125
0 0.56484375 0.2359375 0.0484375 0.2734375
0 0.4640625 0.29609375 0.0484375 0.31875
0 0.57109375 0.1875 0.04296875 0.24140625
0 0.0671875 0.2 0.0484375 0.28125
0 0.16015625 0.121875 0.034375 0.22421875
0 0.96953125 0.628125 0.06015625 0.48671875
0 0.3546875 0.27578125 0.03984375 0.31171875
0 0.778125 0.33046875 0.0765625 0.3203125
0 0.50234375 0.340625 0.05625 0.34453125