0 0.159375 0.11953125 0.03359375 0.2234375
0 0.33046875 0.246875 0.03828125 0.2953125
0 0.92421875 0.25546875 0.071875 0.26328125
0 0.39453125 0.33125 0.046875 0.34453125
0 0.56484375 0.2359375 0.0484375 0.2734375
0 0.984375 0.2703125 0.03046875 0.26875
0 0.259375 0.23359375 0.040625 0.290625
0 0.4640625 0.29609375 0.0484375 0.31875
0 0.309375 0.3109375 0.04453125 0.33671875
0 0.503125 0.3421875 0.05703125 0.3453125
0 0.14453125 0.3203125 0.05703125 0.35390625
0 0.35390625 0.2734375 0.03984375 0.3109375
0 0.7765625 0.33125 0.07578125 0.32109375