0 0.68515625 0.28515625 0.06328125 0.2984375
0 0.5390625 0.23125 0.04609375 0.271875
0 0.20234375 0.13984375 0.034375 0.23359375
0 0.71875 0.221875 0.05546875 0.2546875
0 0.72265625 0.315625 0.06953125 0.3140625
0 0.38203125 0.334375 0.04609375 0.346875
0 0.29609375 0.31171875 0.04609375 0.3390625
0 0.19453125 0.25078125 0.04609375 0.30546875
0 0.18046875 0.15390625 0.03671875 0.24453125
0 0.3625 0.27890625 0.040625 0.3140625
0 0.465625 0.2921875 0.0484375 0.315625
0 0.6796875 0.17265625 0.04609375 0.225
0 0.603125 0.59296875 0.0984375 0.49140625
0 0.11484375 0.203125 0.04609375 0.28046875
0 0.49921875 0.34140625 0.05625 0.3453125
0 0.6015625 0.56328125 0.09453125 0.47421875