0 0.38984375 0.33203125 0.04609375 0.3453125
0 0.36640625 0.71484375 0.08359375 0.56875
0 0.96015625 0.2859375 0.078125 0.28125
0 0.39453125 0.26328125 0.040625 0.3015625
0 0.3125 0.30625 0.04453125 0.334375
0 0.18984375 0.11953125 0.0328125 0.2203125
0 0.9390625 0.321875 0.0859375 0.30546875
0 0.5828125 0.3109375 0.059375 0.31953125
0 0.45546875 0.3765625 0.05625 0.36953125
0 0.45078125 0.778125 0.11015625 0.44296875
0 0.4890625 0.27890625 0.0484375 0.30546875
0 0.00390625 0.81953125 0.0078125 0.35859375
0 0.7859375 0.33359375 0.07734375 0.3234375