0 0.5390625 0.23125 0.04609375 0.271875
0 0.13671875 0.15625 0.0390625 0.2484375
0 0.6921875 0.20390625 0.0515625 0.24453125
0 0.38203125 0.334375 0.04609375 0.346875
0 0.29609375 0.31171875 0.04609375 0.3390625
0 0.68203125 0.284375 0.0625 0.296875
0 0.465625 0.2921875 0.0484375 0.315625
0 0.2078125 0.23671875 0.04375 0.2953125
0 0.5171875 0.584375 0.0859375 0.490625
0 0.49921875 0.34140625 0.05625 0.3453125
0 0.659375 0.15859375 0.04296875 0.21640625
0 0.125 0.19296875 0.04375 0.2734375
0 0.36484375 0.27890625 0.040625 0.3140625
0 0.52421875 0.5234375 0.0796875 0.45546875
0 0.7171875 0.31328125 0.06953125 0.31328125