0 0.54375 0.23359375 0.04765625 0.2734375
0 0.6234375 0.20078125 0.04765625 0.24609375
0 0.73203125 0.309375 0.06953125 0.31015625
0 0.04453125 0.7234375 0.0890625 0.55078125
0 0.578125 0.1265625 0.0359375 0.2
0 0.521875 0.11875 0.03203125 0.19921875
0 0.675 0.2828125 0.06171875 0.296875
0 0.29765625 0.31640625 0.04609375 0.34140625
0 0.17109375 0.43203125 0.0671875 0.42109375
0 0.28984375 0.478125 0.06171875 0.44140625
0 0.57265625 0.21328125 0.04609375 0.25703125
0 0.37890625 0.33828125 0.04609375 0.35
0 0.496875 0.33125 0.05546875 0.33828125
0 0.584375 0.14296875 0.03828125 0.2109375
0 0.4765625 0.46953125 0.06796875 0.425