0 0.29609375 0.3109375 0.04609375 0.33828125
0 0.60390625 0.18125 0.04375 0.23515625
0 0.39453125 0.33125 0.046875 0.34453125
0 0.56875 0.16875 0.040625 0.2296875
0 0.46015625 0.29140625 0.04765625 0.31484375
0 0.778125 0.33046875 0.0765625 0.3203125
0 0.16015625 0.121875 0.034375 0.22421875
0 0.96953125 0.628125 0.06015625 0.48671875
0 0.35390625 0.27421875 0.03984375 0.3109375
0 0.0390625 0.1859375 0.04921875 0.2734375
0 0.50234375 0.340625 0.05625 0.34453125
0 0.56484375 0.2359375 0.0484375 0.2734375