0 0.496875 0.34140625 0.05625 0.34453125
0 0.440625 0.5421875 0.071875 0.47109375
0 0.8765625 0.48125 0.1109375 0.409375
0 0.92109375 0.56796875 0.13203125 0.45703125
0 0.375 0.3265625 0.0453125 0.34375
0 0.75703125 0.38359375 0.08359375 0.35546875
0 0.684375 0.28671875 0.06328125 0.29921875
0 0.9953125 0.2515625 0.00859375 0.2546875
0 0.46171875 0.28828125 0.04765625 0.31328125
0 0.5421875 0.234375 0.046875 0.27421875
0 0.2875 0.31171875 0.04609375 0.3390625
0 0.7328125 0.31796875 0.07109375 0.315625
0 0.09140625 0.16171875 0.0421875 0.2546875
0 0.359375 0.275 0.03984375 0.3109375