0 0.98125 0.12109375 0.0359375 0.17109375
0 0.24296875 0.31328125 0.04921875 0.34296875
0 0.17890625 0.11953125 0.03359375 0.221875
0 0.97578125 0.6359375 0.04765625 0.490625
0 0.35390625 0.2734375 0.03984375 0.3109375
0 0.459375 0.290625 0.04765625 0.31484375
0 0.559375 0.234375 0.0484375 0.271875
0 0.52109375 0.18828125 0.03984375 0.2453125
0 0.7765625 0.32890625 0.0765625 0.31953125
0 0.50078125 0.3390625 0.05625 0.34375
0 0.990625 0.1296875 0.01796875 0.17578125
0 0.39140625 0.334375 0.046875 0.346875