0 0.49609375 0.33671875 0.05546875 0.34296875
0 0.87890625 0.3875 0.09375 0.35078125
0 0.384375 0.3375 0.04609375 0.34921875
0 0.5375 0.23359375 0.046875 0.27421875
0 0.465625 0.29453125 0.0484375 0.31796875
0 0.68203125 0.28359375 0.0625 0.29609375
0 0.56875 0.48125 0.07890625 0.4265625
0 0.3671875 0.27109375 0.03984375 0.30859375
0 0.340625 0.4375 0.0546875 0.4140625
0 0.7203125 0.315625 0.06953125 0.3140625
0 0.14375 0.14921875 0.03828125 0.24296875
0 0.28515625 0.30546875 0.04609375 0.33515625
0 0.9546875 0.42109375 0.0890625 0.365625