0 0.51484375 0.75625 0.11484375 0.48515625
0 0.46171875 0.37734375 0.05703125 0.36953125
0 0.17421875 0.121875 0.03359375 0.2234375
0 0.78359375 0.3359375 0.07734375 0.32421875
0 0.9625 0.14765625 0.053125 0.18984375
0 0.13984375 0.14140625 0.0375 0.2390625
0 0.2546875 0.2921875 0.04609375 0.32890625
0 0.4375 0.69921875 0.08828125 0.56328125
0 0.384375 0.33203125 0.04609375 0.34609375
0 0.38125 0.26171875 0.0390625 0.30078125
0 0.58125 0.27265625 0.0546875 0.2953125
0 0.4515625 0.296875 0.04765625 0.31953125