0 0.68203125 0.284375 0.0625 0.296875
0 0.490625 0.1484375 0.034375 0.22109375
0 0.3015625 0.31171875 0.04609375 0.33828125
0 0.50234375 0.334375 0.05546875 0.33984375
0 0.21015625 0.384375 0.05859375 0.3890625
0 0.41015625 0.2015625 0.03515625 0.2609375
0 0.09765625 0.3640625 0.065625 0.38359375
0 0.5421875 0.23203125 0.046875 0.271875
0 0.4625 0.29453125 0.0484375 0.31796875
0 0.4921875 0.134375 0.0328125 0.2109375
0 0.4453125 0.178125 0.03515625 0.24375
0 0.61953125 0.54921875 0.09375 0.46484375
0 0.72734375 0.31171875 0.06953125 0.31171875
0 0.3609375 0.2765625 0.03984375 0.31171875
0 0.95859375 0.36875 0.08125 0.33359375