0 0.7140625 0.328125 0.06484375 0.296875
0 0.30234375 0.33046875 0.05546875 0.3265625
0 0.2078125 0.240625 0.05234375 0.2640625
0 0.503125 0.3578125 0.06796875 0.325
0 0.17265625 0.14296875 0.04765625 0.22890625
0 0.45625 0.3125 0.0515625 0.31796875
0 0.6828125 0.2890625 0.04765625 0.303125
0 0.3890625 0.35546875 0.0703125 0.33203125
0 0.5453125 0.24375 0.05390625 0.26796875
0 0.45703125 0.10078125 0.0359375 0.13828125
0 0.3640625 0.2765625 0.06328125 0.31171875
0 0.58828125 0.12265625 0.0359375 0.20625
0 0.94453125 0.103125 0.03359375 0.12578125
0 0.37890625 0.05859375 0.0234375 0.1171875
0 0.18125 0.8359375 0.175 0.3234375
0 0.559375 0.07265625 0.02109375 0.12890625
0 0.540625 0.053125 0.0203125 0.10625
0 0.253125 0.8140625 0.17109375 0.365625
0 0.01171875 0.1234375 0.0234375 0.2
0 0.8125 0.10546875 0.02578125 0.115625
0 0.9828125 0.06640625 0.025 0.09921875
0 0.6125 0.11640625 0.02734375 0.153125
0 0.72109375 0.06875 0.02578125 0.11796875
0 0.675 0.1 0.034375 0.13125
0 0.62578125 0.11171875 0.028125 0.15546875
0 0.6984375 0.06796875 0.021875 0.11953125