0 0.46015625 0.128125 0.03046875 0.209375
0 0.6421875 0.134375 0.03984375 0.2015625
0 0.2390625 0.4734375 0.065625 0.44140625
0 0.4640625 0.29375 0.0484375 0.31640625
0 0.67734375 0.23359375 0.05546875 0.26484375
0 0.3484375 0.540625 0.06484375 0.47578125
0 0.37578125 0.33359375 0.04609375 0.346875
0 0.296875 0.30703125 0.0453125 0.3359375
0 0.5 0.33515625 0.05546875 0.340625
0 0.73984375 0.225 0.05703125 0.25546875
0 0.54296875 0.2328125 0.046875 0.2734375
0 0.359375 0.275 0.03984375 0.3109375
0 0.675 0.2828125 0.06171875 0.296875
0 0.628125 0.11953125 0.03671875 0.19296875
0 0.20625 0.74375 0.10390625 0.5109375
0 0.73359375 0.31640625 0.07109375 0.3140625
0 0.41953125 0.43203125 0.05859375 0.40546875