0 0.24296875 0.31328125 0.04921875 0.34296875
0 0.959375 0.1234375 0.0484375 0.175
0 0.97578125 0.6359375 0.04765625 0.490625
0 0.5765625 0.2046875 0.0453125 0.2515625
0 0.17890625 0.11953125 0.03359375 0.221875
0 0.35390625 0.27421875 0.03984375 0.3109375
0 0.778125 0.33046875 0.0765625 0.3203125
0 0.459375 0.290625 0.04765625 0.31484375
0 0.559375 0.234375 0.0484375 0.271875
0 0.50078125 0.3390625 0.05625 0.34375
0 0.9796875 0.1328125 0.03984375 0.17890625
0 0.39609375 0.334375 0.046875 0.34609375