0 0.40625 0.51171875 0.06484375 0.45546875
0 0.54140625 0.2328125 0.046875 0.2734375
0 0.13046875 0.803125 0.1328125 0.39296875
0 0.2796875 0.32890625 0.0484375 0.35
0 0.3875 0.33359375 0.04609375 0.346875
0 0.40078125 0.4359375 0.05703125 0.409375
0 0.36171875 0.2734375 0.03984375 0.31015625
0 0.4703125 0.6859375 0.09140625 0.553125
0 0.72734375 0.31171875 0.06953125 0.31171875
0 0.2796875 0.1390625 0.03046875 0.228125
0 0.8578125 0.3015625 0.07734375 0.2984375
0 0.46875 0.2890625 0.0484375 0.3140625
0 0.9375 0.32265625 0.0859375 0.30625
0 0.6828125 0.28203125 0.0625 0.2953125
0 0.49921875 0.33359375 0.05546875 0.33984375