0 0.3890625 0.33671875 0.04609375 0.34921875
0 0.72890625 0.32421875 0.071875 0.31953125
0 0.28828125 0.31328125 0.04609375 0.33984375
0 0.50078125 0.3390625 0.05625 0.34375
0 0.990625 0.6859375 0.01796875 0.51796875
0 0.19765625 0.146875 0.03515625 0.23828125
0 0.46171875 0.28828125 0.04765625 0.31328125
0 0.3546875 0.27890625 0.03984375 0.3140625
0 0.5421875 0.234375 0.046875 0.27421875
0 0.9921875 0.3640625 0.01484375 0.32578125
0 0.68671875 0.278125 0.06171875 0.29296875
0 0.97578125 0.28671875 0.046875 0.27890625
0 0.8609375 0.6046875 0.13203125 0.48359375