0 0.98828125 0.178125 0.02265625 0.20859375
0 0.6671875 0.1703125 0.0453125 0.22421875
0 0.68984375 0.165625 0.04609375 0.21953125
0 0.8296875 0.09921875 0.040625 0.16640625
0 0.43828125 0.1078125 0.02734375 0.196875
0 0.50234375 0.24140625 0.0453125 0.28046875
0 0.92734375 0.171875 0.05703125 0.20859375
0 0.9234375 0.10625 0.04453125 0.16484375
0 0.0453125 0.1140625 0.03984375 0.22578125
0 0.9796875 0.21875 0.0390625 0.23515625
0 0.38671875 0.11328125 0.02578125 0.20390625
0 0.63671875 0.10546875 0.03515625 0.18359375
0 0.54453125 0.271875 0.05234375 0.2984375
0 0.8578125 0.09296875 0.03984375 0.16015625