0 0.68515625 0.28515625 0.06328125 0.2984375
0 0.5625 0.10703125 0.0328125 0.1890625
0 0.46953125 0.296875 0.04921875 0.31875
0 0.1234375 0.3875 0.06640625 0.396875
0 0.50859375 0.18359375 0.0390625 0.24375
0 0.49609375 0.33359375 0.05546875 0.33984375
0 0.53046875 0.146875 0.0359375 0.21796875
0 0.3015625 0.31171875 0.04609375 0.33828125
0 0.54296875 0.23515625 0.04765625 0.27421875
0 0.52109375 0.13359375 0.034375 0.20859375
0 0.728125 0.3140625 0.0703125 0.31328125
0 0.234375 0.4140625 0.06015625 0.40546875
0 0.46796875 0.20390625 0.0390625 0.259375
0 0.9875 0.403125 0.02421875 0.35078125
0 0.36171875 0.2734375 0.03984375 0.31015625
0 0.56796875 0.53046875 0.08515625 0.45703125
0 0.37890625 0.33359375 0.0453125 0.346875
0 0.0484375 0.7796875 0.096875 0.4375