0 0.81328125 0.128125 0.04453125 0.18671875
0 0.1828125 0.1203125 0.0328125 0.221875
0 0.38359375 0.3359375 0.04609375 0.3484375
0 0.85546875 0.10859375 0.04296875 0.1703125
0 0.36171875 0.26953125 0.03984375 0.30859375
0 0.4484375 0.29296875 0.04765625 0.31796875
0 0.546875 0.23203125 0.046875 0.271875
0 0.7671875 0.66875 0.13046875 0.52578125
0 0.24765625 0.73359375 0.0953125 0.53046875
0 0.96171875 0.12421875 0.0484375 0.175
0 0.26171875 0.309375 0.04765625 0.33984375
0 0.78125 0.3359375 0.07734375 0.32421875
0 0.503125 0.34609375 0.05703125 0.346875