0 0.3921875 0.2625 0.03984375 0.30078125
0 0.78359375 0.33203125 0.07734375 0.321875
0 0.30390625 0.3046875 0.04453125 0.33359375
0 0.97734375 0.1734375 0.04453125 0.20625
0 0.17578125 0.11953125 0.03359375 0.221875
0 0.60859375 0.1578125 0.04140625 0.21953125
0 0.58046875 0.3109375 0.05859375 0.3203125
0 0.03046875 0.52421875 0.06015625 0.48515625
0 0.475 0.28515625 0.0484375 0.3109375
0 0.38828125 0.32890625 0.04609375 0.34375
0 0.4703125 0.37578125 0.05703125 0.36796875
0 0.0203125 0.6328125 0.040625 0.55078125