0 0.29609375 0.3109375 0.04609375 0.33828125
0 0.45078125 0.20859375 0.03828125 0.26328125
0 0.1171875 0.25390625 0.05078125 0.31328125
0 0.40625 0.196875 0.03515625 0.25859375
0 0.39453125 0.33125 0.046875 0.34453125
0 0.159375 0.12109375 0.03359375 0.2234375
0 0.775 0.3296875 0.07578125 0.3203125
0 0.9921875 0.3484375 0.01484375 0.31640625
0 0.4640625 0.29609375 0.0484375 0.31875
0 0.503125 0.3421875 0.05703125 0.3453125
0 0.3546875 0.27578125 0.03984375 0.31171875
0 0.56484375 0.2359375 0.0484375 0.2734375
0 0.97890625 0.61328125 0.04140625 0.478125