0 0.29609375 0.3109375 0.04609375 0.33828125
0 0.09765625 0.2328125 0.05 0.30078125
0 0.159375 0.12109375 0.03359375 0.2234375
0 0.39453125 0.33125 0.046875 0.34453125
0 0.775 0.3296875 0.07578125 0.3203125
0 0.4640625 0.29609375 0.0484375 0.31875
0 0.97890625 0.61328125 0.04140625 0.478125
0 0.49296875 0.20078125 0.03984375 0.25546875
0 0.503125 0.3421875 0.05703125 0.3453125
0 0.46015625 0.1875 0.03671875 0.24921875
0 0.3546875 0.27578125 0.03984375 0.31171875
0 0.56484375 0.2359375 0.0484375 0.2734375