0 0.26484375 0.31171875 0.04765625 0.340625
0 0.7609375 0.11640625 0.04140625 0.18203125
0 0.1828125 0.11953125 0.03359375 0.22109375
0 0.45703125 0.290625 0.04765625 0.31484375
0 0.97109375 0.16953125 0.05703125 0.20390625
0 0.3796875 0.32890625 0.0453125 0.34453125
0 0.51328125 0.334375 0.05703125 0.33984375
0 0.553125 0.23359375 0.04765625 0.271875
0 0.8015625 0.52421875 0.1109375 0.4390625
0 0.3546875 0.27578125 0.03984375 0.31171875
0 0.73125 0.13828125 0.04375 0.19921875
0 0.77421875 0.3328125 0.0765625 0.3234375