0 0.39375 0.33046875 0.04609375 0.34375
0 0.29609375 0.31171875 0.04609375 0.3390625
0 0.02578125 0.1609375 0.04765625 0.25859375
0 0.46015625 0.29140625 0.04765625 0.31484375
0 0.6484375 0.1625 0.04375 0.21953125
0 0.16015625 0.121875 0.034375 0.22421875
0 0.56875 0.23359375 0.0484375 0.271875
0 0.35390625 0.27421875 0.03984375 0.3109375
0 0.6859375 0.17109375 0.04609375 0.22421875
0 0.778125 0.33046875 0.0765625 0.3203125
0 0.50234375 0.340625 0.05625 0.34453125
0 0.97421875 0.63671875 0.05078125 0.49296875