0 0.3578125 0.275 0.03984375 0.3109375
0 0.20703125 0.22578125 0.04296875 0.2890625
0 0.68203125 0.284375 0.0625 0.296875
0 0.60859375 0.121875 0.03671875 0.1953125
0 0.5390625 0.23125 0.04609375 0.271875
0 0.38203125 0.334375 0.04609375 0.346875
0 0.29609375 0.31171875 0.04609375 0.3390625
0 0.465625 0.2921875 0.0484375 0.315625
0 0.61171875 0.153125 0.03984375 0.21640625
0 0.7171875 0.3140625 0.06953125 0.3140625
0 0.1515625 0.16875 0.03984375 0.25546875
0 0.21796875 0.46328125 0.06640625 0.43671875
0 0.01953125 0.16328125 0.0390625 0.2609375
0 0.17265625 0.5234375 0.0765625 0.4765625
0 0.49921875 0.34140625 0.05625 0.3453125
0 0.02890625 0.1515625 0.04609375 0.25078125