0 0.18125 0.553125 0.07890625 0.49296875
0 0.3921875 0.2625 0.03984375 0.30078125
0 0.30390625 0.3046875 0.04453125 0.33359375
0 0.18125 0.12109375 0.03359375 0.221875
0 0.9890625 0.20625 0.02109375 0.22578125
0 0.97265625 0.1859375 0.05390625 0.21484375
0 0.58046875 0.3109375 0.05859375 0.3203125
0 0.2515625 0.6171875 0.07890625 0.5265625
0 0.78203125 0.33359375 0.07734375 0.321875
0 0.475 0.28515625 0.0484375 0.3109375
0 0.69921875 0.15859375 0.0453125 0.21484375
0 0.4703125 0.37578125 0.05703125 0.36796875
0 0.38828125 0.32890625 0.04609375 0.34375