0 0.32578125 0.44453125 0.05625 0.41875
0 0.68203125 0.284375 0.0625 0.296875
0 0.940625 0.44453125 0.11015625 0.38203125
0 0.49375 0.340625 0.05546875 0.34453125
0 0.365625 0.27578125 0.03984375 0.31171875
0 0.5375 0.23359375 0.046875 0.27421875
0 0.46328125 0.28671875 0.04765625 0.31171875
0 0.37890625 0.33828125 0.04609375 0.35
0 0.28984375 0.30546875 0.04609375 0.334375
0 0.13203125 0.1515625 0.03828125 0.2453125
0 0.8734375 0.40546875 0.09609375 0.36171875
0 0.59765625 0.4484375 0.078125 0.40546875
0 0.7171875 0.31328125 0.06953125 0.31328125