0 0.165625 0.12109375 0.03359375 0.2234375
0 0.38359375 0.2640625 0.03984375 0.303125
0 0.384375 0.33203125 0.04609375 0.34609375
0 0.78359375 0.3359375 0.07734375 0.32421875
0 0.9671875 0.109375 0.04609375 0.1640625
0 0.4640625 0.375 0.05703125 0.36875
0 0.753125 0.58828125 0.11640625 0.4796875
0 0.053125 0.734375 0.10625 0.5296875
0 0.040625 0.121875 0.04140625 0.23203125
0 0.5625 0.24453125 0.05 0.27890625
0 0.66171875 0.52578125 0.09609375 0.4484375
0 0.4515625 0.296875 0.04765625 0.31953125
0 0.23203125 0.26484375 0.0453125 0.31328125